       0.02250000               3.8562227587237170              2.6286977724162490             10.3310039856591285             25.8275099641478292              1.3999999999999999              1.3999999999999999
       0.06750000               3.8559411331583555              2.6285613347854651             10.3300982076996863             25.8252455192492185              1.3999999999999999              1.3999999999999999
       0.11250000               3.8558875785991589              2.6285362457159018             10.3297442930083747             25.8243607325209403              1.3999999999999999              1.3999999999999999
       0.15750000               3.8565932569513368              2.6289267018991325             10.3321540917994295             25.8303852294985816              1.3999999999999999              1.3999999999999999
       0.20250000               3.8559937379269442              2.6285637822170940             10.3301883430677623             25.8254708576694156              1.3999999999999999              1.3999999999999999
       0.24750000               3.8560508972254888              2.6286162272494091             10.3302752855207949             25.8256882138019890              1.3999999999999999              1.3999999999999999
       0.29250000               3.8560121367398694              2.6287039664720564             10.3298250187112473             25.8245625467781252              1.3999999999999999              1.3999999999999999
       0.33750000               3.8567694757206215              2.6291115660252080             10.3332134980637793             25.8330337451594545              1.3999999999999999              1.3999999999999999
       0.38250000               3.8558837453262869              2.6285541677039812             10.3295901658855254             25.8239754147138179              1.3999999999999999              1.3999999999999999
       0.42750000               3.8563608885039713              2.6286923027616904             10.3308299963371599             25.8270749908429096              1.3999999999999999              1.3999999999999999
       0.47250000               3.8559891361791627              2.6286262878140847             10.3301528442569452             25.8253821106423658              1.3999999999999999              1.3999999999999999
       0.51750000               3.8559072460496302              2.6287308069359492             10.3299506585684284             25.8248766464210782              1.3999999999999999              1.3999999999999999
       0.56250000               3.8559957787865073              2.6285681962953462             10.3301610598130278             25.8254026495325775              1.3999999999999999              1.3999999999999999
       0.60750000               3.8563897555456736              2.6287876016084399             10.3317025532294284             25.8292563830735773              1.3999999999999999              1.3999999999999999
       0.65250000               3.8560457229039984              2.6286932056026591             10.3303230412410585             25.8258076031026533              1.3999999999999999              1.3999999999999999
       0.69750000               3.8563175639907450              2.6285945785254619             10.3310401453512561             25.8276003633781457              1.3999999999999999              1.3999999999999999
       0.74250000               3.8564419965037535              2.6287225645066741             10.3319668389758306             25.8299170974395835              1.3999999999999999              1.3999999999999999
       0.78750000               3.8568095115544878              2.6288104112198005             10.3326289956225548             25.8315724890563914              1.3999999999999999              1.3999999999999999
       0.83250000               3.8562634784599985              2.6286121188567257             10.3308272591173527             25.8270681477933906              1.3999999999999999              1.3999999999999999
       0.87750000               3.8554852584860568              2.6283106052974143             10.3287617525962254             25.8219043814905689              1.3999999999999999              1.3999999999999999
       0.92250000               3.8564772307019441              2.6288413067028031             10.3321201234964768             25.8303003087411938              1.3999999999999999              1.3999999999999999
       0.96750000               3.8555701766033872              2.6284699958424480             10.3286351351920835             25.8215878379802177              1.3999999999999999              1.3999999999999999
       1.01250000               3.8564401299948194              2.6289412116620947             10.3316932804879933             25.8292332012199886              1.3999999999999999              1.3999999999999999
       1.05750000               3.8560862124279529              2.6288394413437932             10.3305277402619886             25.8263193506549769              1.3999999999999999              1.3999999999999999
       1.10250000               3.8559690853633168              2.6287719813862775             10.3297095863756940             25.8242739659392413              1.3999999999999999              1.3999999999999999
       1.14750000               3.8564208881838451              2.6290438354477867             10.3313646125738963             25.8284115314347460              1.3999999999999999              1.3999999999999999
       1.19250000               3.8558464361487141              2.6288021918124631             10.3293662628779774             25.8234156571949498              1.3999999999999999              1.3999999999999999
       1.23750000               3.8558211659361938              2.6289100339686593             10.3296961737250061             25.8242404343125216              1.3999999999999999              1.3999999999999999
       1.28250000               3.8561388851789604              2.6291013740472544             10.3309390175911666             25.8273475439779219              1.3999999999999999              1.3999999999999999
       1.32750000               3.8555989514005842              2.6288877174816085             10.3286458390520117             25.8216145976300311              1.3999999999999999              1.3999999999999999
       1.37250000               3.8555030709120777              2.6288895331308644             10.3281837745152760             25.8204594362881963              1.3999999999999999              1.3999999999999999
       1.41750000               3.8554278821171244              2.6290045288329447             10.3276361770756466             25.8190904426891237              1.3999999999999999              1.3999999999999999
       1.46250000               3.8552951759572749              2.6292777617610099             10.3275719691429479             25.8189299228573788              1.3999999999999999              1.3999999999999999
       1.50750000               3.8541715051754353              2.6293628838504204             10.3233458448811710             25.8083646122029329              1.3999999999999999              1.3999999999999999
       1.55250000               3.8536511306890882              2.6303789361810814             10.3208383550246072             25.8020958875615207              1.3999999999999999              1.3999999999999999
       1.59750000               3.8497158017640087              2.6313650336212913             10.3065969614025494             25.7664924035063798              1.3999999999999999              1.3999999999999999
       1.64250000               3.8441577313848994              2.6345969339038020             10.2856184035441629             25.7140460088604108              1.3999999999999999              1.3999999999999999
       1.68750000               3.8334023288630221              2.6407369474505211             10.2455078518580915             25.6137696296452333              1.3999999999999999              1.3999999999999999
       1.73250000               3.8117076017366580              2.6505877563288580             10.1643104693210145             25.4107761733025441              1.3999999999999999              1.3999999999999999
       1.77750000               3.7790552822187782              2.6678952221500931             10.0422888775140731             25.1057221937851907              1.3999999999999999              1.3999999999999999
       1.82250000               3.7415399374339944              2.6870001243401105              9.9035137165275948             24.7587842913189888              1.3999999999999999              1.3999999999999999
       1.86750000               3.7214378667676415              2.6976620247060432              9.8291815969540934             24.5729539923852371              1.3999999999999999              1.3999999999999999
       1.91250000               3.7376568550432778              2.6884327935929613              9.8888406716667880             24.7221016791669754              1.3999999999999999              1.3999999999999999
       1.95750000               3.8683054179377132              2.6223980709429773             10.3775664609569986             25.9439161523925037              1.3999999999999999              1.3999999999999999
       2.00250000               4.0243388669673621              2.5455428138412839             10.9679919156585459             27.4199797891463710              1.3999999999999999              1.3999999999999999
       2.04750000               4.0576480601139338              2.5290126638392367             11.0957551338745688             27.7393878346864255              1.3999999999999999              1.3999999999999999
       2.09250000               4.0518659168936173              2.5324233039043005             11.0736831523933894             27.6842078809834788              1.3999999999999999              1.3999999999999999
       2.13750000               4.0345394317127505              2.5404867068355341             11.0069462298805369             27.5173655747013477              1.3999999999999999              1.3999999999999999
       2.18250000               4.0118323276804562              2.5512840753120654             10.9206404917669584             27.3016012294174040              1.3999999999999999              1.3999999999999999
       2.22750000               3.9880384523092967              2.5637485274187606             10.8297180010801668             27.0742950027004241              1.3999999999999999              1.3999999999999999
       2.27250000               3.9614545266875600              2.5756954929595555             10.7294171510062988             26.8235428775157558              1.3999999999999999              1.3999999999999999
       2.31750000               3.9364424458471583              2.5883146237323120             10.6344433234163187             26.5861083085408012              1.3999999999999999              1.3999999999999999
       2.36250000               3.9117445483688869              2.6013344211907268             10.5414761718766616             26.3536904296916603              1.3999999999999999              1.3999999999999999
       2.40750000               3.8845223068422885              2.6139928736558531             10.4386492590060058             26.0966231475150217              1.3999999999999999              1.3999999999999999
       2.45250000               3.8570809513790039              2.6283079759748316             10.3358033884736429             25.8395084711841143              1.3999999999999999              1.3999999999999999
       2.49750000               3.8272810308019394              2.6430682323075967             10.2237935343861928             25.5594838359654872              1.3999999999999999              1.3999999999999999
       2.54250000               3.7966963890022716              2.6585998610965795             10.1100426438608260             25.2751066096520702              1.3999999999999999              1.3999999999999999
       2.58750000               3.7665855630959242              2.6744219149488573              9.9975026899234400             24.9937567248086054              1.3999999999999999              1.3999999999999999
       2.63250000               3.7359947754490745              2.6890110513859096              9.8840756231357734             24.7101890578394396              1.3999999999999999              1.3999999999999999
       2.67750000               3.7100719157486490              2.7034664646328177              9.7881834666906062             24.4704586667265218              1.3999999999999999              1.3999999999999999
       2.72250000               3.6847397726079043              2.7164205773218861              9.6942218131625015             24.2355545329062601              1.3999999999999999              1.3999999999999999
       2.76750000               3.6581333082766925              2.7299732327028163              9.5973747581714832             23.9934368954287152              1.3999999999999999              1.3999999999999999
       2.81250000               3.6347755323876143              2.7425375024538834              9.5115766595260389             23.7789416488150991              1.3999999999999999              1.3999999999999999
       2.85750000               3.6253323944048228              2.7470855942725256              9.4766284124693936             23.6915710311734884              1.3999999999999999              1.3999999999999999
       2.90250000               3.6469459463874889              2.7355385572954658              9.5556149198757971             23.8890372996894982              1.3999999999999999              1.3999999999999999
       2.94750000               3.7787167371064347              2.6679549335601864             10.0450385442077348             25.1125963605193405              1.3999999999999999              1.3999999999999999
       2.99250000               3.9971784090216174              2.5580202703737940             10.8662508100473101             27.1656270251182796              1.3999999999999999              1.3999999999999999
       3.03750000               4.0641861651977651              2.5254062988283188             11.1235034549931608             27.8087586374829101              1.3999999999999999              1.3999999999999999
       3.08250000               4.0648169089296493              2.5254362736037028             11.1259402442663067             27.8148506106657720              1.3999999999999999              1.3999999999999999
       3.12750000               4.0516010159127029              2.5321747636152923             11.0749918249264567             27.6874795623161489              1.3999999999999999              1.3999999999999999
       3.17250000               4.0305995552061757              2.5417863394566504             10.9941237712881499             27.4853094282203827              1.3999999999999999              1.3999999999999999
       3.21750000               4.0071997961867147              2.5534556702011075             10.9049623432424916             27.2624058581062343              1.3999999999999999              1.3999999999999999
       3.26250000               3.9818577951378655              2.5657761830420127             10.8079384769334474             27.0198461923336239              1.3999999999999999              1.3999999999999999
       3.30750000               3.9550618104304989              2.5790040830482290             10.7066940098739511             26.7667350246848841              1.3999999999999999              1.3999999999999999
       3.35250000               3.9269573019690176              2.5929706916862973             10.6001095858048302             26.5002739645120791              1.3999999999999999              1.3999999999999999
       3.39750000               3.8976389053543761              2.6075572362159107             10.4895777518221678             26.2239443795554230              1.3999999999999999              1.3999999999999999
       3.44250000               3.8678274196810376              2.6226386984091925             10.3768387501765869             25.9420968754414716              1.3999999999999999              1.3999999999999999
       3.48750000               3.8369265899807452              2.6381500460862606             10.2614313252396698             25.6535783130991817              1.3999999999999999              1.3999999999999999
       3.53250000               3.8048427562450353              2.6540571912624142             10.1414578732986875             25.3536446832467277              1.3999999999999999              1.3999999999999999
       3.57750000               3.7725473135042096              2.6708282236377516             10.0210950231242304             25.0527375578105804              1.3999999999999999              1.3999999999999999
       3.62250000               3.7392067298188958              2.6870344767558128              9.8970645606133516             24.7426614015333826              1.3999999999999999              1.3999999999999999
       3.66750000               3.7094950685060182              2.7034625007489996              9.7869918465141588             24.4674796162854022              1.3999999999999999              1.3999999999999999
       3.71250000               3.6807535115714636              2.7176943903467410              9.6808816510190425             24.2022041275476099              1.3999999999999999              1.3999999999999999
       3.75750000               3.6552783419135504              2.7311010767606416              9.5872333582130889             23.9680833955327230              1.3999999999999999              1.3999999999999999
       3.80250000               3.6345541060152216              2.7423755034825863              9.5110472164085600             23.7776180410214053              1.3999999999999999              1.3999999999999999
       3.84750000               3.6254297193051901              2.7476760505416142              9.4771492011420033             23.6928730028550163              1.3999999999999999              1.3999999999999999
       3.89250000               3.6374637265379044              2.7408871681144973              9.5212559753976649             23.8031399384941658              1.3999999999999999              1.3999999999999999
       3.93750000               3.7109035942676623              2.7029759263941981              9.7921146978107831             24.4802867445269605              1.3999999999999999              1.3999999999999999
       3.98250000               3.9042014560499907              2.6032878406643127             10.5140023410408538             26.2850058526021400              1.3999999999999999              1.3999999999999999
       4.02750000               4.0262161716481248              2.5441332113774755             10.9768959861906215             27.4422399654765634              1.3999999999999999              1.3999999999999999
       4.07250000               4.0548742685226591              2.5304117266739552             11.0864658619390291             27.7161646548475815              1.3999999999999999              1.3999999999999999
       4.11750000               4.0620742283411309              2.5269256975428322             11.1135411366950976             27.7838528417377510              1.3999999999999999              1.3999999999999999
       4.16250000               4.0580848993960865              2.5291769811181615             11.0979273240337424             27.7448183100843622              1.3999999999999999              1.3999999999999999
       4.20750000               4.0428446173317711              2.5357849061617426             11.0394189264393745             27.5985473160984469              1.3999999999999999              1.3999999999999999
       4.25250000               4.0196921349887802              2.5470633058298606             10.9506666564045503             27.3766666410113793              1.3999999999999999              1.3999999999999999
       4.29750000               3.9918250706341953              2.5616591327489138             10.8446238912019197             27.1115597280048064              1.3999999999999999              1.3999999999999999
       4.34250000               3.9601391174638758              2.5766267649578194             10.7244270231307759             26.8110675578269451              1.3999999999999999              1.3999999999999999
       4.38750000               3.9281940386597145              2.5926252471937810             10.6031674959555939             26.5079187398889893              1.3999999999999999              1.3999999999999999
       4.43250000               3.8928169872739806              2.6099801178835742             10.4698056362627003             26.1745140906567570              1.3999999999999999              1.3999999999999999
       4.47750000               3.8539581824834213              2.6295363382176049             10.3235345615330516             25.8088364038326397              1.3999999999999999              1.3999999999999999
       4.52250000               3.8132643938624100              2.6498727928555628             10.1714167675829543             25.4285419189573929              1.3999999999999999              1.3999999999999999
       4.56750000               3.7739673832933867              2.6700994683060588             10.0247519560066785             25.0618798900167050              1.3999999999999999              1.3999999999999999
       4.61250000               3.7353399780245105              2.6901349034359110              9.8811536324848603             24.7028840812121544              1.3999999999999999              1.3999999999999999
       4.65750000               3.6970164615712533              2.7101534544553192              9.7390101448025064             24.3475253620062730              1.3999999999999999              1.3999999999999999
       4.70250000               3.6609217460742038              2.7285475919443081              9.6053332460416119             24.0133331151040323              1.3999999999999999              1.3999999999999999
       4.74750000               3.6329908550826224              2.7435750795070977              9.5015621055479933             23.7539052638699886              1.3999999999999999              1.3999999999999999
       4.79250000               3.6172139501415885              2.7522651905048878              9.4422153413783665             23.6055383534459189              1.3999999999999999              1.3999999999999999
       4.83750000               3.6188551449815782              2.7519144238958018              9.4481666838313156             23.6204167095782935              1.3999999999999999              1.3999999999999999
       4.88250000               3.6481936026571482              2.7349646311150084              9.5589804050853679             23.8974510127134216              1.3999999999999999              1.3999999999999999
       4.92750000               3.7334504709872638              2.6894567924731447              9.8833199246278003             24.7082998115695069              1.3999999999999999              1.3999999999999999
       4.97250000               3.8399018850326065              2.6322588150506379             10.3021189024272619             25.7552972560681610              1.3999999999999999              1.3999999999999999
       5.01750000               3.9273950337069552              2.5813078057655701             10.6851487805262018             26.7128719513155133              1.3999999999999999              1.3999999999999999
       5.06250000               3.9788983338647528              2.5438562278837868             10.9751534366024242             27.4378835915060648              1.3999999999999999              1.3999999999999999
       5.10750000               3.9944470239497760              2.5241792177403020             11.1270391714941219             27.8175979287353101              1.3999999999999999              1.3999999999999999
       5.15250000               3.9870515544760377              2.5205403778559048             11.1497975314810684             27.8744938287026791              1.3999999999999999              1.3999999999999999
       5.19750000               3.9824406968464254              2.5245279923790607             11.1187795226242070             27.7969488065605255              1.3999999999999999              1.3999999999999999
       5.24250000               4.0015580823271524              2.5325054318471643             11.0591533526211858             27.6478833815529725              1.3999999999999999              1.3999999999999999
       5.28750000               4.0380909850854012              2.5437688186805927             10.9723277549386342             27.4308193873465953              1.3999999999999999              1.3999999999999999
       5.33250000               4.0507709188767160              2.5592712532010031             10.8438925429793898             27.1097313574484815              1.3999999999999999              1.3999999999999999
       5.37750000               4.0054176684099181              2.5793004579949570             10.6916946026642528             26.7292365066606372              1.3999999999999999              1.3999999999999999
       5.42250000               3.9222086388781561              2.5997144048348679             10.5355834748882558             26.3389586872206429              1.3999999999999999              1.3999999999999999
       5.46750000               3.8345006897634262              2.6208486361973597             10.3881043630833130             25.9702609077082869              1.3999999999999999              1.3999999999999999
       5.51250000               3.7598946833310740              2.6429981745076341             10.2210525890807613             25.5526314727019113              1.3999999999999999              1.3999999999999999
       5.55750000               3.7241898981787571              2.6679502228273186             10.0440160754972876             25.1100401887432270              1.3999999999999999              1.3999999999999999
       5.60250000               3.7388957753477765              2.6929778088948955              9.8718993205465200             24.6797483013663026              1.3999999999999999              1.3999999999999999
       5.64750000               3.7647804692422966              2.7148900715442554              9.7174020998259465             24.2935052495648733              1.3999999999999999              1.3999999999999999
       5.69250000               3.7678877562975175              2.7331386354407110              9.5909901908800581             23.9774754772001515              1.3999999999999999              1.3999999999999999
       5.73750000               3.7114776079691874              2.7467657960442660              9.4915374217353747             23.7288435543384431              1.3999999999999999              1.3999999999999999
       5.78250000               3.6062207300939089              2.7547126394040311              9.4362145378368609             23.5905363445921594              1.3999999999999999              1.3999999999999999
       5.82750000               3.5156270037468844              2.7536836812526833              9.4378096697387406             23.5945241743468586              1.3999999999999999              1.3999999999999999
       5.87250000               3.5049247112844051              2.7357861218214010              9.5597472545521107             23.8993681363802821              1.3999999999999999              1.3999999999999999
       5.91750000               3.6350406514643527              2.6965006891873835              9.8303101894101612             24.5757754735254075              1.3999999999999999              1.3999999999999999
       5.96250000               3.8685262377013592              2.6523666239549919             10.1517648742032307             25.3794121855080803              1.3999999999999999              1.3999999999999999
       6.00750000               4.0843161843128337              2.6095994719368245             10.4762125179165881             26.1905312947914766              1.3999999999999999              1.3999999999999999
       6.05250000               4.1873387623780260              2.5701276370431407             10.7967745712668233             26.9919364281670653              1.3999999999999999              1.3999999999999999
       6.09750000               4.0993027582562576              2.5381768459792209             11.0477742735074838             27.6194356837687138              1.3999999999999999              1.3999999999999999
       6.14250000               3.9251365692711464              2.5309282913210231             11.1103545962979613             27.7758864907449095              1.3999999999999999              1.3999999999999999
       6.18750000               3.8188499610545508              2.5307820352779222             11.1066008278341641             27.7665020695854139              1.3999999999999999              1.3999999999999999
       6.23250000               3.9105142738620033              2.5315582832665946             11.0886609492565462             27.7216523731413709              1.3999999999999999              1.3999999999999999
       6.27750000               4.1288462696200678              2.5340074554605789             11.0500489206367813             27.6251223015919578              1.3999999999999999              1.3999999999999999
       6.32250000               4.3040147588595046              2.5408086561929659             10.9743679673134036             27.4359199182835134              1.3999999999999999              1.3999999999999999
       6.36750000               4.2793199196965963              2.5544144085572413             10.8520884035256273             27.1302210088140754              1.3999999999999999              1.3999999999999999
       6.41250000               3.9978161636183600              2.5804352803971939             10.6563451114221976             26.6408627785555012              1.3999999999999999              1.3999999999999999
       6.45750000               3.6666747686698464              2.6057877080936471             10.4749582474245440             26.1873956185613643              1.3999999999999999              1.3999999999999999
       6.50250000               3.4938348285384517              2.6319335278185507             10.3030462336714503             25.7576155841786338              1.3999999999999999              1.3999999999999999
       6.54750000               3.5666239424707662              2.6670182446575548             10.0695466027941620             25.1738665069854122              1.3999999999999999              1.3999999999999999
       6.59250000               3.8060565105527591              2.6943194380498920              9.8864009671387549             24.7160024178468944              1.3999999999999999              1.3999999999999999
       6.63750000               4.0184413929622229              2.7254784479699228              9.6755765848972395             24.1889414622431040              1.3999999999999999              1.3999999999999999
       6.68250000               4.0894839404677903              2.7344950029983170              9.6024768854146991             24.0061922135367531              1.3999999999999999              1.3999999999999999
       6.72750000               3.8809370855345056              2.7516626190893509              9.4388594162911126             23.5971485407277868              1.3999999999999999              1.3999999999999999
       6.77250000               3.4941236382044076              2.7435848536017509              9.2586741938627792             23.1466854846569525              1.3999999999999999              1.3999999999999999
       6.81750000               3.1293045467585610              2.6774818215519183              9.1280585672290027             22.8201464180725111              1.3999999999999999              1.3999999999999999
       6.86250000               2.7877068507251668              2.4682833797162194              8.0935462720259483             20.2338656800648735              1.3999999999999999              1.3999999999999999
       6.90750000               2.3023921739679754              1.9882113996728206              5.8695524687843648             14.6738811719609146              1.3999999999999999              1.3999999999999999
       6.95250000               1.1046592586468258              0.2447516152254476              1.2385209050241768              3.0963022625604428              1.3999999999999999              1.3999999999999999
       6.99750000               0.9818569378506266              0.0006300794583438              1.0053407671827204              2.5133519179568018              1.3999999999999999              1.3999999999999999
       7.04250000               1.0305098825851227              0.0026034144905711              1.0031678985562011              2.5079197463905030              1.3999999999999999              1.3999999999999999
       7.08750000               1.0726147342409886              0.0002460443615770              1.0001312745737874              2.5003281864344689              1.3999999999999999              1.3999999999999999
       7.13250000               1.1122239906747990              0.0001223228064333              0.9999377597730135              2.4998443994325341              1.3999999999999999              1.3999999999999999
       7.17750000               1.1463037484269336              0.0001003380968623              0.9999203820153190              2.4998009550382978              1.3999999999999999              1.3999999999999999
       7.22250000               1.1729745252958408              0.0000877198934617              0.9998669041407605              2.4996672603519019              1.3999999999999999              1.3999999999999999
       7.26750000               1.1909370277011957              0.0000844244927971              0.9998338366242406              2.4995845915606019              1.3999999999999999              1.3999999999999999
       7.31250000               1.1992848652489028              0.0001046682072448              0.9998187600402590              2.4995469001006483              1.3999999999999999              1.3999999999999999
       7.35750000               1.1975960303701956              0.0001417692883129              0.9998197007733952              2.4995492519334888              1.3999999999999999              1.3999999999999999
       7.40250000               1.1859286559418649              0.0001620136123436              0.9998046510256040              2.4995116275640106              1.3999999999999999              1.3999999999999999
       7.44750000               1.1648912526819821              0.0001623917217050              0.9997978795323139              2.4994946988307851              1.3999999999999999              1.3999999999999999
       7.49250000               1.1355877971080464              0.0001436091560740              0.9998548032617567              2.4996370081543922              1.3999999999999999              1.3999999999999999
       7.53750000               1.0994421713769889              0.0001078938002243              0.9999127715452064              2.4997819288630168              1.3999999999999999              1.3999999999999999
       7.58250000               1.0582997789739248              0.0000907074990894              1.0000032273323092              2.5000080683307733              1.3999999999999999              1.3999999999999999
       7.62750000               1.0140300842585752              0.0000854496251972              0.9998391606817364              2.4995979017043415              1.3999999999999999              1.3999999999999999
       7.67250000               0.9691270018037759              0.0000879635464523              0.9997687911415594              2.4994219778538991              1.3999999999999999              1.3999999999999999
       7.71750000               0.9258473157142987              0.0001070687437888              0.9998057949133389              2.4995144872833475              1.3999999999999999              1.3999999999999999
       7.76250000               0.8863137831219364              0.0000680693460924              0.9998741489226756              2.4996853723066894              1.3999999999999999              1.3999999999999999
       7.80750000               0.8525049873957414              0.0000303125325319              0.9999502605764160              2.4998756514410405              1.3999999999999999              1.3999999999999999
       7.85250000               0.8260778389657120              0.0000599256970697              0.9999462468707931              2.4998656171769831              1.3999999999999999              1.3999999999999999
       7.89750000               0.8084014977701791              0.0001385859207888              0.9999167833503079              2.4997919583757700              1.3999999999999999              1.3999999999999999
       7.94250000               0.8003253284082377              0.0001219232933466              0.9997903487668446              2.4994758719171122              1.3999999999999999              1.3999999999999999
       7.98750000               0.8023752895349527              0.0001389891479091              0.9997852770061640              2.4994631925154107              1.3999999999999999              1.3999999999999999
       8.03250000               0.8143899819523264              0.0001128262425080              0.9998024106629712              2.4995060266574285              1.3999999999999999              1.3999999999999999
       8.07750000               0.8357685545619297              0.0000829180338209              0.9998462007346686              2.4996155018366721              1.3999999999999999              1.3999999999999999
       8.12250000               0.8654508885218827              0.0000994814977205              0.9999366130899713              2.4998415327249290              1.3999999999999999              1.3999999999999999
       8.16750000               0.9018555808209876              0.0000758315422413              0.9999296125729211              2.4998240314323033              1.3999999999999999              1.3999999999999999
       8.21250000               0.9431641233772839              0.0000729356724974              0.9998645482602837              2.4996613706507098              1.3999999999999999              1.3999999999999999
       8.25750000               0.9873466694463353              0.0000905685275725              0.9998276252283749              2.4995690630709375              1.3999999999999999              1.3999999999999999
       8.30250000               1.0321869444743834              0.0001378804450066              0.9998301115528225              2.4995752788820567              1.3999999999999999              1.3999999999999999
       8.34750000               1.0754073926246235              0.0001833422622500              0.9998430408113853              2.4996076020284637              1.3999999999999999              1.3999999999999999
       8.39250000               1.1148122658690349              0.0001881974864269              0.9998430128556738              2.4996075321391849              1.3999999999999999              1.3999999999999999
       8.43750000               1.1484290132138009              0.0001399431555341              0.9998480521432498              2.4996201303581254              1.3999999999999999              1.3999999999999999
       8.48250000               1.1746188082519502              0.0000544661322756              0.9999228382186766              2.4998070955466920              1.3999999999999999              1.3999999999999999
       8.52750000               1.1919143259751397              0.0000687600889766              0.9998887785681825              2.4997219464204568              1.3999999999999999              1.3999999999999999
       8.57250000               1.1995364661983332              0.0001049674413845              0.9998604158619112              2.4996510396547786              1.3999999999999999              1.3999999999999999
       8.61750000               1.1971127960181254              0.0001223352390912              0.9998512172272181              2.4996280430680460              1.3999999999999999              1.3999999999999999
       8.66250000               1.1847669697520506              0.0001443903452249              0.9998631060806821              2.4996577652017060              1.3999999999999999              1.3999999999999999
       8.70750000               1.1631152606635295              0.0001458275422781              0.9998897091166019              2.4997242727915050              1.3999999999999999              1.3999999999999999
       8.75250000               1.1332412613627503              0.0000625609714019              0.9999224805902405              2.4998062014756020              1.3999999999999999              1.3999999999999999
       8.79750000               1.0965797638903403              0.0000602717721650              0.9998691609009015              2.4996729022522546              1.3999999999999999              1.3999999999999999
       8.84250000               1.0550702155327036              0.0000870250023554              0.9998428204369291              2.4996070510923230              1.3999999999999999              1.3999999999999999
       8.88750000               1.0108020335824512              0.0001182471143183              0.9998451706070480              2.4996129265176203              1.3999999999999999              1.3999999999999999
       8.93250000               0.9660214228820231              0.0001836332210137              0.9999048970430784              2.4997622426076966              1.3999999999999999              1.3999999999999999
       8.97750000               0.9229233278637869              0.0001847527663411              0.9999156467465768              2.4997891168664426              1.3999999999999999              1.3999999999999999
