       0.02250000                              NaN                             NaN              0.0000000000010000                             NaN              1.3999999999999999              1.3999999999999999
       0.06750000                              NaN                             NaN              0.0000000000010000                             NaN              1.3999999999999999              1.3999999999999999
       0.11250000                              NaN                             NaN              0.0000000000010000                             NaN              1.3999999999999999              1.3999999999999999
       0.15750000                              NaN                             NaN              0.0000000000010000                             NaN              1.3999999999999999              1.3999999999999999
       0.20250000                              NaN                             NaN              0.0000000000010000                             NaN              1.3999999999999999              1.3999999999999999
       0.24750000                              NaN                             NaN              0.0000000000010000                             NaN              1.3999999999999999              1.3999999999999999
       0.29250000                              NaN                             NaN              0.0000000000010000                             NaN              1.3999999999999999              1.3999999999999999
       0.33750000                              NaN                             NaN              0.0000000000010000                             NaN              1.3999999999999999              1.3999999999999999
       0.38250000                              NaN                             NaN              0.0000000000010000                             NaN              1.3999999999999999              1.3999999999999999
       0.42750000                              NaN                             NaN              0.0000000000010000                             NaN              1.3999999999999999              1.3999999999999999
       0.47250000                              NaN                             NaN              0.0000000000010000                             NaN              1.3999999999999999              1.3999999999999999
       0.51750000                              NaN                             NaN              0.0000000000010000                             NaN              1.3999999999999999              1.3999999999999999
       0.56250000                              NaN                             NaN              0.0000000000010000                             NaN              1.3999999999999999              1.3999999999999999
       0.60750000                              NaN                             NaN              0.0000000000010000                             NaN              1.3999999999999999              1.3999999999999999
       0.65250000                              NaN                             NaN              0.0000000000010000                             NaN              1.3999999999999999              1.3999999999999999
       0.69750000                              NaN                             NaN              0.0000000000010000                             NaN              1.3999999999999999              1.3999999999999999
       0.74250000                              NaN                             NaN              0.0000000000010000                             NaN              1.3999999999999999              1.3999999999999999
       0.78750000                              NaN                             NaN              0.0000000000010000                             NaN              1.3999999999999999              1.3999999999999999
       0.83250000                              NaN                             NaN              0.0000000000010000                             NaN              1.3999999999999999              1.3999999999999999
       0.87750000                              NaN                             NaN              0.0000000000010000                             NaN              1.3999999999999999              1.3999999999999999
       0.92250000                              NaN                             NaN              0.0000000000010000                             NaN              1.3999999999999999              1.3999999999999999
       0.96750000                              NaN                             NaN              0.0000000000010000                             NaN              1.3999999999999999              1.3999999999999999
       1.01250000                              NaN                             NaN              0.0000000000010000                             NaN              1.3999999999999999              1.3999999999999999
       1.05750000                              NaN                             NaN              0.0000000000010000                             NaN              1.3999999999999999              1.3999999999999999
       1.10250000                              NaN                             NaN              0.0000000000010000                             NaN              1.3999999999999999              1.3999999999999999
       1.14750000                              NaN                             NaN              0.0000000000010000                             NaN              1.3999999999999999              1.3999999999999999
       1.19250000                              NaN                             NaN              0.0000000000010000                             NaN              1.3999999999999999              1.3999999999999999
       1.23750000                              NaN                             NaN              0.0000000000010000                             NaN              1.3999999999999999              1.3999999999999999
       1.28250000                              NaN                             NaN              0.0000000000010000                             NaN              1.3999999999999999              1.3999999999999999
       1.32750000                              NaN                             NaN              0.0000000000010000                             NaN              1.3999999999999999              1.3999999999999999
       1.37250000                              NaN                             NaN              0.0000000000010000                             NaN              1.3999999999999999              1.3999999999999999
       1.41750000                              NaN                             NaN              0.0000000000010000                             NaN              1.3999999999999999              1.3999999999999999
       1.46250000                              NaN                             NaN              0.0000000000010000                             NaN              1.3999999999999999              1.3999999999999999
       1.50750000                              NaN                             NaN              0.0000000000010000                             NaN              1.3999999999999999              1.3999999999999999
       1.55250000                              NaN                             NaN              0.0000000000010000                             NaN              1.3999999999999999              1.3999999999999999
       1.59750000                              NaN                             NaN              0.0000000000010000                             NaN              1.3999999999999999              1.3999999999999999
       1.64250000                              NaN                             NaN              0.0000000000010000                             NaN              1.3999999999999999              1.3999999999999999
       1.68750000                              NaN                             NaN              0.0000000000010000                             NaN              1.3999999999999999              1.3999999999999999
       1.73250000                              NaN                             NaN              0.0000000000010000                             NaN              1.3999999999999999              1.3999999999999999
       1.77750000                              NaN                             NaN              0.0000000000010000                             NaN              1.3999999999999999              1.3999999999999999
       1.82250000                              NaN                             NaN              0.0000000000010000                             NaN              1.3999999999999999              1.3999999999999999
       1.86750000                              NaN                             NaN              0.0000000000010000                             NaN              1.3999999999999999              1.3999999999999999
       1.91250000                              NaN                             NaN              0.0000000000010000                             NaN              1.3999999999999999              1.3999999999999999
       1.95750000                              NaN                             NaN              0.0000000000010000                             NaN              1.3999999999999999              1.3999999999999999
       2.00250000                              NaN                             NaN              0.0000000000010000                             NaN              1.3999999999999999              1.3999999999999999
       2.04750000                              NaN                             NaN              0.0000000000010000                             NaN              1.3999999999999999              1.3999999999999999
       2.09250000                              NaN                             NaN              0.0000000000010000                             NaN              1.3999999999999999              1.3999999999999999
       2.13750000                              NaN                             NaN              0.0000000000010000                             NaN              1.3999999999999999              1.3999999999999999
       2.18250000                              NaN                             NaN              0.0000000000010000                             NaN              1.3999999999999999              1.3999999999999999
       2.22750000                              NaN                             NaN              0.0000000000010000                             NaN              1.3999999999999999              1.3999999999999999
       2.27250000                              NaN                             NaN              0.0000000000010000                             NaN              1.3999999999999999              1.3999999999999999
       2.31750000                              NaN                             NaN              0.0000000000010000                             NaN              1.3999999999999999              1.3999999999999999
       2.36250000                              NaN                             NaN              0.0000000000010000                             NaN              1.3999999999999999              1.3999999999999999
       2.40750000                              NaN                             NaN              0.0000000000010000                             NaN              1.3999999999999999              1.3999999999999999
       2.45250000                              NaN                             NaN              0.0000000000010000                             NaN              1.3999999999999999              1.3999999999999999
       2.49750000                              NaN                             NaN              0.0000000000010000                             NaN              1.3999999999999999              1.3999999999999999
       2.54250000                              NaN                             NaN              0.0000000000010000                             NaN              1.3999999999999999              1.3999999999999999
       2.58750000                              NaN                             NaN              0.0000000000010000                             NaN              1.3999999999999999              1.3999999999999999
       2.63250000                              NaN                             NaN              0.0000000000010000                             NaN              1.3999999999999999              1.3999999999999999
       2.67750000                              NaN                             NaN              0.0000000000010000                             NaN              1.3999999999999999              1.3999999999999999
       2.72250000                              NaN                             NaN              0.0000000000010000                             NaN              1.3999999999999999              1.3999999999999999
       2.76750000                              NaN                             NaN              0.0000000000010000                             NaN              1.3999999999999999              1.3999999999999999
       2.81250000                              NaN                             NaN              0.0000000000010000                             NaN              1.3999999999999999              1.3999999999999999
       2.85750000                              NaN                             NaN              0.0000000000010000                             NaN              1.3999999999999999              1.3999999999999999
       2.90250000                              NaN                             NaN              0.0000000000010000                             NaN              1.3999999999999999              1.3999999999999999
       2.94750000                              NaN                             NaN              0.0000000000010000                             NaN              1.3999999999999999              1.3999999999999999
       2.99250000                              NaN                             NaN              0.0000000000010000                             NaN              1.3999999999999999              1.3999999999999999
       3.03750000                              NaN                             NaN              0.0000000000010000                             NaN              1.3999999999999999              1.3999999999999999
       3.08250000                              NaN                             NaN              0.0000000000010000                             NaN              1.3999999999999999              1.3999999999999999
       3.12750000                              NaN                             NaN              0.0000000000010000                             NaN              1.3999999999999999              1.3999999999999999
       3.17250000                              NaN                             NaN              0.0000000000010000                             NaN              1.3999999999999999              1.3999999999999999
       3.21750000                              NaN                             NaN              0.0000000000010000                             NaN              1.3999999999999999              1.3999999999999999
       3.26250000                              NaN                             NaN              0.0000000000010000                             NaN              1.3999999999999999              1.3999999999999999
       3.30750000                              NaN                             NaN              0.0000000000010000                             NaN              1.3999999999999999              1.3999999999999999
       3.35250000                              NaN                             NaN              0.0000000000010000                             NaN              1.3999999999999999              1.3999999999999999
       3.39750000                              NaN                             NaN              0.0000000000010000                             NaN              1.3999999999999999              1.3999999999999999
       3.44250000                              NaN                             NaN              0.0000000000010000                             NaN              1.3999999999999999              1.3999999999999999
       3.48750000                              NaN                             NaN              0.0000000000010000                             NaN              1.3999999999999999              1.3999999999999999
       3.53250000                              NaN                             NaN              0.0000000000010000                             NaN              1.3999999999999999              1.3999999999999999
       3.57750000                              NaN                             NaN              0.0000000000010000                             NaN              1.3999999999999999              1.3999999999999999
       3.62250000                              NaN                             NaN              0.0000000000010000                             NaN              1.3999999999999999              1.3999999999999999
       3.66750000                              NaN                             NaN              0.0000000000010000                             NaN              1.3999999999999999              1.3999999999999999
       3.71250000                              NaN                             NaN              0.0000000000010000                             NaN              1.3999999999999999              1.3999999999999999
       3.75750000                              NaN                             NaN              0.0000000000010000                             NaN              1.3999999999999999              1.3999999999999999
       3.80250000                              NaN                             NaN              0.0000000000010000                             NaN              1.3999999999999999              1.3999999999999999
       3.84750000                              NaN                             NaN              0.0000000000010000                             NaN              1.3999999999999999              1.3999999999999999
       3.89250000                              NaN                             NaN              0.0000000000010000                             NaN              1.3999999999999999              1.3999999999999999
       3.93750000                              NaN                             NaN              0.0000000000010000                             NaN              1.3999999999999999              1.3999999999999999
       3.98250000                              NaN                             NaN              0.0000000000010000                             NaN              1.3999999999999999              1.3999999999999999
       4.02750000                              NaN                             NaN              0.0000000000010000                             NaN              1.3999999999999999              1.3999999999999999
       4.07250000                              NaN                             NaN              0.0000000000010000                             NaN              1.3999999999999999              1.3999999999999999
       4.11750000                              NaN                             NaN              0.0000000000010000                             NaN              1.3999999999999999              1.3999999999999999
       4.16250000                              NaN                             NaN              0.0000000000010000                             NaN              1.3999999999999999              1.3999999999999999
       4.20750000                              NaN                             NaN              0.0000000000010000                             NaN              1.3999999999999999              1.3999999999999999
       4.25250000                              NaN                             NaN              0.0000000000010000                             NaN              1.3999999999999999              1.3999999999999999
       4.29750000                              NaN                             NaN              0.0000000000010000                             NaN              1.3999999999999999              1.3999999999999999
       4.34250000                              NaN                             NaN              0.0000000000010000                             NaN              1.3999999999999999              1.3999999999999999
       4.38750000                              NaN                             NaN              0.0000000000010000                             NaN              1.3999999999999999              1.3999999999999999
       4.43250000                              NaN                             NaN              0.0000000000010000                             NaN              1.3999999999999999              1.3999999999999999
       4.47750000                              NaN                             NaN              0.0000000000010000                             NaN              1.3999999999999999              1.3999999999999999
       4.52250000                              NaN                             NaN              0.0000000000010000                             NaN              1.3999999999999999              1.3999999999999999
       4.56750000                              NaN                             NaN              0.0000000000010000                             NaN              1.3999999999999999              1.3999999999999999
       4.61250000                              NaN                             NaN              0.0000000000010000                             NaN              1.3999999999999999              1.3999999999999999
       4.65750000                              NaN                             NaN              0.0000000000010000                             NaN              1.3999999999999999              1.3999999999999999
       4.70250000                              NaN                             NaN              0.0000000000010000                             NaN              1.3999999999999999              1.3999999999999999
       4.74750000                              NaN                             NaN              0.0000000000010000                             NaN              1.3999999999999999              1.3999999999999999
       4.79250000                              NaN                             NaN              0.0000000000010000                             NaN              1.3999999999999999              1.3999999999999999
       4.83750000                              NaN                             NaN              0.0000000000010000                             NaN              1.3999999999999999              1.3999999999999999
       4.88250000                              NaN                             NaN              0.0000000000010000                             NaN              1.3999999999999999              1.3999999999999999
       4.92750000                              NaN                             NaN              0.0000000000010000                             NaN              1.3999999999999999              1.3999999999999999
       4.97250000                              NaN                             NaN              0.0000000000010000                             NaN              1.3999999999999999              1.3999999999999999
       5.01750000                              NaN                             NaN              0.0000000000010000                             NaN              1.3999999999999999              1.3999999999999999
       5.06250000                              NaN                             NaN              0.0000000000010000                             NaN              1.3999999999999999              1.3999999999999999
       5.10750000                              NaN                             NaN              0.0000000000010000                             NaN              1.3999999999999999              1.3999999999999999
       5.15250000                              NaN                             NaN              0.0000000000010000                             NaN              1.3999999999999999              1.3999999999999999
       5.19750000                              NaN                             NaN              0.0000000000010000                             NaN              1.3999999999999999              1.3999999999999999
       5.24250000                              NaN                             NaN              0.0000000000010000                             NaN              1.3999999999999999              1.3999999999999999
       5.28750000                              NaN                             NaN              0.0000000000010000                             NaN              1.3999999999999999              1.3999999999999999
       5.33250000                              NaN                             NaN              0.0000000000010000                             NaN              1.3999999999999999              1.3999999999999999
       5.37750000                              NaN                             NaN              0.0000000000010000                             NaN              1.3999999999999999              1.3999999999999999
       5.42250000                              NaN                             NaN              0.0000000000010000                             NaN              1.3999999999999999              1.3999999999999999
       5.46750000                              NaN                             NaN              0.0000000000010000                             NaN              1.3999999999999999              1.3999999999999999
       5.51250000                              NaN                             NaN              0.0000000000010000                             NaN              1.3999999999999999              1.3999999999999999
       5.55750000                              NaN                             NaN              0.0000000000010000                             NaN              1.3999999999999999              1.3999999999999999
       5.60250000                              NaN                             NaN              0.0000000000010000                             NaN              1.3999999999999999              1.3999999999999999
       5.64750000                              NaN                             NaN              0.0000000000010000                             NaN              1.3999999999999999              1.3999999999999999
       5.69250000                              NaN                             NaN              0.0000000000010000                             NaN              1.3999999999999999              1.3999999999999999
       5.73750000                              NaN                             NaN              0.0000000000010000                             NaN              1.3999999999999999              1.3999999999999999
       5.78250000                              NaN                             NaN              0.0000000000010000                             NaN              1.3999999999999999              1.3999999999999999
       5.82750000                              NaN                             NaN              0.0000000000010000                             NaN              1.3999999999999999              1.3999999999999999
       5.87250000                              NaN                             NaN              0.0000000000010000                             NaN              1.3999999999999999              1.3999999999999999
       5.91750000                              NaN                             NaN              0.0000000000010000                             NaN              1.3999999999999999              1.3999999999999999
       5.96250000                              NaN                             NaN              0.0000000000010000                             NaN              1.3999999999999999              1.3999999999999999
       6.00750000                              NaN                             NaN              0.0000000000010000                             NaN              1.3999999999999999              1.3999999999999999
       6.05250000                              NaN                             NaN              0.0000000000010000                             NaN              1.3999999999999999              1.3999999999999999
       6.09750000                              NaN                             NaN              0.0000000000010000                             NaN              1.3999999999999999              1.3999999999999999
       6.14250000                              NaN                             NaN              0.0000000000010000                             NaN              1.3999999999999999              1.3999999999999999
       6.18750000                              NaN                             NaN              0.0000000000010000                             NaN              1.3999999999999999              1.3999999999999999
       6.23250000                              NaN                             NaN              0.0000000000010000                             NaN              1.3999999999999999              1.3999999999999999
       6.27750000                              NaN                             NaN              0.0000000000010000                             NaN              1.3999999999999999              1.3999999999999999
       6.32250000                              NaN                             NaN              0.0000000000010000                             NaN              1.3999999999999999              1.3999999999999999
       6.36750000                              NaN                             NaN              0.0000000000010000                             NaN              1.3999999999999999              1.3999999999999999
       6.41250000                              NaN                             NaN              0.0000000000010000                             NaN              1.3999999999999999              1.3999999999999999
       6.45750000                              NaN                             NaN              0.0000000000010000                             NaN              1.3999999999999999              1.3999999999999999
       6.50250000                              NaN                             NaN              0.0000000000010000                             NaN              1.3999999999999999              1.3999999999999999
       6.54750000                              NaN                             NaN              0.0000000000010000                             NaN              1.3999999999999999              1.3999999999999999
       6.59250000                              NaN                             NaN              0.0000000000010000                             NaN              1.3999999999999999              1.3999999999999999
       6.63750000                              NaN                             NaN              0.0000000000010000                             NaN              1.3999999999999999              1.3999999999999999
       6.68250000                              NaN                             NaN              0.0000000000010000                             NaN              1.3999999999999999              1.3999999999999999
       6.72750000                              NaN                             NaN              0.0000000000010000                             NaN              1.3999999999999999              1.3999999999999999
       6.77250000                              NaN                             NaN              0.0000000000010000                             NaN              1.3999999999999999              1.3999999999999999
       6.81750000                              NaN                             NaN              0.0000000000010000                             NaN              1.3999999999999999              1.3999999999999999
       6.86250000                              NaN                             NaN              0.0000000000010000                             NaN              1.3999999999999999              1.3999999999999999
       6.90750000                              NaN                             NaN              0.0000000000010000                             NaN              1.3999999999999999              1.3999999999999999
       6.95250000                              NaN                             NaN              0.0000000000010000                             NaN              1.3999999999999999              1.3999999999999999
       6.99750000                              NaN                             NaN              0.0000000000010000                             NaN              1.3999999999999999              1.3999999999999999
       7.04250000                              NaN                             NaN              0.0000000000010000                             NaN              1.3999999999999999              1.3999999999999999
       7.08750000                              NaN                             NaN              0.0000000000010000                             NaN              1.3999999999999999              1.3999999999999999
       7.13250000                              NaN                             NaN              0.0000000000010000                             NaN              1.3999999999999999              1.3999999999999999
       7.17750000                              NaN                             NaN              0.0000000000010000                             NaN              1.3999999999999999              1.3999999999999999
       7.22250000                              NaN                             NaN              0.0000000000010000                             NaN              1.3999999999999999              1.3999999999999999
       7.26750000                              NaN                             NaN              0.0000000000010000                             NaN              1.3999999999999999              1.3999999999999999
       7.31250000                              NaN                             NaN              0.0000000000010000                             NaN              1.3999999999999999              1.3999999999999999
       7.35750000                              NaN                             NaN              0.0000000000010000                             NaN              1.3999999999999999              1.3999999999999999
       7.40250000                              NaN                             NaN              0.0000000000010000                             NaN              1.3999999999999999              1.3999999999999999
       7.44750000                              NaN                             NaN              0.0000000000010000                             NaN              1.3999999999999999              1.3999999999999999
       7.49250000                              NaN                             NaN              0.0000000000010000                             NaN              1.3999999999999999              1.3999999999999999
       7.53750000                              NaN                             NaN              0.0000000000010000                             NaN              1.3999999999999999              1.3999999999999999
       7.58250000                              NaN                             NaN              0.0000000000010000                             NaN              1.3999999999999999              1.3999999999999999
       7.62750000                              NaN                             NaN              0.0000000000010000                             NaN              1.3999999999999999              1.3999999999999999
       7.67250000                              NaN                             NaN              0.0000000000010000                             NaN              1.3999999999999999              1.3999999999999999
       7.71750000                              NaN                             NaN              0.0000000000010000                             NaN              1.3999999999999999              1.3999999999999999
       7.76250000                              NaN                             NaN              0.0000000000010000                             NaN              1.3999999999999999              1.3999999999999999
       7.80750000                              NaN                             NaN              0.0000000000010000                             NaN              1.3999999999999999              1.3999999999999999
       7.85250000                              NaN                             NaN              0.0000000000010000                             NaN              1.3999999999999999              1.3999999999999999
       7.89750000                              NaN                             NaN              0.0000000000010000                             NaN              1.3999999999999999              1.3999999999999999
       7.94250000                              NaN                             NaN              0.0000000000010000                             NaN              1.3999999999999999              1.3999999999999999
       7.98750000                              NaN                             NaN              0.0000000000010000                             NaN              1.3999999999999999              1.3999999999999999
       8.03250000                              NaN                             NaN              0.0000000000010000                             NaN              1.3999999999999999              1.3999999999999999
       8.07750000                              NaN                             NaN              0.0000000000010000                             NaN              1.3999999999999999              1.3999999999999999
       8.12250000                              NaN                             NaN              0.0000000000010000                             NaN              1.3999999999999999              1.3999999999999999
       8.16750000                              NaN                             NaN              0.0000000000010000                             NaN              1.3999999999999999              1.3999999999999999
       8.21250000                              NaN                             NaN              0.0000000000010000                             NaN              1.3999999999999999              1.3999999999999999
       8.25750000                              NaN                             NaN              0.0000000000010000                             NaN              1.3999999999999999              1.3999999999999999
       8.30250000                              NaN                             NaN              0.0000000000010000                             NaN              1.3999999999999999              1.3999999999999999
       8.34750000                              NaN                             NaN              0.0000000000010000                             NaN              1.3999999999999999              1.3999999999999999
       8.39250000                              NaN                             NaN              0.0000000000010000                             NaN              1.3999999999999999              1.3999999999999999
       8.43750000                              NaN                             NaN              0.0000000000010000                             NaN              1.3999999999999999              1.3999999999999999
       8.48250000                              NaN                             NaN              0.0000000000010000                             NaN              1.3999999999999999              1.3999999999999999
       8.52750000                              NaN                             NaN              0.0000000000010000                             NaN              1.3999999999999999              1.3999999999999999
       8.57250000                              NaN                             NaN              0.0000000000010000                             NaN              1.3999999999999999              1.3999999999999999
       8.61750000                              NaN                             NaN              0.0000000000010000                             NaN              1.3999999999999999              1.3999999999999999
       8.66250000                              NaN                             NaN              0.0000000000010000                             NaN              1.3999999999999999              1.3999999999999999
       8.70750000                              NaN                             NaN              0.0000000000010000                             NaN              1.3999999999999999              1.3999999999999999
       8.75250000                              NaN                             NaN              0.0000000000010000                             NaN              1.3999999999999999              1.3999999999999999
       8.79750000                              NaN                             NaN              0.0000000000010000                             NaN              1.3999999999999999              1.3999999999999999
       8.84250000                              NaN                             NaN              0.0000000000010000                             NaN              1.3999999999999999              1.3999999999999999
       8.88750000                              NaN                             NaN              0.0000000000010000                             NaN              1.3999999999999999              1.3999999999999999
       8.93250000                              NaN                             NaN              0.0000000000010000                             NaN              1.3999999999999999              1.3999999999999999
       8.97750000                              NaN                             NaN              0.0000000000010000                             NaN              1.3999999999999999              1.3999999999999999
