      -1.00000000               0.0000000000000000
      -0.99000000               0.0000000000000000
      -0.98000000               0.0000000000000000
      -0.97000000               0.0000000000000000
      -0.96000000               0.0000000000000000
      -0.95000000               0.0000000000000000
      -0.94000000               0.0000000000000000
      -0.93000000               0.0000000000000000
      -0.92000000               0.0000000000000000
      -0.91000000               0.0000000000000000
      -0.90000000               0.0000000000000000
      -0.89000000               0.0000000000000000
      -0.88000000               0.0000000000000000
      -0.87000000               0.0000000000000000
      -0.86000000               0.0000000000000000
      -0.85000000               0.0000000000000000
      -0.84000000               0.0000000000000000
      -0.83000000               0.0000000000000000
      -0.82000000               0.0000000000000000
      -0.81000000               0.0000000000000000
      -0.80000000               0.0004952642604259
      -0.79000000               0.0021003662822826
      -0.78000000               0.0076507249003789
      -0.77000000               0.0239365190526423
      -0.76000000               0.0643237154795574
      -0.75000000               0.1484682024030899
      -0.74000000               0.2943392511096274
      -0.73000000               0.5012049327054774
      -0.72000000               0.7330521054615924
      -0.71000000               0.9208875586786318
      -0.70000000               0.9936433625563048
      -0.69000000               0.9208875586786318
      -0.68000000               0.7330521054615924
      -0.67000000               0.5012049327054774
      -0.66000000               0.2943392511096274
      -0.65000000               0.1484682024030899
      -0.64000000               0.0643237154795580
      -0.63000000               0.0239365190526425
      -0.62000000               0.0076507249003790
      -0.61000000               0.0021003662822827
      -0.60000000               0.0004952642604259
      -0.59000000               0.0000000000000000
      -0.58000000               0.0000000000000000
      -0.57000000               0.0000000000000000
      -0.56000000               0.0000000000000000
      -0.55000000               0.0000000000000000
      -0.54000000               0.0000000000000000
      -0.53000000               0.0000000000000000
      -0.52000000               0.0000000000000000
      -0.51000000               0.0000000000000000
      -0.50000000               0.0000000000000000
      -0.49000000               0.0000000000000000
      -0.48000000               0.0000000000000000
      -0.47000000               0.0000000000000000
      -0.46000000               0.0000000000000000
      -0.45000000               0.0000000000000000
      -0.44000000               0.0000000000000000
      -0.43000000               0.0000000000000000
      -0.42000000               0.0000000000000000
      -0.41000000               0.0000000000000000
      -0.40000000               1.0000000000000000
      -0.39000000               1.0000000000000000
      -0.38000000               1.0000000000000000
      -0.37000000               1.0000000000000000
      -0.36000000               1.0000000000000000
      -0.35000000               1.0000000000000000
      -0.34000000               1.0000000000000000
      -0.33000000               1.0000000000000000
      -0.32000000               1.0000000000000000
      -0.31000000               1.0000000000000000
      -0.30000000               1.0000000000000000
      -0.29000000               1.0000000000000000
      -0.28000000               1.0000000000000000
      -0.27000000               1.0000000000000000
      -0.26000000               1.0000000000000000
      -0.25000000               1.0000000000000000
      -0.24000000               1.0000000000000000
      -0.23000000               1.0000000000000000
      -0.22000000               1.0000000000000000
      -0.21000000               1.0000000000000000
      -0.20000000               0.0000000000000000
      -0.19000000               0.0000000000000000
      -0.18000000               0.0000000000000000
      -0.17000000               0.0000000000000000
      -0.16000000               0.0000000000000000
      -0.15000000               0.0000000000000000
      -0.14000000               0.0000000000000000
      -0.13000000               0.0000000000000000
      -0.12000000               0.0000000000000000
      -0.11000000               0.0000000000000000
      -0.10000000               0.0000000000000000
      -0.09000000               0.0000000000000000
      -0.08000000               0.0000000000000000
      -0.07000000               0.0000000000000000
      -0.06000000               0.0000000000000000
      -0.05000000               0.0000000000000000
      -0.04000000               0.0000000000000000
      -0.03000000               0.0000000000000000
      -0.02000000               0.0000000000000000
      -0.01000000               0.0000000000000000
       0.00000000               0.0000000000000000
       0.01000000               0.1000000000000001
       0.02000000               0.2000000000000002
       0.03000000               0.3000000000000003
       0.04000000               0.4000000000000004
       0.05000000               0.5000000000000004
       0.06000000               0.6000000000000005
       0.07000000               0.7000000000000006
       0.08000000               0.8000000000000007
       0.09000000               0.9000000000000008
       0.10000000               0.9999999999999991
       0.11000000               0.8999999999999990
       0.12000000               0.7999999999999989
       0.13000000               0.6999999999999988
       0.14000000               0.5999999999999988
       0.15000000               0.4999999999999987
       0.16000000               0.4000000000000008
       0.17000000               0.3000000000000007
       0.18000000               0.2000000000000006
       0.19000000               0.1000000000000005
       0.20000000               0.0000000000000004
       0.21000000               0.0000000000000000
       0.22000000               0.0000000000000000
       0.23000000               0.0000000000000000
       0.24000000               0.0000000000000000
       0.25000000               0.0000000000000000
       0.26000000               0.0000000000000000
       0.27000000               0.0000000000000000
       0.28000000               0.0000000000000000
       0.29000000               0.0000000000000000
       0.30000000               0.0000000000000000
       0.31000000               0.0000000000000000
       0.32000000               0.0000000000000000
       0.33000000               0.0000000000000000
       0.34000000               0.0000000000000000
       0.35000000               0.0000000000000000
       0.36000000               0.0000000000000000
       0.37000000               0.0000000000000000
       0.38000000               0.0000000000000000
       0.39000000               0.0000000000000000
       0.40000000               0.0520416836748515
       0.41000000               0.4304320274964693
       0.42000000               0.5980367525681298
       0.43000000               0.7129905678103029
       0.44000000               0.7991831436838389
       0.45000000               0.8653824707561406
       0.46000000               0.9159731351165030
       0.47000000               0.9534587236632326
       0.48000000               0.9793525702781996
       0.49000000               0.9945641604771081
       0.50000000               0.9995830725906363
       0.51000000               0.9945641604771081
       0.52000000               0.9793525702781996
       0.53000000               0.9534587236632326
       0.54000000               0.9159731351165030
       0.55000000               0.8653824707561406
       0.56000000               0.7991831436838389
       0.57000000               0.7129905678103029
       0.58000000               0.5980367525681298
       0.59000000               0.4304320274964693
       0.60000000               0.0000000000000000
       0.61000000               0.0000000000000000
       0.62000000               0.0000000000000000
       0.63000000               0.0000000000000000
       0.64000000               0.0000000000000000
       0.65000000               0.0000000000000000
       0.66000000               0.0000000000000000
       0.67000000               0.0000000000000000
       0.68000000               0.0000000000000000
       0.69000000               0.0000000000000000
       0.70000000               0.0000000000000000
       0.71000000               0.0000000000000000
       0.72000000               0.0000000000000000
       0.73000000               0.0000000000000000
       0.74000000               0.0000000000000000
       0.75000000               0.0000000000000000
       0.76000000               0.0000000000000000
       0.77000000               0.0000000000000000
       0.78000000               0.0000000000000000
       0.79000000               0.0000000000000000
       0.80000000               0.0000000000000000
       0.81000000               0.0000000000000000
       0.82000000               0.0000000000000000
       0.83000000               0.0000000000000000
       0.84000000               0.0000000000000000
       0.85000000               0.0000000000000000
       0.86000000               0.0000000000000000
       0.87000000               0.0000000000000000
       0.88000000               0.0000000000000000
       0.89000000               0.0000000000000000
       0.90000000               0.0000000000000000
       0.91000000               0.0000000000000000
       0.92000000               0.0000000000000000
       0.93000000               0.0000000000000000
       0.94000000               0.0000000000000000
       0.95000000               0.0000000000000000
       0.96000000               0.0000000000000000
       0.97000000               0.0000000000000000
       0.98000000               0.0000000000000000
       0.99000000               0.0000000000000000
