       0.00250000               1.0001230528128207              0.0002955755375926              1.0003786929238545              1.5005680393850314              1.6666666666670000              1.6666666666670000
       0.00750000               1.0001838440212332              0.0003735475975408              1.0004825417649561              1.5007238126466835              1.6666666666670000              1.6666666666670000
       0.01250000               1.0002605599358931              0.0004692909855793              1.0006107007774021              1.5009160511653530              1.6666666666670000              1.6666666666670000
       0.01750000               1.0003542212257193              0.0005870262861293              1.0007661623073931              1.5011492434603388              1.6666666666670000              1.6666666666670000
       0.02250000               1.0004660331036632              0.0007306027060028              1.0009531598505428              1.5014297397750631              1.6666666666670000              1.6666666666670000
       0.02750000               1.0005993524059908              0.0009034633355338              1.0011770707015470              1.5017656060515696              1.6666666666670000              1.6666666666670000
       0.03250000               1.0007582981229468              0.0011093973311904              1.0014432452942312              1.5021648679405957              1.6666666666670000              1.6666666666670000
       0.03750000               1.0009453144868605              0.0013523952467674              1.0017569427422421              1.5026354141126117              1.6666666666670000              1.6666666666670000
       0.04250000               1.0011638415316082              0.0016365485978594              1.0021231715676846              1.5031847573507753              1.6666666666670000              1.6666666666670000
       0.04750000               1.0014173229259777              0.0019660366728469              1.0025463983553282              1.5038195975322404              1.6666666666670000              1.6666666666670000
       0.05250000               1.0017077343427532              0.0023441318035592              1.0030315295622647              1.5045472943426448              1.6666666666670000              1.6666666666670000
       0.05750000               1.0020378592154635              0.0027731861865106              1.0035836521046793              1.5053754781562660              1.6666666666670000              1.6666666666670000
       0.06250000               1.0024121566126809              0.0032547554418282              1.0042076471682724              1.5063114707516552              1.6666666666670000              1.6666666666670000
       0.06750000               1.0028312061808979              0.0037899260950101              1.0049076033701561              1.5073614050544801              1.6666666666670000              1.6666666666670000
       0.07250000               1.0032940118488893              0.0043825401383532              1.0056825387603507              1.5085238081397716              1.6666666666670000              1.6666666666670000
       0.07750000               1.0038032812822901              0.0050348970499787              1.0065319487726936              1.5097979231582856              1.6666666666670000              1.6666666666670000
       0.08250000               1.0043572921615418              0.0057472249064522              1.0074565411658738              1.5111848117480551              1.6666666666670000              1.6666666666670000
       0.08750000               1.0049551937243468              0.0065188226456942              1.0084568581839639              1.5126852872751895              1.6666666666670000              1.6666666666670000
       0.09250000               1.0055986627488112              0.0073487157707262              1.0095325727209596              1.5142988590806821              1.6666666666670000              1.6666666666670000
       0.09750000               1.0062867617084208              0.0082352540780915              1.0106831802404628              1.5160247703599361              1.6666666666670000              1.6666666666670000
       0.10250000               1.0070170144219666              0.0091767889226566              1.0119072953097892              1.5178609429639249              1.6666666666670000              1.6666666666670000
       0.10750000               1.0077892875276380              0.0101718772789158              1.0132025656213144              1.5198038484312117              1.6666666666670000              1.6666666666670000
       0.11250000               1.0086028227440962              0.0112186732463984              1.0145666342369442              1.5218499513546551              1.6666666666670000              1.6666666666670000
       0.11750000               1.0094556572470896              0.0123147801213661              1.0159974880288813              1.5239962320425597              1.6666666666670000              1.6666666666670000
       0.12250000               1.0103469845461703              0.0134566927120590              1.0174943235196601              1.5262414852787267              1.6666666666670000              1.6666666666670000
       0.12750000               1.0112761809989470              0.0146420345234265              1.0190547427481540              1.5285821141214664              1.6666666666670000              1.6666666666670000
       0.13250000               1.0122390149873641              0.0158708342979400              1.0206731567653884              1.5310097351473169              1.6666666666670000              1.6666666666670000
       0.13750000               1.0132329846606194              0.0171425347369774              1.0223447698396002              1.5335171547586335              1.6666666666670000              1.6666666666670000
       0.14250000               1.0142572883601140              0.0184549171774046              1.0240670604725368              1.5361005907080372              1.6666666666670000              1.6666666666670000
       0.14750000               1.0153089173685799              0.0198052449255575              1.0258383293491948              1.5387574940230229              1.6666666666670000              1.6666666666670000
       0.15250000               1.0163884857853838              0.0211900403180385              1.0276580296598496              1.5414870444890039              1.6666666666670000              1.6666666666670000
       0.15750000               1.0174979461495970              0.0226055365681509              1.0295262077984020              1.5442893116968308              1.6666666666670000              1.6666666666670000
       0.16250000               1.0186323035252147              0.0240507505356556              1.0314394449748463              1.5471591674614957              1.6666666666670000              1.6666666666670000
       0.16750000               1.0197894651617272              0.0255247927165908              1.0333943972064836              1.5500915958089505              1.6666666666670000              1.6666666666670000
       0.17250000               1.0209708161384974              0.0270265080500121              1.0353882849204137              1.5530824273798438              1.6666666666670000              1.6666666666670000
       0.17750000               1.0221726075903288              0.0285544596117668              1.0374189060862291              1.5561283591285655              1.6666666666670000              1.6666666666670000
       0.18250000               1.0233933070862302              0.0301069082424700              1.0394846612423734              1.5592269918627804              1.6666666666670000              1.6666666666670000
       0.18750000               1.0246339734928958              0.0316812599726798              1.0415852908774772              1.5623779363154346              1.6666666666670000              1.6666666666670000
       0.19250000               1.0258923319442597              0.0332770534743511              1.0437178874381703              1.5655768311564726              1.6666666666670000              1.6666666666670000
       0.19750000               1.0271647469860434              0.0348941047102570              1.0458793345807649              1.5688190018703629              1.6666666666670000              1.6666666666670000
       0.20250000               1.0284527161702974              0.0365320151023763              1.0480669645702960              1.5721004468546580              1.6666666666670000              1.6666666666670000
       0.20750000               1.0297551995735561              0.0381888331942395              1.0502803457987751              1.5754205186973746              1.6666666666670000              1.6666666666670000
       0.21250000               1.0310716030381524              0.0398614551785155              1.0525207463854165              1.5787811195773351              1.6666666666670000              1.6666666666670000
       0.21750000               1.0324059573467816              0.0415452719401107              1.0547916232611558              1.5821874348909426              1.6666666666670000              1.6666666666670000
       0.22250000               1.0337547142324286              0.0432415552823136              1.0570886584639867              1.5856329876951871              1.6666666666670000              1.6666666666670000
       0.22750000               1.0351131946750090              0.0449519586171516              1.0594071025248959              1.5891106537865489              1.6666666666670000              1.6666666666670000
       0.23250000               1.0364827768130065              0.0466769260739102              1.0617439260028898              1.5926158890035385              1.6666666666670000              1.6666666666670000
       0.23750000               1.0378620385557566              0.0484151352328581              1.0640985819985864              1.5961478729970815              1.6666666666670000              1.6666666666670000
       0.24250000               1.0392489250788544              0.0501645374694227              1.0664715943408762              1.5997073915105144              1.6666666666670000              1.6666666666670000
       0.24750000               1.0406471910973030              0.0519224488975146              1.0688644458746304              1.6032966688111441              1.6666666666670000              1.6666666666670000
       0.25250000               1.0420556762648181              0.0536903847716424              1.0712729876128813              1.6069094814185183              1.6666666666670000              1.6666666666670000
       0.25750000               1.0434686203662176              0.0554680552745231              1.0736955646409696              1.6105433469606492              1.6666666666670000              1.6666666666670000
       0.26250000               1.0448883361124304              0.0572547152817804              1.0761311913384457              1.6141967870068614              1.6666666666670000              1.6666666666670000
       0.26750000               1.0463162368763355              0.0590486482642062              1.0785802676866094              1.6178704015291052              1.6666666666670000              1.6666666666670000
       0.27250000               1.0477492523754466              0.0608471441583156              1.0810446026840439              1.6215669040252552              1.6666666666670000              1.6666666666670000
       0.27750000               1.0491925652389904              0.0626457479646296              1.0835284522446063              1.6252926783660966              1.6666666666670000              1.6666666666670000
       0.28250000               1.0506431716366167              0.0644477482518584              1.0860254761232260              1.6290382141840243              1.6666666666670000              1.6666666666670000
       0.28750000               1.0520953615323476              0.0662561260028886              1.0885296967231071              1.6327945450838444              1.6666666666670000              1.6666666666670000
       0.29250000               1.0535484558773047              0.0680707452238175              1.0910394454552579              1.6365591681820681              1.6666666666670000              1.6666666666670000
       0.29750000               1.0550053959718564              0.0698905246168755              1.0935543303567075              1.6403314955342410              1.6666666666670000              1.6666666666670000
       0.30250000               1.0564631740753898              0.0717130428549963              1.0960758332360050              1.6441137498531855              1.6666666666670000              1.6666666666670000
       0.30750000               1.0579247817705215              0.0735355766068235              1.0986058590484109              1.6479087885717925              1.6666666666670000              1.6666666666670000
       0.31250000               1.0593913975923330              0.0753575159913131              1.1011433135749120              1.6517149703615421              1.6666666666670000              1.6666666666670000
       0.31750000               1.0608570703555458              0.0771792774916581              1.1036857366394621              1.6555286049583655              1.6666666666670000              1.6666666666670000
       0.32250000               1.0623234941060027              0.0790006064730936              1.1062313395708476              1.6593470093554419              1.6666666666670000              1.6666666666670000
       0.32750000               1.0637927824851789              0.0808208105660859              1.1087791822281641              1.6631687733414144              1.6666666666670000              1.6666666666670000
       0.33250000               1.0652592022228815              0.0826381114746565              1.1113293886362525              1.6669940829535455              1.6666666666670000              1.6666666666670000
       0.33750000               1.0667265956829053              0.0844491057116082              1.1138847017755364              1.6708270526624693              1.6666666666670000              1.6666666666670000
       0.34250000               1.0681963507021979              0.0862555558934756              1.1164401825615125              1.6746602738414311              1.6666666666670000              1.6666666666670000
       0.34750000               1.0696608712135107              0.0880601128074320              1.1189895532696621              1.6784843299036540              1.6666666666670000              1.6666666666670000
       0.35250000               1.0711161698694571              0.0898628523435823              1.1215303404127595              1.6822955106182980              1.6666666666670000              1.6666666666670000
       0.35750000               1.0725690555297021              0.0916603497827200              1.1240637493073229              1.6860956239601412              1.6666666666670000              1.6666666666670000
       0.36250000               1.0740166185952011              0.0934487349895821              1.1265932629577560              1.6898898944357890              1.6666666666670000              1.6666666666670000
       0.36750000               1.0754565118286059              0.0952253102458645              1.1291176576083912              1.6936764864117397              1.6666666666670000              1.6666666666670000
       0.37250000               1.0768971307941779              0.0969895976721786              1.1316359657069246              1.6974539485595379              1.6666666666670000              1.6666666666670000
       0.37750000               1.0783299019991635              0.0987406493918314              1.1341450341035779              1.7012175511545162              1.6666666666670000              1.6666666666670000
       0.38250000               1.0797465804946420              0.1004817582127133              1.1366406039494301              1.7049609059232926              1.6666666666670000              1.6666666666670000
       0.38750000               1.0811596411209949              0.1022158831875474              1.1391147040898788              1.7086720561339637              1.6666666666670000              1.6666666666670000
       0.39250000               1.0825531156415760              0.1039327771868941              1.1415621021435352              1.7123431532144464              1.6666666666670000              1.6666666666670000
       0.39750000               1.0839298382309754              0.1056195908865036              1.1439948706861987              1.7159923060284401              1.6666666666670000              1.6666666666670000
       0.40250000               1.0852933560441735              0.1072692126163467              1.1463850390611841              1.7195775585909161              1.6666666666670000              1.6666666666670000
       0.40750000               1.0866050255996080              0.1088788292562827              1.1486959256834064              1.7230438885242478              1.6666666666670000              1.6666666666670000
       0.41250000               1.0878965028009304              0.1104779467146085              1.1509848860746477              1.7264773291111082              1.6666666666670000              1.6666666666670000
       0.41750000               1.0893548044554473              0.1122542048303746              1.1535465785217724              1.7303198677817933              1.6666666666670000              1.6666666666670000
       0.42250000               1.0910654829253414              0.1143382986753468              1.1565668491098213              1.7348502736638647              1.6666666666670000              1.6666666666670000
       0.42750000               1.0926953570411664              0.1163562193973351              1.1594611098460721              1.7391916647682386              1.6666666666670000              1.6666666666670000
       0.43250000               1.0935827952958637              0.1173913188745830              1.1610223096070615              1.7415334644097213              1.6666666666670000              1.6666666666670000
       0.43750000               1.0929134014992128              0.1164671988850337              1.1598306439097081              1.7397459658636922              1.6666666666670000              1.6666666666670000
       0.44250000               1.0872287440862283              0.1097414348979977              1.1498167030428523              1.7247250545634161              1.6666666666670000              1.6666666666670000
       0.44750000               1.0732787267328041              0.0925359753789443              1.1252928842128334              1.6879393263184062              1.6666666666670000              1.6666666666670000
       0.45250000               1.0428499912731073              0.0545212073623523              1.0725439706931064              1.6088159560388551              1.6666666666670000              1.6666666666670000
       0.45750000               1.0146518854449917              0.0188102083413681              1.0245624807455294              1.5368437211175254              1.6666666666670000              1.6666666666670000
       0.46250000               1.0040246510634279              0.0052094910360394              1.0067461949233407              1.5101192923842557              1.6666666666670000              1.6666666666670000
       0.46750000               1.0015817452622116              0.0020642809965159              1.0026695069331324              1.5040042603989465              1.6666666666670000              1.6666666666670000
       0.47250000               1.0008295281787929              0.0010960000277908              1.0014159275051966              1.5021238912570438              1.6666666666670000              1.6666666666670000
       0.47750000               1.0005474177244622              0.0007340292225335              1.0009475265876260              1.5014212898806880              1.6666666666670000              1.6666666666670000
       0.48250000               1.0004087907707391              0.0005566512625212              1.0007187193979559              1.5010780790961831              1.6666666666670000              1.6666666666670000
       0.48750000               1.0003185392304348              0.0004404152407308              1.0005703970797113              1.5008555956188163              1.6666666666670000              1.6666666666670000
       0.49250000               1.0002457394058524              0.0003459947719409              1.0004510618075790              1.5006765927106180              1.6666666666670000              1.6666666666670000
       0.49750000               1.0001829460981535              0.0002652338771443              1.0003491358893966              1.5005237038333443              1.6666666666670000              1.6666666666670000
       0.50250000               1.0001320993098399              0.0002012444986088              1.0002677124644903              1.5004015686959851              1.6666666666670000              1.6666666666670000
       0.50750000               1.0000936354653889              0.0001541613330381              1.0002062345723461              1.5003093518577690              1.6666666666670000              1.6666666666670000
       0.51250000               1.0000639671398621              0.0001191870470896              1.0001589925989613              1.5002384888976916              1.6666666666670000              1.6666666666670000
       0.51750000               1.0000391973319958              0.0000919758172935              1.0001210499217859              1.5001815748819287              1.6666666666670000              1.6666666666670000
       0.52250000               1.0000186214321520              0.0000705776300818              1.0000905531414652              1.5001358297114478              1.6666666666670000              1.6666666666670000
       0.52750000               1.0000029446940824              0.0000540930660651              1.0000670204296511              1.5001005306437263              1.6666666666670000              1.6666666666670000
       0.53250000               0.9999912845897674              0.0000414011500612              1.0000496492217481              1.5000744738318721              1.6666666666670000              1.6666666666670000
       0.53750000               0.9999818821241773              0.0000310661794822              1.0000374254929945              1.5000561382387416              1.6666666666670000              1.6666666666670000
       0.54250000               0.9999749803386891              0.0000223327375502              1.0000290796015208              1.5000436194015312              1.6666666666670000              1.6666666666670000
       0.54750000               0.9999708162781049              0.0000151099838575              1.0000233991445240              1.5000350987160358              1.6666666666670000              1.6666666666670000
       0.55250000               0.9999681712191358              0.0000095717216659              1.0000192688035281              1.5000289032045417              1.6666666666670000              1.6666666666670000
       0.55750000               0.9999649162924762              0.0000059233547082              1.0000156045939679              1.5000234068902019              1.6666666666670000              1.6666666666670000
       0.56250000               0.9999600972963862              0.0000040231315147              1.0000118428808735              1.5000177643205603              1.6666666666670000              1.6666666666670000
       0.56750000               0.9999566558720627              0.0000032901009615              1.0000081637386957              1.5000122456072935              1.6666666666670000              1.6666666666670000
       0.57250000               0.9999546387050792              0.0000032095948102              1.0000048392703518              1.5000072589047775              1.6666666666670000              1.6666666666670000
       0.57750000               0.9999528032331449              0.0000032480207086              1.0000022739829673              1.5000034109737008              1.6666666666670000              1.6666666666670000
       0.58250000               0.9999499451283819              0.0000029542114377              1.0000008232017512              1.5000012348018765              1.6666666666670000              1.6666666666670000
       0.58750000               0.9999480193417389              0.0000021844165889              1.0000004907425433              1.5000007361130649              1.6666666666670000              1.6666666666670000
       0.59250000               0.9999473710514976              0.0000010775885184              1.0000009606102493              1.5000014409146238              1.6666666666670000              1.6666666666670000
       0.59750000               0.9999468270818144             -0.0000002031574502              1.0000019235851532              1.5000028853769798              1.6666666666670000              1.6666666666670000
       0.60250000               0.9999454907838782             -0.0000014419900978              1.0000030290666746              1.5000045435992619              1.6666666666670000              1.6666666666670000
       0.60750000               0.9999448164656010             -0.0000023822387005              1.0000038919479743              1.5000058379212116              1.6666666666670000              1.6666666666670000
       0.61250000               0.9999444327182032             -0.0000027587997553              1.0000041299112246              1.5000061948660868              1.6666666666670000              1.6666666666670000
       0.61750000               0.9999426401754087             -0.0000022201962020              1.0000032598955593              1.5000048898425888              1.6666666666670000              1.6666666666670000
       0.62250000               0.9999394239267573             -0.0000010417505696              1.0000016161928083              1.5000024242884626              1.6666666666670000              1.6666666666670000
       0.62750000               0.9999375567386553              0.0000002192855200              0.9999999029742990              1.4999998544606985              1.6666666666670000              1.6666666666670000
       0.63250000               0.9999366760865308              0.0000009960126899              0.9999988411468576              1.4999982617195362              1.6666666666670000              1.6666666666670000
       0.63750000               0.9999357381860614              0.0000007798515286              0.9999990794370727              1.4999986191548589              1.6666666666670000              1.6666666666670000
       0.64250000               0.9999335452493242             -0.0000001543381698              1.0000002574739657              1.5000003862101985              1.6666666666670000              1.6666666666670000
       0.64750000               0.9999318500862273             -0.0000014158078777              1.0000018668879496              1.5000028003311743              1.6666666666670000              1.6666666666670000
       0.65250000               0.9999298427352519             -0.0000026175790472              1.0000034053620692              1.5000051080423538              1.6666666666670000              1.6666666666670000
       0.65750000               0.9999253351929325             -0.0000034127165856              1.0000044230947864              1.5000066346414296              1.6666666666670000              1.6666666666670000
       0.66250000               0.9999133003677705             -0.0000035781283026              1.0000046307497239              1.5000069461238359              1.6666666666670000              1.6666666666670000
       0.66750000               0.9998762204834964             -0.0000031299857147              1.0000040482842221              1.5000060724255828              1.6666666666670000              1.6666666666670000
       0.67250000               0.9998531786894784             -0.0000022026580680              1.0000028485875219              1.5000042728805327              1.6666666666670000              1.6666666666670000
       0.67750000               0.9998623063800254             -0.0000009792158291              1.0000012674748646              1.5000019012115466              1.6666666666670000              1.6666666666670000
       0.68250000               0.9998705154582146              0.0000002691423534              0.9999996547642558              1.4999994821456335              1.6666666666670000              1.6666666666670000
       0.68750000               0.9998754368570226              0.0000011900685797              0.9999984651438617              1.4999976977150427              1.6666666666670000              1.6666666666670000
       0.69250000               0.9998839048938661              0.0000013915880246              0.9999982044495787              1.4999973066736179              1.6666666666670000              1.6666666666670000
       0.69750000               0.9999021764569277              0.0000003908902728              0.9999994959318681              1.4999992438970520              1.6666666666670000              1.6666666666670000
       0.70250000               0.9999279926943027             -0.0000013382250546              1.0000017279232718              1.5000025918841577              1.6666666666670000              1.6666666666670000
       0.70750000               0.9999407561727676             -0.0000029905161513              1.0000038609190223              1.5000057913777836              1.6666666666670000              1.6666666666670000
       0.71250000               0.9999340067129655             -0.0000038942032726              1.0000050274990913              1.5000075412478870              1.6666666666670000              1.6666666666670000
       0.71750000               0.9999272042058166             -0.0000038260787857              1.0000049395028143              1.5000074092534714              1.6666666666670000              1.6666666666670000
       0.72250000               0.9999287626612395             -0.0000030863829305              1.0000039845210698              1.5000059767808547              1.6666666666670000              1.6666666666670000
       0.72750000               0.9999315726350105             -0.0000019327090858              1.0000024950938895              1.5000037426400845              1.6666666666670000              1.6666666666670000
       0.73250000               0.9999283232299253             -0.0000006524242768              1.0000008422260929              1.5000012633383892              1.6666666666670000              1.6666666666670000
       0.73750000               0.9999243808658271              0.0000004790075290              0.9999993815589182              1.4999990723376273              1.6666666666670000              1.6666666666670000
       0.74250000               0.9999232368965264              0.0000012332680953              0.9999984078435069              1.4999976117645104              1.6666666666670000              1.6666666666670000
       0.74750000               0.9999231734544717              0.0000013998978239              0.9999981927675567              1.4999972891505851              1.6666666666670000              1.6666666666670000
       0.75250000               0.9999230998188505              0.0000006072949493              0.9999992160329534              1.4999988240486801              1.6666666666670000              1.6666666666670000
       0.75750000               0.9999224585540187             -0.0000009953605527              1.0000012850452331              1.5000019275670995              1.6666666666670000              1.6666666666670000
       0.76250000               0.9999229619845844             -0.0000027271592478              1.0000035207516911              1.5000052811267863              1.6666666666670000              1.6666666666670000
       0.76750000               0.9999235598705712             -0.0000037958530862              1.0000049003992213              1.5000073505980820              1.6666666666670000              1.6666666666670000
       0.77250000               0.9999222668498301             -0.0000035565899294              1.0000045915283693              1.5000068872918038              1.6666666666670000              1.6666666666670000
       0.77750000               0.9999208904502594             -0.0000025012782641              1.0000032291838372              1.5000048437750060              1.6666666666670000              1.6666666666670000
       0.78250000               0.9999216099281301             -0.0000011825762118              1.0000015268215594              1.5000022902315893              1.6666666666670000              1.6666666666670000
       0.78750000               0.9999260872840334             -0.0000002511013719              1.0000003243645572              1.5000004865460859              1.6666666666670000              1.6666666666670000
       0.79250000               0.9999271179769589             -0.0000001709858945              1.0000002209807228              1.5000003314703343              1.6666666666670000              1.6666666666670000
       0.79750000               0.9999246176862210             -0.0000006660275771              1.0000008601840142              1.5000012902752713              1.6666666666670000              1.6666666666670000
       0.80250000               0.9999225916825555             -0.0000014870130382              1.0000019202308366              1.5000028803455050              1.6666666666670000              1.6666666666670000
       0.80750000               0.9999214540757614             -0.0000023431606551              1.0000030259001949              1.5000045388495422              1.6666666666670000              1.6666666666670000
       0.81250000               0.9999202680159431             -0.0000029805739533              1.0000038494385830              1.5000057741571244              1.6666666666670000              1.6666666666670000
       0.81750000               0.9999195096540591             -0.0000032871571341              1.0000042462287764              1.5000063693424144              1.6666666666670000              1.6666666666670000
       0.82250000               0.9999194246081841             -0.0000032602867522              1.0000042129719244              1.5000063194571365              1.6666666666670000              1.6666666666670000
       0.82750000               0.9999190470437578             -0.0000028542169982              1.0000036908496208              1.5000055362736813              1.6666666666670000              1.6666666666670000
       0.83250000               0.9999170665375463             -0.0000019963999899              1.0000025865865914              1.5000038798791373              1.6666666666670000              1.6666666666670000
       0.83750000               0.9999147376598858             -0.0000008513145267              1.0000011130750348              1.5000016696118021              1.6666666666670000              1.6666666666670000
       0.84250000               0.9999129477317181              0.0000001916117395              0.9999997738430556              1.4999996607638333              1.6666666666670000              1.6666666666670000
       0.84750000               0.9999110411270488              0.0000006866844960              0.9999991453957462              1.4999987180928693              1.6666666666670000              1.6666666666670000
       0.85250000               0.9999103703372140             -0.0000000989469187              1.0000001754328443              1.5000002631485161              1.6666666666670000              1.6666666666670000
       0.85750000               0.9999116928318528             -0.0000018200729015              1.0000024206536458              1.5000036309797184              1.6666666666670000              1.6666666666670000
       0.86250000               0.9999130884775459             -0.0000034862160117              1.0000046057552707              1.5000069086321559              1.6666666666670000              1.6666666666670000
       0.86750000               0.9999126014681883             -0.0000044373389689              1.0000058834151015              1.5000088251219021              1.6666666666670000              1.6666666666670000
       0.87250000               0.9999107074457301             -0.0000046540989872              1.0000062353928061              1.5000093530884588              1.6666666666670000              1.6666666666670000
       0.87750000               0.9999090286045895             -0.0000043640585065              1.0000059649489803              1.5000089474227205              1.6666666666670000              1.6666666666670000
       0.88250000               0.9999068747847637             -0.0000036807867067              1.0000052319850306              1.5000078479767958              1.6666666666670000              1.6666666666670000
       0.88750000               0.9999029733641358             -0.0000026881277327              1.0000041632223686              1.5000062448328031              1.6666666666670000              1.6666666666670000
       0.89250000               0.9998983872067621             -0.0000015173618169              1.0000029536736053              1.5000044305096576              1.6666666666670000              1.6666666666670000
       0.89750000               0.9998934781992237             -0.0000003845190796              1.0000019172916603              1.5000028759367405              1.6666666666670000              1.6666666666670000
       0.90250000               0.9998854401899427              0.0000004226339440              1.0000014734523868              1.5000022101778301              1.6666666666670000              1.6666666666670000
       0.90750000               0.9998788808043646              0.0000004533599662              1.0000022690380066              1.5000034035562597              1.6666666666670000              1.6666666666670000
       0.91250000               0.9998823146163996             -0.0000008680838605              1.0000051350326744              1.5000077025482614              1.6666666666670000              1.6666666666670000
       0.91750000               0.9998911146872173             -0.0000025688711339              1.0000089333598343              1.5000134000390015              1.6666666666670000              1.6666666666670000
       0.92250000               0.9998964983785532             -0.0000033562071382              1.0000121520975971              1.5000182281456453              1.6666666666670000              1.6666666666670000
       0.92750000               0.9999016285305287             -0.0000019611313478              1.0000133611462791              1.5000200417186687              1.6666666666670000              1.6666666666670000
       0.93250000               0.9999078405188333              0.0000013031894918              1.0000132388053362              1.5000198582072544              1.6666666666670000              1.6666666666670000
       0.93750000               0.9999152802140993              0.0000057273791993              1.0000130594652081              1.5000195891970620              1.6666666666670000              1.6666666666670000
       0.94250000               0.9999177930534007              0.0000107167424692              1.0000140571545226              1.5000210857310339              1.6666666666670000              1.6666666666670000
       0.94750000               0.9999184256383428              0.0000159089655937              1.0000173018435676              1.5000259527646014              1.6666666666670000              1.6666666666670000
       0.95250000               0.9999198129010157              0.0000214333696523              1.0000233990867191              1.5000350986293285              1.6666666666670000              1.6666666666670000
       0.95750000               0.9999235221380530              0.0000278427278676              1.0000326191401026              1.5000489287094037              1.6666666666670000              1.6666666666670000
       0.96250000               0.9999305266470143              0.0000357581557034              1.0000454040446514              1.5000681060662271              1.6666666666670000              1.6666666666670000
       0.96750000               0.9999406736115165              0.0000459545537518              1.0000623138095213              1.5000934707135318              1.6666666666670000              1.6666666666670000
       0.97250000               0.9999531453621614              0.0000594942766101              1.0000839184542865              1.5001258776806794              1.6666666666670000              1.6666666666670000
       0.97750000               0.9999663057025070              0.0000777777069174              1.0001108045951066              1.5001662068919097              1.6666666666670000              1.6666666666670000
       0.98250000               0.9999839103678488              0.0001024828911187              1.0001437316669883              1.5002155974997320              1.6666666666670000              1.6666666666670000
       0.98750000               1.0000072067969923              0.0001357186336509              1.0001835160873684              1.5002752741303025              1.6666666666670000              1.6666666666670000
       0.99250000               1.0000368257585113              0.0001784509421742              1.0002331445488284              1.5003497168224924              1.6666666666670000              1.6666666666670000
       0.99750000               1.0000746820431468              0.0002314262561501              1.0002966579951722              1.5004449869920080              1.6666666666670000              1.6666666666670000
