       0.00250000               0.9998088011828191             -0.0000046108361260              1.0000059524365876              1.5000089286541314              1.6666666666670000              1.6666666666670000
       0.00750000               0.9998072166410891             -0.0000041604542152              1.0000053710573154              1.5000080565852232              1.6666666666670000              1.6666666666670000
       0.01250000               0.9998066904491462             -0.0000046888487961              1.0000060531600674              1.5000090797393510              1.6666666666670000              1.6666666666670000
       0.01750000               0.9998071854418957             -0.0000058576685234              1.0000075619867199              1.5000113429793298              1.6666666666670000              1.6666666666670000
       0.02250000               0.9998075875451630             -0.0000070373476707              1.0000090848599572              1.5000136272891857              1.6666666666670000              1.6666666666670000
       0.02750000               0.9998071748083696             -0.0000077205537323              1.0000099669271549              1.5000149503899824              1.6666666666670000              1.6666666666670000
       0.03250000               0.9998076149018930             -0.0000076699230620              1.0000099018175173              1.5000148527255255              1.6666666666670000              1.6666666666670000
       0.03750000               0.9998073662788408             -0.0000070804847398              1.0000091414044139              1.5000137121058708              1.6666666666670000              1.6666666666670000
       0.04250000               0.9998059663075314             -0.0000061379695905              1.0000079255201444              1.5000118882794666              1.6666666666670000              1.6666666666670000
       0.04750000               0.9998053477086830             -0.0000050353824594              1.0000065034262489              1.5000097551386233              1.6666666666670000              1.6666666666670000
       0.05250000               0.9998046925635903             -0.0000039763832483              1.0000051381654016              1.5000077072473521              1.6666666666670000              1.6666666666670000
       0.05750000               0.9998037633802115             -0.0000031603980801              1.0000040874306140              1.5000061311451709              1.6666666666670000              1.6666666666670000
       0.06250000               0.9998033186219373             -0.0000027896331460              1.0000036126694711              1.5000054190034569              1.6666666666670000              1.6666666666670000
       0.06750000               0.9998035458493938             -0.0000032022184592              1.0000041510237394              1.5000062265348593              1.6666666666670000              1.6666666666670000
       0.07250000               0.9998035007927247             -0.0000043491385639              1.0000056402000559              1.5000084602993338              1.6666666666670000              1.6666666666670000
       0.07750000               0.9998037835705155             -0.0000057301807878              1.0000074358996485              1.5000111538487226              1.6666666666670000              1.6666666666670000
       0.08250000               0.9998043034714652             -0.0000067592895307              1.0000087836068625              1.5000131754095438              1.6666666666670000              1.6666666666670000
       0.08750000               0.9998037919884863             -0.0000067178636260              1.0000087585404931              1.5000131378099897              1.6666666666670000              1.6666666666670000
       0.09250000               0.9998027978947410             -0.0000054634490923              1.0000071808514270              1.5000107712763906              1.6666666666670000              1.6666666666670000
       0.09750000               0.9998026365100667             -0.0000038607194193              1.0000051724611985              1.5000077586910476              1.6666666666670000              1.6666666666670000
       0.10250000               0.9998015652380826             -0.0000026988075336              1.0000037601696938              1.5000056402537909              1.6666666666670000              1.6666666666670000
       0.10750000               0.9998013230748480             -0.0000023859929552              1.0000034824619484              1.5000052236921726              1.6666666666670000              1.6666666666670000
       0.11250000               0.9998025688310527             -0.0000026151063766              1.0000039588383953              1.5000059382568429              1.6666666666670000              1.6666666666670000
       0.11750000               0.9998036699539372             -0.0000031531370859              1.0000049107570659              1.5000073661348485              1.6666666666670000              1.6666666666670000
       0.12250000               0.9998038478182739             -0.0000037397957162              1.0000060328988820              1.5000090493475728              1.6666666666670000              1.6666666666670000
       0.12750000               0.9998049536914426             -0.0000041176581556              1.0000070350163834              1.5000105525238252              1.6666666666670000              1.6666666666670000
       0.13250000               0.9998058233501750             -0.0000041742563035              1.0000078292180061              1.5000117438262590              1.6666666666670000              1.6666666666670000
       0.13750000               0.9998059349665260             -0.0000039297961325              1.0000085191747352              1.5000127787613529              1.6666666666670000              1.6666666666670000
       0.14250000               0.9998061780894991             -0.0000033699576950              1.0000091908541682              1.5000137862805021              1.6666666666670000              1.6666666666670000
       0.14750000               0.9998064921360258             -0.0000023859839507              1.0000098436409028              1.5000147654606042              1.6666666666670000              1.6666666666670000
       0.15250000               0.9998061269278046             -0.0000008982590187              1.0000105606422651              1.5000158409626476              1.6666666666670000              1.6666666666670000
       0.15750000               0.9998060312198714              0.0000010257028124              1.0000116746387364              1.5000175119573547              1.6666666666670000              1.6666666666670000
       0.16250000               0.9998069704530391              0.0000032622383346              1.0000136677067402              1.5000205015593602              1.6666666666670000              1.6666666666670000
       0.16750000               0.9998086880729388              0.0000055729331093              1.0000172680521675              1.5000259020775011              1.6666666666670000              1.6666666666670000
       0.17250000               0.9998120176770393              0.0000079040555033              1.0000230894327009              1.5000346341483013              1.6666666666670000              1.6666666666670000
       0.17750000               0.9998172997971360              0.0000113405438708              1.0000304311624644              1.5000456467429466              1.6666666666670000              1.6666666666670000
       0.18250000               0.9998222321495450              0.0000169701305928              1.0000387819241967              1.5000581728855451              1.6666666666670000              1.6666666666670000
       0.18750000               0.9998280324976755              0.0000254396911382              1.0000484366783997              1.5000726550168497              1.6666666666670000              1.6666666666670000
       0.19250000               0.9998364286022076              0.0000368725723230              1.0000606542490187              1.5000909813727781              1.6666666666670000              1.6666666666670000
       0.19750000               0.9998479211717005              0.0000515935596992              1.0000767786614937              1.5001151679914901              1.6666666666670000              1.6666666666670000
       0.20250000               0.9998611323146184              0.0000701091713558              1.0000983266638959              1.5001474899950937              1.6666666666670000              1.6666666666670000
       0.20750000               0.9998788365655000              0.0000932638721724              1.0001268509253685              1.5001902763873025              1.6666666666670000              1.6666666666670000
       0.21250000               0.9999015884872621              0.0001223093640195              1.0001639141788337              1.5002458712675002              1.6666666666670000              1.6666666666670000
       0.21750000               0.9999292524869391              0.0001587284214541              1.0002113733644808              1.5003170600459712              1.6666666666670000              1.6666666666670000
       0.22250000               0.9999646078554855              0.0002041137967460              1.0002715785778356              1.5004073678660030              1.6666666666670000              1.6666666666670000
       0.22750000               1.0000095708742245              0.0002603802106551              1.0003471192318403              1.5005206788470100              1.6666666666670000              1.6666666666670000
       0.23250000               1.0000648324990649              0.0003300470681002              1.0004404460082332              1.5006606690115993              1.6666666666670000              1.6666666666670000
       0.23750000               1.0001324211900755              0.0004160794376997              1.0005540226065457              1.5008310339090680              1.6666666666670000              1.6666666666670000
       0.24250000               1.0002141129631197              0.0005217741323924              1.0006903720898419              1.5010355581340125              1.6666666666670000              1.6666666666670000
       0.24750000               1.0003109259696341              0.0006503718525115              1.0008524293651055              1.5012786440469075              1.6666666666670000              1.6666666666670000
       0.25250000               1.0004259632943522              0.0008035614289281              1.0010452811927992              1.5015679217884479              1.6666666666670000              1.6666666666670000
       0.25750000               1.0005636600289849              0.0009829989283138              1.0012739818231564              1.5019109727339837              1.6666666666670000              1.6666666666670000
       0.26250000               1.0007249264033311              0.0011906056501691              1.0015429271339338              1.5023143907001493              1.6666666666670000              1.6666666666670000
       0.26750000               1.0009117331704012              0.0014294207942646              1.0018545163706596              1.5027817745552379              1.6666666666670000              1.6666666666670000
       0.27250000               1.0011261083603153              0.0017021746909657              1.0022107820696582              1.5033161731037357              1.6666666666670000              1.6666666666670000
       0.27750000               1.0013692851680867              0.0020112362883799              1.0026132877537239              1.5039199316298340              1.6666666666670000              1.6666666666670000
       0.28250000               1.0016396741808964              0.0023582094967219              1.0030635302726822              1.5045952954082711              1.6666666666670000              1.6666666666670000
       0.28750000               1.0019401031787711              0.0027438757797278              1.0035629578448930              1.5053444367665869              1.6666666666670000              1.6666666666670000
       0.29250000               1.0022701625340502              0.0031686524995598              1.0041123783905730              1.5061685675851064              1.6666666666670000              1.6666666666670000
       0.29750000               1.0026281677854969              0.0036326261348201              1.0047119662111230              1.5070679493159309              1.6666666666670000              1.6666666666670000
       0.30250000               1.0030162858223375              0.0041355116947772              1.0053614102043573              1.5080421153057817              1.6666666666670000              1.6666666666670000
       0.30750000               1.0034341904400528              0.0046765899235631              1.0060601178555570              1.5090901767825813              1.6666666666670000              1.6666666666670000
       0.31250000               1.0038805836565303              0.0052546984032991              1.0068073638901109              1.5102110458344113              1.6666666666670000              1.6666666666670000
       0.31750000               1.0043553325060748              0.0058683364407223              1.0076022983335791              1.5114034474996128              1.6666666666670000              1.6666666666670000
       0.32250000               1.0048586886545747              0.0065154118897419              1.0084444137334332              1.5126666205993935              1.6666666666670000              1.6666666666670000
       0.32750000               1.0053890533763383              0.0071943986908481              1.0093321697236926              1.5139982545847817              1.6666666666670000              1.6666666666670000
       0.33250000               1.0059437505248903              0.0079051449667825              1.0102620453775906              1.5153930680656282              1.6666666666670000              1.6666666666670000
       0.33750000               1.0065229513292637              0.0086471999165728              1.0112308090922399              1.5168462136376015              1.6666666666670000              1.6666666666670000
       0.34250000               1.0071233190937867              0.0094198441568148              1.0122355540166768              1.5183533310242556              1.6666666666670000              1.6666666666670000
       0.34750000               1.0077436560144282              0.0102210071003714              1.0132751706357011              1.5199127559527914              1.6666666666670000              1.6666666666670000
       0.35250000               1.0083853870244588              0.0110480242472084              1.0143494143339122              1.5215241215001076              1.6666666666670000              1.6666666666670000
       0.35750000               1.0090472132807216              0.0118984020565963              1.0154579426389767              1.5231869139577037              1.6666666666670000              1.6666666666670000
       0.36250000               1.0097272372671200              0.0127708609132396              1.0165989706978202              1.5248984560459677              1.6666666666670000              1.6666666666670000
       0.36750000               1.0104258903367382              0.0136646562476000              1.0177701709371785              1.5266552564050040              1.6666666666670000              1.6666666666670000
       0.37250000               1.0111411183138073              0.0145789139283578              1.0189695486524930              1.5284543229779752              1.6666666666670000              1.6666666666670000
       0.37750000               1.0118701851694507              0.0155126654573117              1.0201953958965007              1.5302930938439858              1.6666666666670000              1.6666666666670000
       0.38250000               1.0126143823158724              0.0164647757361598              1.0214463907971110              1.5321695861949003              1.6666666666670000              1.6666666666670000
       0.38750000               1.0133727413989819              0.0174340753806669              1.0227214217868261              1.5340821326794720              1.6666666666670000              1.6666666666670000
       0.39250000               1.0141433882760480              0.0184198316527765              1.0240189602499423              1.5360284403741453              1.6666666666670000              1.6666666666670000
       0.39750000               1.0149258919830897              0.0194214321474166              1.0253374695806441              1.5380062043701972              1.6666666666670000              1.6666666666670000
       0.40250000               1.0157199574784124              0.0204386550753099              1.0266750407728367              1.5400125611584847              1.6666666666670000              1.6666666666670000
       0.40750000               1.0165243357626470              0.0214706263905537              1.0280307593273732              1.5420461389902889              1.6666666666670000              1.6666666666670000
       0.41250000               1.0173384330157755              0.0225153870169906              1.0294052696013585              1.5441079044012656              1.6666666666670000              1.6666666666670000
       0.41750000               1.0181658035060706              0.0235702047176594              1.0308003700734818              1.5462005551094495              1.6666666666670000              1.6666666666670000
       0.42250000               1.0190042639438579              0.0246345300858656              1.0322150940085952              1.5483226410121185              1.6666666666670000              1.6666666666670000
       0.42750000               1.0198511600392752              0.0257100395574321              1.0336456261134688              1.5504684391694281              1.6666666666670000              1.6666666666670000
       0.43250000               1.0207059415383328              0.0267970633194875              1.0350900197382218              1.5526350296065561              1.6666666666670000              1.6666666666670000
       0.43750000               1.0215680552589361              0.0278949307535094              1.0365477455737815              1.5548216183598946              1.6666666666670000              1.6666666666670000
       0.44250000               1.0224359839183299              0.0290028410664756              1.0380185274541549              1.5570277911804540              1.6666666666670000              1.6666666666670000
       0.44750000               1.0233121615922551              0.0301198945943197              1.0395023046025085              1.5592534569029828              1.6666666666670000              1.6666666666670000
       0.45250000               1.0241958758655025              0.0312451057050133              1.0409992066193874              1.5614988099283003              1.6666666666670000              1.6666666666670000
       0.45750000               1.0250859729222173              0.0323779749619690              1.0425087831416007              1.5637631747116192              1.6666666666670000              1.6666666666670000
       0.46250000               1.0259834754775181              0.0335183375895682              1.0440301998489914              1.5660452997727039              1.6666666666670000              1.6666666666670000
       0.46750000               1.0268878422903756              0.0346658376941175              1.0455629363660341              1.5683444045482668              1.6666666666670000              1.6666666666670000
       0.47250000               1.0277966637382339              0.0358199299411576              1.0471067756527781              1.5706601634783817              1.6666666666670000              1.6666666666670000
       0.47750000               1.0287116432472674              0.0369794964840752              1.0486623188832342              1.5729934783240647              1.6666666666670000              1.6666666666670000
       0.48250000               1.0296339018135150              0.0381437136654525              1.0502298268000887              1.5753447401993452              1.6666666666670000              1.6666666666670000
       0.48750000               1.0305612697838569              0.0393136506777980              1.0518070604229239              1.5777105906335971              1.6666666666670000              1.6666666666670000
       0.49250000               1.0314918064106970              0.0404902105101537              1.0533920322597135              1.5800880483887800              1.6666666666670000              1.6666666666670000
       0.49750000               1.0324252405130967              0.0416745761753615              1.0549824056971651              1.5824736085449562              1.6666666666670000              1.6666666666670000
       0.50250000               1.0333615881394909              0.0428656981895313              1.0565788801670872              1.5848683202498381              1.6666666666670000              1.6666666666670000
       0.50750000               1.0343010604866003              0.0440606578840054              1.0581847133206141              1.5872770699801275              1.6666666666670000              1.6666666666670000
       0.51250000               1.0352479890967168              0.0452571736008845              1.0598023538320294              1.5897035307472491              1.6666666666670000              1.6666666666670000
       0.51750000               1.0362002465419562              0.0464564691485635              1.0614295447654309              1.5921443171473499              1.6666666666670000              1.6666666666670000
       0.52250000               1.0371549465836780              0.0476594679427378              1.0630644471432547              1.5945966707140846              1.6666666666670000              1.6666666666670000
       0.52750000               1.0381139954719711              0.0488668861853869              1.0647055188428196              1.5970582782634308              1.6666666666670000              1.6666666666670000
       0.53250000               1.0390759619753578              0.0500788046547013              1.0663520982404273              1.5995281473598413              1.6666666666670000              1.6666666666670000
       0.53750000               1.0400388749636744              0.0512947483335008              1.0680042910915137              1.6020064366364695              1.6666666666670000              1.6666666666670000
       0.54250000               1.0410069216911533              0.0525135766461388              1.0696631323922723              1.6044946985876063              1.6666666666670000              1.6666666666670000
       0.54750000               1.0419789269613253              0.0537347958704090              1.0713288025685495              1.6069932038520205              1.6666666666670000              1.6666666666670000
       0.55250000               1.0429522031245226              0.0549592686996003              1.0729996371906312              1.6094994557851421              1.6666666666670000              1.6666666666670000
       0.55750000               1.0439285664523683              0.0561870845063419              1.0746750408828372              1.6120125613234499              1.6666666666670000              1.6666666666670000
       0.56250000               1.0449077563097213              0.0574180481571423              1.0763548154692133              1.6145322232030124              1.6666666666670000              1.6666666666670000
       0.56750000               1.0458878023374865              0.0586512424242853              1.0780397640919988              1.6170596461371896              1.6666666666670000              1.6666666666670000
       0.57250000               1.0468704755613576              0.0598849577046377              1.0797317889035463              1.6195976833545096              1.6666666666670000              1.6666666666670000
       0.57750000               1.0478588004362901              0.0611172352388244              1.0814331564608108              1.6221497346904050              1.6666666666670000              1.6666666666670000
       0.58250000               1.0488483494272389              0.0623507332614154              1.0831398086653792              1.6247097129972563              1.6666666666670000              1.6666666666670000
       0.58750000               1.0498375734610923              0.0635877665063136              1.0848481200394013              1.6272721800582881              1.6666666666670000              1.6666666666670000
       0.59250000               1.0508289296509572              0.0648294484485824              1.0865561467536187              1.6298342201296130              1.6666666666670000              1.6666666666670000
       0.59750000               1.0518189312549646              0.0660743573497341              1.0882654008620294              1.6323981012922277              1.6666666666670000              1.6666666666670000
       0.60250000               1.0528094912320445              0.0673198941825833              1.0899790682602886              1.6349686023896153              1.6666666666670000              1.6666666666670000
       0.60750000               1.0538066167239253              0.0685642252631088              1.0916992745268408              1.6375489117894426              1.6666666666670000              1.6666666666670000
       0.61250000               1.0548048806259638              0.0698082325069935              1.0934243963985169              1.6401365945969553              1.6666666666670000              1.6666666666670000
       0.61750000               1.0558016846987104              0.0710527090875604              1.0951529542657625              1.6427294313978222              1.6666666666670000              1.6666666666670000
       0.62250000               1.0568035993725293              0.0722981107751107              1.0968838250444606              1.6453257375658681              1.6666666666670000              1.6666666666670000
       0.62750000               1.0578056441266248              0.0735445721509179              1.0986165365579343              1.6479248048360775              1.6666666666670000              1.6666666666670000
       0.63250000               1.0588053624768627              0.0747915138212006              1.1003512766846746              1.6505269150261863              1.6666666666670000              1.6666666666670000
       0.63750000               1.0598100866147029              0.0760369554325109              1.1020906223044691              1.6531359334558768              1.6666666666670000              1.6666666666670000
       0.64250000               1.0608159013781751              0.0772806528364577              1.1038343017246015              1.6557514525860744              1.6666666666670000              1.6666666666670000
       0.64750000               1.0618160762304039              0.0785257002549606              1.1055776996222306              1.6583665494325168              1.6666666666670000              1.6666666666670000
       0.65250000               1.0628185206636065              0.0797747456920442              1.1073167328695686              1.6609750993035224              1.6666666666670000              1.6666666666670000
       0.65750000               1.0638202845426139              0.0810242627462529              1.1090551873909946              1.6635827810856598              1.6666666666670000              1.6666666666670000
       0.66250000               1.0648180364957172              0.0822710447643237              1.1107979622830040              1.6661969434236725              1.6666666666670000              1.6666666666670000
       0.66750000               1.0658214075104100              0.0835120067949803              1.1125468841298076              1.6688203261938770              1.6666666666670000              1.6666666666670000
       0.67250000               1.0668274972172227              0.0847497314720541              1.1143000773410934              1.6714501160108042              1.6666666666670000              1.6666666666670000
       0.67750000               1.0678302108067552              0.0859849364574245              1.1160559373398145              1.6740839060088846              1.6666666666670000              1.6666666666670000
       0.68250000               1.0688221105209983              0.0872255189333866              1.1178082017965958              1.6767123026940554              1.6666666666670000              1.6666666666670000
       0.68750000               1.0698078732181187              0.0884693253628166              1.1195579449189232              1.6793369173775450              1.6666666666670000              1.6666666666670000
       0.69250000               1.0707781124168199              0.0897101545288650              1.1213028446779774              1.6819542670161249              1.6666666666670000              1.6666666666670000
       0.69750000               1.0717637684775407              0.0909404278443131              1.1230429531140476              1.6845644296702289              1.6666666666670000              1.6666666666670000
       0.70250000               1.0727609603960511              0.0921495648211961              1.1247588281763770              1.6871382422637218              1.6666666666670000              1.6666666666670000
       0.70750000               1.0737293264873429              0.0933372248120787              1.1264429271961824              1.6896643907934288              1.6666666666670000              1.6666666666670000
       0.71250000               1.0747224065590915              0.0945518702976704              1.1281657704234425              1.6922486556343173              1.6666666666670000              1.6666666666670000
       0.71750000               1.0759086413366943              0.0959721045039491              1.1301914428013060              1.6952871642011111              1.6666666666670000              1.6666666666670000
       0.72250000               1.0773085862524885              0.0976760658490428              1.1326118526930575              1.6989177790387369              1.6666666666670000              1.6666666666670000
       0.72750000               1.0786188896545963              0.0993137705059448              1.1349061364585520              1.7023592046869767              1.6666666666670000              1.6666666666670000
       0.73250000               1.0793371637328177              0.1001376274717448              1.1361501636219979              1.7042252454321449              1.6666666666670000              1.6666666666670000
       0.73750000               1.0787610668880641              0.0993671887694033              1.1351439903824516              1.7027159855728260              1.6666666666670000              1.6666666666670000
       0.74250000               1.0741427668622763              0.0938386773315444              1.1270800211894294              1.6906200317832987              1.6666666666670000              1.6666666666670000
       0.74750000               1.0633198579867451              0.0803660734942252              1.1081756527861246              1.6622634791783555              1.6666666666670000              1.6666666666670000
       0.75250000               1.0385540947975376              0.0493831745559509              1.0654511720513986              1.5981767580762989              1.6666666666670000              1.6666666666670000
       0.75750000               1.0139597811809296              0.0181295034244533              1.0236751424243689              1.5355127136357856              1.6666666666670000              1.6666666666670000
       0.76250000               1.0031839820037494              0.0043263552545569              1.0056067810968119              1.5084101716444636              1.6666666666670000              1.6666666666670000
       0.76750000               1.0007563703528592              0.0011975940762309              1.0015582736036821              1.5023374104047720              1.6666666666670000              1.6666666666670000
       0.77250000               1.0000866536092770              0.0003324966021050              1.0004427922400425              1.5006641883593130              1.6666666666670000              1.6666666666670000
       0.77750000               0.9999006738897688              0.0000928539937927              1.0001337950900913              1.5002006926343869              1.6666666666670000              1.6666666666670000
       0.78250000               0.9998485914685686              0.0000265784977109              1.0000478578035301              1.5000717867045450              1.6666666666670000              1.6666666666670000
       0.78750000               0.9998321504565242              0.0000076568770790              1.0000224950549168              1.5000337425816253              1.6666666666670000              1.6666666666670000
       0.79250000               0.9998269663199680              0.0000019025077846              1.0000138936073402              1.5000208404102602              1.6666666666670000              1.6666666666670000
       0.79750000               0.9998274171621933             -0.0000000920983060              1.0000102666625996              1.5000153999931496              1.6666666666670000              1.6666666666670000
       0.80250000               0.9998290887635289             -0.0000010381845076              1.0000084361105555              1.5000126541650831              1.6666666666670000              1.6666666666670000
       0.80750000               0.9998305684160040             -0.0000018410095515              1.0000075633561927              1.5000113450335388              1.6666666666670000              1.6666666666670000
       0.81250000               0.9998312807801352             -0.0000028403675499              1.0000074258746114              1.5000111388111674              1.6666666666670000              1.6666666666670000
       0.81750000               0.9998300660782614             -0.0000039666653240              1.0000077625120716              1.5000116437673574              1.6666666666670000              1.6666666666670000
       0.82250000               0.9998287682352481             -0.0000050378797530              1.0000083345069826              1.5000125017597237              1.6666666666670000              1.6666666666670000
       0.82750000               0.9998277508631745             -0.0000058414631192              1.0000088268082234              1.5000132402115851              1.6666666666670000              1.6666666666670000
       0.83250000               0.9998257485160434             -0.0000061383190903              1.0000088359409849              1.5000132539107274              1.6666666666670000              1.6666666666670000
       0.83750000               0.9998238726605734             -0.0000058316656374              1.0000081675661354              1.5000122513484533              1.6666666666670000              1.6666666666670000
       0.84250000               0.9998225165136019             -0.0000052086617126              1.0000071640225854              1.5000107460331280              1.6666666666670000              1.6666666666670000
       0.84750000               0.9998211565621312             -0.0000046083028638              1.0000062500748974              1.5000093751115962              1.6666666666670000              1.6666666666670000
       0.85250000               0.9998194111481944             -0.0000043767868308              1.0000058573375450              1.5000087860055673              1.6666666666670000              1.6666666666670000
       0.85750000               0.9998185661569361             -0.0000047460252600              1.0000062693152663              1.5000094039721492              1.6666666666670000              1.6666666666670000
       0.86250000               0.9998181117279643             -0.0000054535609084              1.0000071369991466              1.5000107054979699              1.6666666666670000              1.6666666666670000
       0.86750000               0.9998173514564931             -0.0000062357449629              1.0000081148615796              1.5000121722916193              1.6666666666670000              1.6666666666670000
       0.87250000               0.9998179675025821             -0.0000068481565035              1.0000088839641266              1.5000133259454398              1.6666666666670000              1.6666666666670000
       0.87750000               0.9998183079257607             -0.0000070873149257              1.0000091784552010              1.5000137676820513              1.6666666666670000              1.6666666666670000
       0.88250000               0.9998174922131513             -0.0000068847149441              1.0000089073321861              1.5000133609975290              1.6666666666670000              1.6666666666670000
       0.88750000               0.9998161775191537             -0.0000063459214325              1.0000082052671238              1.5000123078999354              1.6666666666670000              1.6666666666670000
       0.89250000               0.9998150056649339             -0.0000055973757196              1.0000072345354989              1.5000108518024982              1.6666666666670000              1.6666666666670000
       0.89750000               0.9998136511427060             -0.0000048004053048              1.0000062027464776              1.5000093041189662              1.6666666666670000              1.6666666666670000
       0.90250000               0.9998110753304030             -0.0000041546270233              1.0000053670791820              1.5000080506180229              1.6666666666670000              1.6666666666670000
       0.90750000               0.9998076187114691             -0.0000038702308380              1.0000049985468069              1.5000074978194604              1.6666666666670000              1.6666666666670000
       0.91250000               0.9998019326776529             -0.0000042693902589              1.0000055128789089              1.5000082693176133              1.6666666666670000              1.6666666666670000
       0.91750000               0.9997953106224773             -0.0000052155385634              1.0000067337029792              1.5000101005537188              1.6666666666670000              1.6666666666670000
       0.92250000               0.9997923740353866             -0.0000062341571372              1.0000080483468228              1.5000120725194843              1.6666666666670000              1.6666666666670000
       0.92750000               0.9997917926464742             -0.0000068663249378              1.0000088642652969              1.5000132963971953              1.6666666666670000              1.6666666666670000
       0.93250000               0.9997923933672404             -0.0000068565187761              1.0000088515354879              1.5000132773024819              1.6666666666670000              1.6666666666670000
       0.93750000               0.9997956859802620             -0.0000064219607634              1.0000082905227385              1.5000124357833575              1.6666666666670000              1.6666666666670000
       0.94250000               0.9997997527486535             -0.0000057544986700              1.0000074288523437              1.5000111432777656              1.6666666666670000              1.6666666666670000
       0.94750000               0.9998037234982579             -0.0000051034897521              1.0000065884028775              1.5000098826035662              1.6666666666670000              1.6666666666670000
       0.95250000               0.9998116836674693             -0.0000047036915879              1.0000060722194442              1.5000091083284162              1.6666666666670000              1.6666666666670000
       0.95750000               0.9998162738961583             -0.0000046714699850              1.0000060305362246              1.5000090458035871              1.6666666666670000              1.6666666666670000
       0.96250000               0.9998161067354654             -0.0000049266170558              1.0000063598339590              1.5000095397501887              1.6666666666670000              1.6666666666670000
       0.96750000               0.9998161531787654             -0.0000053856771485              1.0000069523992310              1.5000104285980964              1.6666666666670000              1.6666666666670000
       0.97250000               0.9998165785714287             -0.0000059512702224              1.0000076825300785              1.5000115237943681              1.6666666666670000              1.6666666666670000
       0.97750000               0.9998168650399603             -0.0000064996613838              1.0000083904874564              1.5000125857304345              1.6666666666670000              1.6666666666670000
       0.98250000               0.9998166393177887             -0.0000068884949544              1.0000088924904569              1.5000133387349353              1.6666666666670000              1.6666666666670000
       0.98750000               0.9998159970866997             -0.0000069656145109              1.0000089921068831              1.5000134881595748              1.6666666666670000              1.6666666666670000
       0.99250000               0.9998135295586843             -0.0000064496424705              1.0000083260873713              1.5000124891303070              1.6666666666670000              1.6666666666670000
       0.99750000               0.9998106507744097             -0.0000055154614002              1.0000071201871656              1.5000106802799984              1.6666666666670000              1.6666666666670000
