       0.00250000               1.0000024715444154              0.9999999999999996              0.5999999999998801              0.8999999999993702              1.6666666666670000              1.6666666666670000
       0.00750000               1.0000035271974779              0.9999999999999996              0.5999999999998815              0.8999999999993721              1.6666666666670000              1.6666666666670000
       0.01250000               1.0000050090796078              1.0000000000000007              0.5999999999998791              0.8999999999993685              1.6666666666670000              1.6666666666670000
       0.01750000               1.0000070786712951              1.0000000000000002              0.5999999999998801              0.8999999999993701              1.6666666666670000              1.6666666666670000
       0.02250000               1.0000099542837033              0.9999999999999987              0.5999999999998814              0.8999999999993721              1.6666666666670000              1.6666666666670000
       0.02750000               1.0000139293708941              0.9999999999999993              0.5999999999998810              0.8999999999993713              1.6666666666670000              1.6666666666670000
       0.03250000               1.0000193961235191              1.0000000000000004              0.5999999999998799              0.8999999999993696              1.6666666666670000              1.6666666666670000
       0.03750000               1.0000268756535284              1.0000000000000013              0.5999999999998790              0.8999999999993684              1.6666666666670000              1.6666666666670000
       0.04250000               1.0000370563346639              0.9999999999999996              0.5999999999998804              0.8999999999993706              1.6666666666670000              1.6666666666670000
       0.04750000               1.0000508421467760              0.9999999999999989              0.5999999999998813              0.8999999999993719              1.6666666666670000              1.6666666666670000
       0.05250000               1.0000694131795389              0.9999999999999998              0.5999999999998801              0.8999999999993702              1.6666666666670000              1.6666666666670000
       0.05750000               1.0000943007759808              1.0000000000000007              0.5999999999998796              0.8999999999993693              1.6666666666670000              1.6666666666670000
       0.06250000               1.0001274801279232              0.9999999999999982              0.5999999999998817              0.8999999999993726              1.6666666666670000              1.6666666666670000
       0.06750000               1.0001714834587894              0.9999999999999987              0.5999999999998815              0.8999999999993722              1.6666666666670000              1.6666666666670000
       0.07250000               1.0002295372241186              0.9999999999999996              0.5999999999998800              0.8999999999993700              1.6666666666670000              1.6666666666670000
       0.07750000               1.0003057270010987              0.9999999999999980              0.5999999999998817              0.8999999999993725              1.6666666666670000              1.6666666666670000
       0.08250000               1.0004051938942151              1.0000000000000007              0.5999999999998790              0.8999999999993684              1.6666666666670000              1.6666666666670000
       0.08750000               1.0005343663160307              0.9999999999999993              0.5999999999998796              0.8999999999993694              1.6666666666670000              1.6666666666670000
       0.09250000               1.0007012308652765              0.9999999999999989              0.5999999999998810              0.8999999999993715              1.6666666666670000              1.6666666666670000
       0.09750000               1.0009156456702415              1.0000000000000000              0.5999999999998797              0.8999999999993696              1.6666666666670000              1.6666666666670000
       0.10250000               1.0011896989418334              1.0000000000000009              0.5999999999998785              0.8999999999993678              1.6666666666670000              1.6666666666670000
       0.10750000               1.0015381145343536              0.9999999999999996              0.5999999999998803              0.8999999999993704              1.6666666666670000              1.6666666666670000
       0.11250000               1.0019787049873088              0.9999999999999989              0.5999999999998807              0.8999999999993711              1.6666666666670000              1.6666666666670000
       0.11750000               1.0025328707668759              0.9999999999999996              0.5999999999998800              0.8999999999993700              1.6666666666670000              1.6666666666670000
       0.12250000               1.0032261422029440              1.0000000000000004              0.5999999999998794              0.8999999999993690              1.6666666666670000              1.6666666666670000
       0.12750000               1.0040887579090469              0.9999999999999996              0.5999999999998805              0.8999999999993706              1.6666666666670000              1.6666666666670000
       0.13250000               1.0051562702777159              1.0000000000000007              0.5999999999998792              0.8999999999993687              1.6666666666670000              1.6666666666670000
       0.13750000               1.0064701649791614              0.9999999999999993              0.5999999999998809              0.8999999999993712              1.6666666666670000              1.6666666666670000
       0.14250000               1.0080784773012410              1.0000000000000004              0.5999999999998797              0.8999999999993695              1.6666666666670000              1.6666666666670000
       0.14750000               1.0100363837511330              1.0000000000000011              0.5999999999998791              0.8999999999993686              1.6666666666670000              1.6666666666670000
       0.15250000               1.0124067427536514              0.9999999999999998              0.5999999999998806              0.8999999999993709              1.6666666666670000              1.6666666666670000
       0.15750000               1.0152605537293711              1.0000000000000004              0.5999999999998800              0.8999999999993699              1.6666666666670000              1.6666666666670000
       0.16250000               1.0186772995281177              1.0000000000000007              0.5999999999998807              0.8999999999993711              1.6666666666670000              1.6666666666670000
       0.16750000               1.0227451333586954              1.0000000000000000              0.5999999999998813              0.8999999999993719              1.6666666666670000              1.6666666666670000
       0.17250000               1.0275608682942512              0.9999999999999998              0.5999999999998804              0.8999999999993705              1.6666666666670000              1.6666666666670000
       0.17750000               1.0332297255486691              1.0000000000000020              0.5999999999998789              0.8999999999993683              1.6666666666670000              1.6666666666670000
       0.18250000               1.0398647974521320              0.9999999999999983              0.5999999999998826              0.8999999999993740              1.6666666666670000              1.6666666666670000
       0.18750000               1.0475861827372235              1.0000000000000013              0.5999999999998794              0.8999999999993690              1.6666666666670000              1.6666666666670000
       0.19250000               1.0565197555481045              1.0000000000000009              0.5999999999998800              0.8999999999993699              1.6666666666670000              1.6666666666670000
       0.19750000               1.0667955356314718              0.9999999999999993              0.5999999999998811              0.8999999999993715              1.6666666666670000              1.6666666666670000
       0.20250000               1.0785456357429317              1.0000000000000002              0.5999999999998802              0.8999999999993702              1.6666666666670000              1.6666666666670000
       0.20750000               1.0919017738225174              0.9999999999999998              0.5999999999998802              0.8999999999993703              1.6666666666670000              1.6666666666670000
       0.21250000               1.1069923521425753              0.9999999999999996              0.5999999999998804              0.8999999999993705              1.6666666666670000              1.6666666666670000
       0.21750000               1.1239391229431337              1.0000000000000004              0.5999999999998796              0.8999999999993695              1.6666666666670000              1.6666666666670000
       0.22250000               1.1428534789860523              1.0000000000000004              0.5999999999998791              0.8999999999993685              1.6666666666670000              1.6666666666670000
       0.22750000               1.1638324270213574              1.0000000000000007              0.5999999999998790              0.8999999999993684              1.6666666666670000              1.6666666666670000
       0.23250000               1.1869543222285497              1.0000000000000007              0.5999999999998789              0.8999999999993683              1.6666666666670000              1.6666666666670000
       0.23750000               1.2122744627658868              0.9999999999999991              0.5999999999998805              0.8999999999993706              1.6666666666670000              1.6666666666670000
       0.24250000               1.2398206654368242              0.9999999999999991              0.5999999999998809              0.8999999999993713              1.6666666666670000              1.6666666666670000
       0.24750000               1.2695889639346920              0.9999999999999990              0.5999999999998805              0.8999999999993709              1.6666666666670000              1.6666666666670000
       0.25250000               1.3015395862167436              0.9999999999999990              0.5999999999998815              0.8999999999993722              1.6666666666670000              1.6666666666670000
       0.25750000               1.3355933741552943              0.9999999999999990              0.5999999999998807              0.8999999999993712              1.6666666666670000              1.6666666666670000
       0.26250000               1.3716288072800549              0.9999999999999987              0.5999999999998820              0.8999999999993729              1.6666666666670000              1.6666666666670000
       0.26750000               1.4094797875976388              0.9999999999999996              0.5999999999998803              0.8999999999993704              1.6666666666670000              1.6666666666670000
       0.27250000               1.4489343384777180              0.9999999999999992              0.5999999999998814              0.8999999999993720              1.6666666666670000              1.6666666666670000
       0.27750000               1.4897343659597355              0.9999999999999991              0.5999999999998815              0.8999999999993722              1.6666666666670000              1.6666666666670000
       0.28250000               1.5315766162525699              0.9999999999999996              0.5999999999998802              0.8999999999993703              1.6666666666670000              1.6666666666670000
       0.28750000               1.5741149269856824              0.9999999999999999              0.5999999999998802              0.8999999999993701              1.6666666666670000              1.6666666666670000
       0.29250000               1.6169638087135547              0.9999999999999999              0.5999999999998805              0.8999999999993706              1.6666666666670000              1.6666666666670000
       0.29750000               1.6597033205613285              0.9999999999999993              0.5999999999998805              0.8999999999993707              1.6666666666670000              1.6666666666670000
       0.30250000               1.7018851459533459              1.0000000000000004              0.5999999999998794              0.8999999999993691              1.6666666666670000              1.6666666666670000
       0.30750000               1.7430397536745121              1.0000000000000004              0.5999999999998804              0.8999999999993706              1.6666666666670000              1.6666666666670000
       0.31250000               1.7826845449053050              1.0000000000000002              0.5999999999998791              0.8999999999993686              1.6666666666670000              1.6666666666670000
       0.31750000               1.8203329053439683              1.0000000000000002              0.5999999999998801              0.8999999999993700              1.6666666666670000              1.6666666666670000
       0.32250000               1.8555040527323072              0.9999999999999999              0.5999999999998803              0.8999999999993704              1.6666666666670000              1.6666666666670000
       0.32750000               1.8877334590680788              0.9999999999999993              0.5999999999998815              0.8999999999993722              1.6666666666670000              1.6666666666670000
       0.33250000               1.9165834457988180              0.9999999999999993              0.5999999999998811              0.8999999999993716              1.6666666666670000              1.6666666666670000
       0.33750000               1.9416533676451260              0.9999999999999993              0.5999999999998815              0.8999999999993722              1.6666666666670000              1.6666666666670000
       0.34250000               1.9625887173271754              0.9999999999999999              0.5999999999998804              0.8999999999993705              1.6666666666670000              1.6666666666670000
       0.34750000               1.9790885915227632              1.0000000000000002              0.5999999999998799              0.8999999999993697              1.6666666666670000              1.6666666666670000
       0.35250000               1.9909113176058959              0.9999999999999998              0.5999999999998806              0.8999999999993709              1.6666666666670000              1.6666666666670000
       0.35750000               1.9978787344634961              0.9999999999999998              0.5999999999998796              0.8999999999993694              1.6666666666670000              1.6666666666670000
       0.36250000               1.9998808880386874              0.9999999999999996              0.5999999999998797              0.8999999999993696              1.6666666666670000              1.6666666666670000
       0.36750000               1.9968839094669089              0.9999999999999991              0.5999999999998802              0.8999999999993702              1.6666666666670000              1.6666666666670000
       0.37250000               1.9889358871250329              0.9999999999999993              0.5999999999998800              0.8999999999993699              1.6666666666670000              1.6666666666670000
       0.37750000               1.9761606485572911              0.9999999999999996              0.5999999999998797              0.8999999999993695              1.6666666666670000              1.6666666666670000
       0.38250000               1.9587502487322099              0.9999999999999999              0.5999999999998795              0.8999999999993692              1.6666666666670000              1.6666666666670000
       0.38750000               1.9369597854710570              1.0000000000000000              0.5999999999998790              0.8999999999993684              1.6666666666670000              1.6666666666670000
       0.39250000               1.9111023363946120              1.0000000000000000              0.5999999999998795              0.8999999999993692              1.6666666666670000              1.6666666666670000
       0.39750000               1.8815426809654621              1.0000000000000000              0.5999999999998801              0.8999999999993701              1.6666666666670000              1.6666666666670000
       0.40250000               1.8486894913379008              0.9999999999999997              0.5999999999998802              0.8999999999993702              1.6666666666670000              1.6666666666670000
       0.40750000               1.8129861815482633              0.9999999999999991              0.5999999999998807              0.8999999999993711              1.6666666666670000              1.6666666666670000
       0.41250000               1.7749008732767966              0.9999999999999997              0.5999999999998793              0.8999999999993689              1.6666666666670000              1.6666666666670000
       0.41750000               1.7349160080693939              0.9999999999999999              0.5999999999998799              0.8999999999993696              1.6666666666670000              1.6666666666670000
       0.42250000               1.6935180847142937              0.9999999999999996              0.5999999999998802              0.8999999999993703              1.6666666666670000              1.6666666666670000
       0.42750000               1.6511878932759225              0.9999999999999999              0.5999999999998793              0.8999999999993690              1.6666666666670000              1.6666666666670000
       0.43250000               1.6083915081824463              1.0000000000000004              0.5999999999998791              0.8999999999993684              1.6666666666670000              1.6666666666670000
       0.43750000               1.5655722217402623              1.0000000000000011              0.5999999999998785              0.8999999999993678              1.6666666666670000              1.6666666666670000
       0.44250000               1.5231435503088193              1.0000000000000007              0.5999999999998794              0.8999999999993690              1.6666666666670000              1.6666666666670000
       0.44750000               1.4814834157303565              1.0000000000000002              0.5999999999998796              0.8999999999993694              1.6666666666670000              1.6666666666670000
       0.45250000               1.4409295783413008              0.9999999999999989              0.5999999999998815              0.8999999999993723              1.6666666666670000              1.6666666666670000
       0.45750000               1.4017763646251888              0.9999999999999996              0.5999999999998810              0.8999999999993714              1.6666666666670000              1.6666666666670000
       0.46250000               1.3642726907065494              0.9999999999999997              0.5999999999998800              0.8999999999993700              1.6666666666670000              1.6666666666670000
       0.46750000               1.3286213372839788              1.0000000000000000              0.5999999999998794              0.8999999999993690              1.6666666666670000              1.6666666666670000
       0.47250000               1.2949793890478196              0.9999999999999998              0.5999999999998809              0.8999999999993713              1.6666666666670000              1.6666666666670000
       0.47750000               1.2634597172073663              1.0000000000000002              0.5999999999998791              0.8999999999993686              1.6666666666670000              1.6666666666670000
       0.48250000               1.2341333594730151              1.0000000000000013              0.5999999999998782              0.8999999999993673              1.6666666666670000              1.6666666666670000
       0.48750000               1.2070326372315232              1.0000000000000013              0.5999999999998782              0.8999999999993672              1.6666666666670000              1.6666666666670000
       0.49250000               1.1821548431721667              0.9999999999999998              0.5999999999998796              0.8999999999993694              1.6666666666670000              1.6666666666670000
       0.49750000               1.1594663327774835              1.0000000000000013              0.5999999999998780              0.8999999999993669              1.6666666666670000              1.6666666666670000
       0.50250000               1.1389068588696623              1.0000000000000000              0.5999999999998795              0.8999999999993692              1.6666666666670000              1.6666666666670000
       0.50750000               1.1203939991083744              1.0000000000000007              0.5999999999998779              0.8999999999993666              1.6666666666670000              1.6666666666670000
       0.51250000               1.1038275412614307              1.0000000000000011              0.5999999999998773              0.8999999999993659              1.6666666666670000              1.6666666666670000
       0.51750000               1.0890937092880251              0.9999999999999981              0.5999999999998817              0.8999999999993726              1.6666666666670000              1.6666666666670000
       0.52250000               1.0760691336503978              1.0000000000000004              0.5999999999998786              0.8999999999993680              1.6666666666670000              1.6666666666670000
       0.52750000               1.0646244906081872              1.0000000000000024              0.5999999999998765              0.8999999999993648              1.6666666666670000              1.6666666666670000
       0.53250000               1.0546277564570470              1.0000000000000007              0.5999999999998789              0.8999999999993683              1.6666666666670000              1.6666666666670000
       0.53750000               1.0459470428510811              0.9999999999999986              0.5999999999998809              0.8999999999993712              1.6666666666670000              1.6666666666670000
       0.54250000               1.0384529978128481              0.9999999999999977              0.5999999999998812              0.8999999999993719              1.6666666666670000              1.6666666666670000
       0.54750000               1.0320207732959268              0.9999999999999948              0.5999999999998841              0.8999999999993762              1.6666666666670000              1.6666666666670000
       0.55250000               1.0265315739023868              1.0000000000000040              0.5999999999998746              0.8999999999993621              1.6666666666670000              1.6666666666670000
       0.55750000               1.0218738124024980              0.9999999999999982              0.5999999999998807              0.8999999999993711              1.6666666666670000              1.6666666666670000
       0.56250000               1.0179439060285040              0.9999999999999993              0.5999999999998805              0.8999999999993706              1.6666666666670000              1.6666666666670000
       0.56750000               1.0146467532196437              0.9999999999999989              0.5999999999998801              0.8999999999993701              1.6666666666670000              1.6666666666670000
       0.57250000               1.0118959337848374              0.9999999999999991              0.5999999999998803              0.8999999999993704              1.6666666666670000              1.6666666666670000
       0.57750000               1.0096136766074530              1.0000000000000004              0.5999999999998786              0.8999999999993680              1.6666666666670000              1.6666666666670000
       0.58250000               1.0077306383721487              0.9999999999999944              0.5999999999998848              0.8999999999993772              1.6666666666670000              1.6666666666670000
       0.58750000               1.0061855347003388              0.9999999999999989              0.5999999999998807              0.8999999999993710              1.6666666666670000              1.6666666666670000
       0.59250000               1.0049246618908425              0.9999999999999982              0.5999999999998816              0.8999999999993724              1.6666666666670000              1.6666666666670000
       0.59750000               1.0039013435106172              1.0000000000000033              0.5999999999998762              0.8999999999993642              1.6666666666670000              1.6666666666670000
       0.60250000               1.0030753316743937              1.0000000000000004              0.5999999999998799              0.8999999999993697              1.6666666666670000              1.6666666666670000
       0.60750000               1.0024121882566637              0.9999999999999991              0.5999999999998810              0.8999999999993715              1.6666666666670000              1.6666666666670000
       0.61250000               1.0018826667189700              1.0000000000000011              0.5999999999998787              0.8999999999993680              1.6666666666670000              1.6666666666670000
       0.61750000               1.0014621108840644              1.0000000000000024              0.5999999999998772              0.8999999999993659              1.6666666666670000              1.6666666666670000
       0.62250000               1.0011298829773361              0.9999999999999982              0.5999999999998816              0.8999999999993723              1.6666666666670000              1.6666666666670000
       0.62750000               1.0008688296718971              1.0000000000000004              0.5999999999998799              0.8999999999993697              1.6666666666670000              1.6666666666670000
       0.63250000               1.0006647917668621              1.0000000000000013              0.5999999999998790              0.8999999999993683              1.6666666666670000              1.6666666666670000
       0.63750000               1.0005061605161647              0.9999999999999989              0.5999999999998817              0.8999999999993725              1.6666666666670000              1.6666666666670000
       0.64250000               1.0003834815004300              0.9999999999999991              0.5999999999998809              0.8999999999993713              1.6666666666670000              1.6666666666670000
       0.64750000               1.0002891052688945              0.9999999999999989              0.5999999999998817              0.8999999999993726              1.6666666666670000              1.6666666666670000
       0.65250000               1.0002168827310107              0.9999999999999996              0.5999999999998800              0.8999999999993699              1.6666666666670000              1.6666666666670000
       0.65750000               1.0001619023984261              1.0000000000000004              0.5999999999998799              0.8999999999993697              1.6666666666670000              1.6666666666670000
       0.66250000               1.0001202660129151              1.0000000000000004              0.5999999999998795              0.8999999999993693              1.6666666666670000              1.6666666666670000
       0.66750000               1.0000888987904883              1.0000000000000007              0.5999999999998793              0.8999999999993690              1.6666666666670000              1.6666666666670000
       0.67250000               1.0000653904135257              1.0000000000000013              0.5999999999998784              0.8999999999993675              1.6666666666670000              1.6666666666670000
       0.67750000               1.0000478629632730              1.0000000000000020              0.5999999999998782              0.8999999999993674              1.6666666666670000              1.6666666666670000
       0.68250000               1.0000348621611004              0.9999999999999984              0.5999999999998819              0.8999999999993727              1.6666666666670000              1.6666666666670000
       0.68750000               1.0000252685418196              0.9999999999999996              0.5999999999998814              0.8999999999993721              1.6666666666670000              1.6666666666670000
       0.69250000               1.0000182254855199              1.0000000000000020              0.5999999999998784              0.8999999999993675              1.6666666666670000              1.6666666666670000
       0.69750000               1.0000130813613732              1.0000000000000011              0.5999999999998796              0.8999999999993693              1.6666666666670000              1.6666666666670000
       0.70250000               1.0000093433689370              1.0000000000000000              0.5999999999998804              0.8999999999993705              1.6666666666670000              1.6666666666670000
       0.70750000               1.0000066409850970              0.9999999999999976              0.5999999999998831              0.8999999999993744              1.6666666666670000              1.6666666666670000
       0.71250000               1.0000046972277590              1.0000000000000002              0.5999999999998796              0.8999999999993694              1.6666666666670000              1.6666666666670000
       0.71750000               1.0000033062252209              0.9999999999999998              0.5999999999998802              0.8999999999993703              1.6666666666670000              1.6666666666670000
       0.72250000               1.0000023158292446              1.0000000000000047              0.5999999999998752              0.8999999999993628              1.6666666666670000              1.6666666666670000
       0.72750000               1.0000016142302062              0.9999999999999984              0.5999999999998812              0.8999999999993719              1.6666666666670000              1.6666666666670000
       0.73250000               1.0000011197230074              1.0000000000000031              0.5999999999998771              0.8999999999993654              1.6666666666670000              1.6666666666670000
       0.73750000               1.0000007729349147              0.9999999999999996              0.5999999999998810              0.8999999999993713              1.6666666666670000              1.6666666666670000
       0.74250000               1.0000005309616442              0.9999999999999993              0.5999999999998806              0.8999999999993710              1.6666666666670000              1.6666666666670000
       0.74750000               1.0000003629713341              1.0000000000000011              0.5999999999998795              0.8999999999993692              1.6666666666670000              1.6666666666670000
       0.75250000               1.0000002469292619              0.9999999999999984              0.5999999999998820              0.8999999999993729              1.6666666666670000              1.6666666666670000
       0.75750000               1.0000001671731393              0.9999999999999998              0.5999999999998803              0.8999999999993704              1.6666666666670000              1.6666666666670000
       0.76250000               1.0000001126302247              0.9999999999999982              0.5999999999998822              0.8999999999993733              1.6666666666670000              1.6666666666670000
       0.76750000               1.0000000755151290              1.0000000000000011              0.5999999999998784              0.8999999999993676              1.6666666666670000              1.6666666666670000
       0.77250000               1.0000000503844282              0.9999999999999978              0.5999999999998826              0.8999999999993740              1.6666666666670000              1.6666666666670000
       0.77750000               1.0000000334534034              1.0000000000000000              0.5999999999998796              0.8999999999993694              1.6666666666670000              1.6666666666670000
       0.78250000               1.0000000221045693              0.9999999999999996              0.5999999999998812              0.8999999999993717              1.6666666666670000              1.6666666666670000
       0.78750000               1.0000000145363266              0.9999999999999996              0.5999999999998803              0.8999999999993703              1.6666666666670000              1.6666666666670000
       0.79250000               1.0000000095143686              0.9999999999999998              0.5999999999998793              0.8999999999993690              1.6666666666670000              1.6666666666670000
       0.79750000               1.0000000061975329              0.9999999999999993              0.5999999999998811              0.8999999999993714              1.6666666666670000              1.6666666666670000
       0.80250000               1.0000000040164685              0.9999999999999991              0.5999999999998807              0.8999999999993711              1.6666666666670000              1.6666666666670000
       0.80750000               1.0000000025888192              0.9999999999999991              0.5999999999998814              0.8999999999993721              1.6666666666670000              1.6666666666670000
       0.81250000               1.0000000016595116              1.0000000000000007              0.5999999999998797              0.8999999999993695              1.6666666666670000              1.6666666666670000
       0.81750000               1.0000000010588419              1.0000000000000020              0.5999999999998783              0.8999999999993675              1.6666666666670000              1.6666666666670000
       0.82250000               1.0000000006736454              1.0000000000000007              0.5999999999998793              0.8999999999993690              1.6666666666670000              1.6666666666670000
       0.82750000               1.0000000004282128              0.9999999999999998              0.5999999999998807              0.8999999999993710              1.6666666666670000              1.6666666666670000
       0.83250000               1.0000000002720670              0.9999999999999996              0.5999999999998809              0.8999999999993712              1.6666666666670000              1.6666666666670000
       0.83750000               1.0000000001721239              0.9999999999999958              0.5999999999998848              0.8999999999993774              1.6666666666670000              1.6666666666670000
       0.84250000               1.0000000001073561              0.9999999999999996              0.5999999999998801              0.8999999999993701              1.6666666666670000              1.6666666666670000
       0.84750000               1.0000000000650600              0.9999999999999989              0.5999999999998815              0.8999999999993722              1.6666666666670000              1.6666666666670000
       0.85250000               1.0000000000380718              1.0000000000000000              0.5999999999998809              0.8999999999993713              1.6666666666670000              1.6666666666670000
       0.85750000               1.0000000000228368              1.0000000000000020              0.5999999999998783              0.8999999999993673              1.6666666666670000              1.6666666666670000
       0.86250000               1.0000000000179774              0.9999999999999993              0.5999999999998809              0.8999999999993712              1.6666666666670000              1.6666666666670000
       0.86750000               1.0000000000232787              1.0000000000000004              0.5999999999998801              0.8999999999993700              1.6666666666670000              1.6666666666670000
       0.87250000               1.0000000000393379              1.0000000000000022              0.5999999999998781              0.8999999999993671              1.6666666666670000              1.6666666666670000
       0.87750000               1.0000000000680216              1.0000000000000007              0.5999999999998801              0.8999999999993702              1.6666666666670000              1.6666666666670000
       0.88250000               1.0000000001134355              1.0000000000000011              0.5999999999998789              0.8999999999993682              1.6666666666670000              1.6666666666670000
       0.88750000               1.0000000001833600              1.0000000000000029              0.5999999999998766              0.8999999999993649              1.6666666666670000              1.6666666666670000
       0.89250000               1.0000000002912484              1.0000000000000002              0.5999999999998799              0.8999999999993697              1.6666666666670000              1.6666666666670000
       0.89750000               1.0000000004590783              1.0000000000000024              0.5999999999998774              0.8999999999993661              1.6666666666670000              1.6666666666670000
       0.90250000               1.0000000007215426              1.0000000000000004              0.5999999999998792              0.8999999999993687              1.6666666666670000              1.6666666666670000
       0.90750000               1.0000000011320442              1.0000000000000011              0.5999999999998790              0.8999999999993684              1.6666666666670000              1.6666666666670000
       0.91250000               1.0000000017715867              1.0000000000000002              0.5999999999998797              0.8999999999993696              1.6666666666670000              1.6666666666670000
       0.91750000               1.0000000027620466              1.0000000000000018              0.5999999999998776              0.8999999999993664              1.6666666666670000              1.6666666666670000
       0.92250000               1.0000000042862318              1.0000000000000018              0.5999999999998791              0.8999999999993684              1.6666666666670000              1.6666666666670000
       0.92750000               1.0000000066177983              1.0000000000000002              0.5999999999998795              0.8999999999993693              1.6666666666670000              1.6666666666670000
       0.93250000               1.0000000101653013              1.0000000000000009              0.5999999999998787              0.8999999999993681              1.6666666666670000              1.6666666666670000
       0.93750000               1.0000000155360433              1.0000000000000009              0.5999999999998784              0.8999999999993676              1.6666666666670000              1.6666666666670000
       0.94250000               1.0000000236277180              0.9999999999999978              0.5999999999998817              0.8999999999993726              1.6666666666670000              1.6666666666670000
       0.94750000               1.0000000357593082              1.0000000000000009              0.5999999999998787              0.8999999999993681              1.6666666666670000              1.6666666666670000
       0.95250000               1.0000000538575220              1.0000000000000004              0.5999999999998790              0.8999999999993684              1.6666666666670000              1.6666666666670000
       0.95750000               1.0000000807211766              0.9999999999999964              0.5999999999998825              0.8999999999993739              1.6666666666670000              1.6666666666670000
       0.96250000               1.0000001203942910              0.9999999999999984              0.5999999999998815              0.8999999999993722              1.6666666666670000              1.6666666666670000
       0.96750000               1.0000001786891526              0.9999999999999982              0.5999999999998819              0.8999999999993727              1.6666666666670000              1.6666666666670000
       0.97250000               1.0000002639146293              1.0000000000000004              0.5999999999998794              0.8999999999993691              1.6666666666670000              1.6666666666670000
       0.97750000               1.0000003878839012              0.9999999999999989              0.5999999999998821              0.8999999999993732              1.6666666666670000              1.6666666666670000
       0.98250000               1.0000005673000987              0.9999999999999982              0.5999999999998813              0.8999999999993719              1.6666666666670000              1.6666666666670000
       0.98750000               1.0000008256502300              1.0000000000000004              0.5999999999998796              0.8999999999993693              1.6666666666670000              1.6666666666670000
       0.99250000               1.0000011957778530              1.0000000000000011              0.5999999999998787              0.8999999999993681              1.6666666666670000              1.6666666666670000
       0.99750000               1.0000017233558816              1.0000000000000000              0.5999999999998794              0.8999999999993691              1.6666666666670000              1.6666666666670000
