       0.00250000               1.9999001694364689              0.9999999999999998              0.5999999999998803              0.8999999999993703              1.6666666666670000              1.6666666666670000
       0.00750000               1.9969031394825072              0.9999999999999993              0.5999999999998801              0.8999999999993701              1.6666666666670000              1.6666666666670000
       0.01250000               1.9889550891302026              0.9999999999999988              0.5999999999998815              0.8999999999993722              1.6666666666670000              1.6666666666670000
       0.01750000               1.9761795023121214              0.9999999999999990              0.5999999999998821              0.8999999999993731              1.6666666666670000              1.6666666666670000
       0.02250000               1.9587680869196082              0.9999999999999997              0.5999999999998801              0.8999999999993701              1.6666666666670000              1.6666666666670000
       0.02750000               1.9369757465206818              1.0000000000000004              0.5999999999998800              0.8999999999993699              1.6666666666670000              1.6666666666670000
       0.03250000               1.9111155861588360              0.9999999999999996              0.5999999999998809              0.8999999999993712              1.6666666666670000              1.6666666666670000
       0.03750000               1.8815526049579805              0.9999999999999996              0.5999999999998804              0.8999999999993705              1.6666666666670000              1.6666666666670000
       0.04250000               1.8486957913571971              0.9999999999999993              0.5999999999998812              0.8999999999993717              1.6666666666670000              1.6666666666670000
       0.04750000               1.8129888652788226              0.9999999999999996              0.5999999999998809              0.8999999999993712              1.6666666666670000              1.6666666666670000
       0.05250000               1.7749001720467430              1.0000000000000007              0.5999999999998791              0.8999999999993686              1.6666666666670000              1.6666666666670000
       0.05750000               1.7349122762711391              1.0000000000000002              0.5999999999998796              0.8999999999993693              1.6666666666670000              1.6666666666670000
       0.06250000               1.6935117233867256              1.0000000000000002              0.5999999999998799              0.8999999999993697              1.6666666666670000              1.6666666666670000
       0.06750000               1.6511793138301598              1.0000000000000009              0.5999999999998797              0.8999999999993695              1.6666666666670000              1.6666666666670000
       0.07250000               1.6083811277728219              1.0000000000000002              0.5999999999998790              0.8999999999993685              1.6666666666670000              1.6666666666670000
       0.07750000               1.5655604704455020              0.9999999999999999              0.5999999999998801              0.8999999999993701              1.6666666666670000              1.6666666666670000
       0.08250000               1.5231308729817921              0.9999999999999996              0.5999999999998807              0.8999999999993712              1.6666666666670000              1.6666666666670000
       0.08750000               1.4814702615987858              1.0000000000000007              0.5999999999998794              0.8999999999993692              1.6666666666670000              1.6666666666670000
       0.09250000               1.4409163812028978              1.0000000000000011              0.5999999999998790              0.8999999999993683              1.6666666666670000              1.6666666666670000
       0.09750000               1.4017635210113686              0.9999999999999999              0.5999999999998799              0.8999999999993699              1.6666666666670000              1.6666666666670000
       0.10250000               1.3642605424713892              1.0000000000000004              0.5999999999998797              0.8999999999993696              1.6666666666670000              1.6666666666670000
       0.10750000               1.3286101614136332              0.9999999999999994              0.5999999999998807              0.8999999999993711              1.6666666666670000              1.6666666666670000
       0.11250000               1.2949693941003777              0.9999999999999987              0.5999999999998822              0.8999999999993733              1.6666666666670000              1.6666666666670000
       0.11750000               1.2634510442618492              0.9999999999999994              0.5999999999998804              0.8999999999993706              1.6666666666670000              1.6666666666670000
       0.12250000               1.2341260856745564              1.0000000000000002              0.5999999999998803              0.8999999999993703              1.6666666666670000              1.6666666666670000
       0.12750000               1.2070267809631148              1.0000000000000013              0.5999999999998790              0.8999999999993685              1.6666666666670000              1.6666666666670000
       0.13250000               1.1821503706286272              1.0000000000000018              0.5999999999998776              0.8999999999993664              1.6666666666670000              1.6666666666670000
       0.13750000               1.1594631659035013              1.0000000000000027              0.5999999999998770              0.8999999999993655              1.6666666666670000              1.6666666666670000
       0.14250000               1.1389048844063487              0.9999999999999990              0.5999999999998804              0.8999999999993706              1.6666666666670000              1.6666666666670000
       0.14750000               1.1203930782096048              1.0000000000000007              0.5999999999998794              0.8999999999993691              1.6666666666670000              1.6666666666670000
       0.15250000               1.1038275190221787              0.9999999999999976              0.5999999999998823              0.8999999999993734              1.6666666666670000              1.6666666666670000
       0.15750000               1.0890944236042834              1.0000000000000013              0.5999999999998783              0.8999999999993674              1.6666666666670000              1.6666666666670000
       0.16250000               1.0760704230107270              0.9999999999999988              0.5999999999998810              0.8999999999993715              1.6666666666670000              1.6666666666670000
       0.16750000               1.0646262005953928              0.9999999999999990              0.5999999999998816              0.8999999999993724              1.6666666666670000              1.6666666666670000
       0.17250000               1.0546297448661874              0.9999999999999969              0.5999999999998827              0.8999999999993741              1.6666666666670000              1.6666666666670000
       0.17750000               1.0459491834108205              1.0000000000000004              0.5999999999998791              0.8999999999993686              1.6666666666670000              1.6666666666670000
       0.18250000               1.0384551825571129              0.9999999999999979              0.5999999999998823              0.8999999999993735              1.6666666666670000              1.6666666666670000
       0.18750000               1.0320229136880057              0.9999999999999993              0.5999999999998807              0.8999999999993711              1.6666666666670000              1.6666666666670000
       0.19250000               1.0265336008647035              0.9999999999999989              0.5999999999998811              0.8999999999993717              1.6666666666670000              1.6666666666670000
       0.19750000               1.0218756754433411              0.9999999999999996              0.5999999999998802              0.8999999999993703              1.6666666666670000              1.6666666666670000
       0.20250000               1.0179455716767771              0.9999999999999954              0.5999999999998844              0.8999999999993766              1.6666666666670000              1.6666666666670000
       0.20750000               1.0146482029786650              0.9999999999999998              0.5999999999998800              0.8999999999993699              1.6666666666670000              1.6666666666670000
       0.21250000               1.0118971618023902              1.0000000000000016              0.5999999999998783              0.8999999999993674              1.6666666666670000              1.6666666666670000
       0.21750000               1.0096146872355529              0.9999999999999973              0.5999999999998827              0.8999999999993742              1.6666666666670000              1.6666666666670000
       0.22250000               1.0077314437617022              1.0000000000000000              0.5999999999998800              0.8999999999993700              1.6666666666670000              1.6666666666670000
       0.22750000               1.0061861525450742              1.0000000000000020              0.5999999999998780              0.8999999999993670              1.6666666666670000              1.6666666666670000
       0.23250000               1.0049251134033035              1.0000000000000002              0.5999999999998794              0.8999999999993692              1.6666666666670000              1.6666666666670000
       0.23750000               1.0039016516832988              1.0000000000000002              0.5999999999998797              0.8999999999993697              1.6666666666670000              1.6666666666670000
       0.24250000               1.0030755198517554              0.9999999999999996              0.5999999999998806              0.8999999999993709              1.6666666666670000              1.6666666666670000
       0.24750000               1.0024122790210732              1.0000000000000013              0.5999999999998785              0.8999999999993676              1.6666666666670000              1.6666666666670000
       0.25250000               1.0018826810754877              1.0000000000000007              0.5999999999998792              0.8999999999993689              1.6666666666670000              1.6666666666670000
       0.25750000               1.0014620677159705              1.0000000000000007              0.5999999999998792              0.8999999999993687              1.6666666666670000              1.6666666666670000
       0.26250000               1.0011297987359529              1.0000000000000013              0.5999999999998787              0.8999999999993681              1.6666666666670000              1.6666666666670000
       0.26750000               1.0008687182598843              0.9999999999999973              0.5999999999998827              0.8999999999993741              1.6666666666670000              1.6666666666670000
       0.27250000               1.0006646645732218              0.9999999999999991              0.5999999999998810              0.8999999999993713              1.6666666666670000              1.6666666666670000
       0.27750000               1.0005060265632073              1.0000000000000004              0.5999999999998795              0.8999999999993691              1.6666666666670000              1.6666666666670000
       0.28250000               1.0003833476665449              1.0000000000000018              0.5999999999998777              0.8999999999993665              1.6666666666670000              1.6666666666670000
       0.28750000               1.0002889765559837              0.9999999999999951              0.5999999999998854              0.8999999999993781              1.6666666666670000              1.6666666666670000
       0.29250000               1.0002167625509149              1.0000000000000004              0.5999999999998792              0.8999999999993686              1.6666666666670000              1.6666666666670000
       0.29750000               1.0001617928584201              1.0000000000000009              0.5999999999998794              0.8999999999993691              1.6666666666670000              1.6666666666670000
       0.30250000               1.0001201681855973              0.9999999999999989              0.5999999999998811              0.8999999999993715              1.6666666666670000              1.6666666666670000
       0.30750000               1.0000888129584675              0.9999999999999996              0.5999999999998803              0.8999999999993704              1.6666666666670000              1.6666666666670000
       0.31250000               1.0000653162832673              1.0000000000000011              0.5999999999998794              0.8999999999993691              1.6666666666670000              1.6666666666670000
       0.31750000               1.0000477998455830              0.9999999999999971              0.5999999999998828              0.8999999999993742              1.6666666666670000              1.6666666666670000
       0.32250000               1.0000348091182467              0.9999999999999998              0.5999999999998799              0.8999999999993699              1.6666666666670000              1.6666666666670000
       0.32750000               1.0000252245033343              0.9999999999999973              0.5999999999998828              0.8999999999993743              1.6666666666670000              1.6666666666670000
       0.33250000               1.0000181893359532              0.9999999999999993              0.5999999999998813              0.8999999999993719              1.6666666666670000              1.6666666666670000
       0.33750000               1.0000130520040429              1.0000000000000002              0.5999999999998797              0.8999999999993695              1.6666666666670000              1.6666666666670000
       0.34250000               1.0000093197694953              0.9999999999999982              0.5999999999998825              0.8999999999993737              1.6666666666670000              1.6666666666670000
       0.34750000               1.0000066221984441              1.0000000000000031              0.5999999999998766              0.8999999999993650              1.6666666666670000              1.6666666666670000
       0.35250000               1.0000046824119573              0.9999999999999993              0.5999999999998811              0.8999999999993715              1.6666666666670000              1.6666666666670000
       0.35750000               1.0000032946458555              1.0000000000000044              0.5999999999998750              0.8999999999993625              1.6666666666670000              1.6666666666670000
       0.36250000               1.0000023068576249              0.9999999999999982              0.5999999999998817              0.8999999999993726              1.6666666666670000              1.6666666666670000
       0.36750000               1.0000016073373412              1.0000000000000002              0.5999999999998796              0.8999999999993694              1.6666666666670000              1.6666666666670000
       0.37250000               1.0000011144708234              0.9999999999999993              0.5999999999998809              0.8999999999993712              1.6666666666670000              1.6666666666670000
       0.37750000               1.0000007689653829              0.9999999999999993              0.5999999999998806              0.8999999999993709              1.6666666666670000              1.6666666666670000
       0.38250000               1.0000005279853166              1.0000000000000011              0.5999999999998786              0.8999999999993679              1.6666666666670000              1.6666666666670000
       0.38750000               1.0000003607565804              1.0000000000000002              0.5999999999998795              0.8999999999993692              1.6666666666670000              1.6666666666670000
       0.39250000               1.0000002452929964              1.0000000000000018              0.5999999999998785              0.8999999999993676              1.6666666666670000              1.6666666666670000
       0.39750000               1.0000001659728106              0.9999999999999976              0.5999999999998820              0.8999999999993729              1.6666666666670000              1.6666666666670000
       0.40250000               1.0000001117562944              0.9999999999999982              0.5999999999998820              0.8999999999993731              1.6666666666670000              1.6666666666670000
       0.40750000               1.0000000748839892              1.0000000000000033              0.5999999999998762              0.8999999999993642              1.6666666666670000              1.6666666666670000
       0.41250000               1.0000000499322481              0.9999999999999964              0.5999999999998836              0.8999999999993753              1.6666666666670000              1.6666666666670000
       0.41750000               1.0000000331315186              1.0000000000000000              0.5999999999998804              0.8999999999993705              1.6666666666670000              1.6666666666670000
       0.42250000               1.0000000218764320              1.0000000000000016              0.5999999999998784              0.8999999999993676              1.6666666666670000              1.6666666666670000
       0.42750000               1.0000000143752623              0.9999999999999991              0.5999999999998804              0.8999999999993706              1.6666666666670000              1.6666666666670000
       0.43250000               1.0000000094014094              1.0000000000000016              0.5999999999998789              0.8999999999993682              1.6666666666670000              1.6666666666670000
       0.43750000               1.0000000061192325              1.0000000000000004              0.5999999999998806              0.8999999999993710              1.6666666666670000              1.6666666666670000
       0.44250000               1.0000000039630015              0.9999999999999996              0.5999999999998803              0.8999999999993704              1.6666666666670000              1.6666666666670000
       0.44750000               1.0000000025527553              0.9999999999999989              0.5999999999998819              0.8999999999993726              1.6666666666670000              1.6666666666670000
       0.45250000               1.0000000016352373              1.0000000000000002              0.5999999999998802              0.8999999999993702              1.6666666666670000              1.6666666666670000
       0.45750000               1.0000000010423185              1.0000000000000018              0.5999999999998783              0.8999999999993674              1.6666666666670000              1.6666666666670000
       0.46250000               1.0000000006621872              1.0000000000000002              0.5999999999998804              0.8999999999993706              1.6666666666670000              1.6666666666670000
       0.46750000               1.0000000004201517              1.0000000000000027              0.5999999999998781              0.8999999999993670              1.6666666666670000              1.6666666666670000
       0.47250000               1.0000000002664144              0.9999999999999993              0.5999999999998815              0.8999999999993722              1.6666666666670000              1.6666666666670000
       0.47750000               1.0000000001682450              1.0000000000000011              0.5999999999998786              0.8999999999993680              1.6666666666670000              1.6666666666670000
       0.48250000               1.0000000001048370              1.0000000000000013              0.5999999999998784              0.8999999999993675              1.6666666666670000              1.6666666666670000
       0.48750000               1.0000000000635738              0.9999999999999998              0.5999999999998804              0.8999999999993705              1.6666666666670000              1.6666666666670000
       0.49250000               1.0000000000373457              0.9999999999999991              0.5999999999998803              0.8999999999993704              1.6666666666670000              1.6666666666670000
       0.49750000               1.0000000000226177              1.0000000000000011              0.5999999999998791              0.8999999999993685              1.6666666666670000              1.6666666666670000
       0.50250000               1.0000000000180089              0.9999999999999993              0.5999999999998804              0.8999999999993705              1.6666666666670000              1.6666666666670000
       0.50750000               1.0000000000232958              1.0000000000000009              0.5999999999998787              0.8999999999993681              1.6666666666670000              1.6666666666670000
       0.51250000               1.0000000000390661              1.0000000000000002              0.5999999999998802              0.8999999999993702              1.6666666666670000              1.6666666666670000
       0.51750000               1.0000000000671592              0.9999999999999993              0.5999999999998803              0.8999999999993704              1.6666666666670000              1.6666666666670000
       0.52250000               1.0000000001116693              1.0000000000000000              0.5999999999998796              0.8999999999993693              1.6666666666670000              1.6666666666670000
       0.52750000               1.0000000001803602              1.0000000000000033              0.5999999999998767              0.8999999999993651              1.6666666666670000              1.6666666666670000
       0.53250000               1.0000000002866665              0.9999999999999982              0.5999999999998814              0.8999999999993721              1.6666666666670000              1.6666666666670000
       0.53750000               1.0000000004524916              1.0000000000000004              0.5999999999998793              0.8999999999993690              1.6666666666670000              1.6666666666670000
       0.54250000               1.0000000007123433              0.9999999999999987              0.5999999999998813              0.8999999999993719              1.6666666666670000              1.6666666666670000
       0.54750000               1.0000000011192147              0.9999999999999989              0.5999999999998805              0.8999999999993707              1.6666666666670000              1.6666666666670000
       0.55250000               1.0000000017533788              1.0000000000000031              0.5999999999998771              0.8999999999993655              1.6666666666670000              1.6666666666670000
       0.55750000               1.0000000027356681              0.9999999999999987              0.5999999999998816              0.8999999999993724              1.6666666666670000              1.6666666666670000
       0.56250000               1.0000000042475272              0.9999999999999982              0.5999999999998820              0.8999999999993729              1.6666666666670000              1.6666666666670000
       0.56750000               1.0000000065610404              1.0000000000000004              0.5999999999998793              0.8999999999993690              1.6666666666670000              1.6666666666670000
       0.57250000               1.0000000100828836              0.9999999999999991              0.5999999999998813              0.8999999999993719              1.6666666666670000              1.6666666666670000
       0.57750000               1.0000000154178570              1.0000000000000016              0.5999999999998789              0.8999999999993683              1.6666666666670000              1.6666666666670000
       0.58250000               1.0000000234601236              0.9999999999999969              0.5999999999998833              0.8999999999993749              1.6666666666670000              1.6666666666670000
       0.58750000               1.0000000355236105              0.9999999999999991              0.5999999999998819              0.8999999999993727              1.6666666666670000              1.6666666666670000
       0.59250000               1.0000000535281182              0.9999999999999998              0.5999999999998796              0.8999999999993694              1.6666666666670000              1.6666666666670000
       0.59750000               1.0000000802634736              1.0000000000000027              0.5999999999998785              0.8999999999993678              1.6666666666670000              1.6666666666670000
       0.60250000               1.0000001197623558              0.9999999999999984              0.5999999999998822              0.8999999999993732              1.6666666666670000              1.6666666666670000
       0.60750000               1.0000001778228320              0.9999999999999996              0.5999999999998809              0.8999999999993713              1.6666666666670000              1.6666666666670000
       0.61250000               1.0000002627359972              1.0000000000000022              0.5999999999998783              0.8999999999993674              1.6666666666670000              1.6666666666670000
       0.61750000               1.0000003862928109              1.0000000000000022              0.5999999999998780              0.8999999999993670              1.6666666666670000              1.6666666666670000
       0.62250000               1.0000005651689645              0.9999999999999971              0.5999999999998830              0.8999999999993744              1.6666666666670000              1.6666666666670000
       0.62750000               1.0000008228181627              1.0000000000000016              0.5999999999998789              0.8999999999993681              1.6666666666670000              1.6666666666670000
       0.63250000               1.0000011920444924              1.0000000000000011              0.5999999999998791              0.8999999999993686              1.6666666666670000              1.6666666666670000
       0.63750000               1.0000017184750334              0.9999999999999987              0.5999999999998813              0.8999999999993717              1.6666666666670000              1.6666666666670000
       0.64250000               1.0000024652178625              0.9999999999999987              0.5999999999998817              0.8999999999993725              1.6666666666670000              1.6666666666670000
       0.64750000               1.0000035190694765              0.9999999999999978              0.5999999999998822              0.8999999999993732              1.6666666666670000              1.6666666666670000
       0.65250000               1.0000049987329052              1.0000000000000009              0.5999999999998794              0.8999999999993692              1.6666666666670000              1.6666666666670000
       0.65750000               1.0000070656258535              1.0000000000000013              0.5999999999998791              0.8999999999993685              1.6666666666670000              1.6666666666670000
       0.66250000               1.0000099379996206              1.0000000000000011              0.5999999999998790              0.8999999999993684              1.6666666666670000              1.6666666666670000
       0.66750000               1.0000139092573339              1.0000000000000007              0.5999999999998797              0.8999999999993695              1.6666666666670000              1.6666666666670000
       0.67250000               1.0000193715558312              1.0000000000000016              0.5999999999998784              0.8999999999993676              1.6666666666670000              1.6666666666670000
       0.67750000               1.0000268460010653              1.0000000000000009              0.5999999999998783              0.8999999999993673              1.6666666666670000              1.6666666666670000
       0.68250000               1.0000370210020364              0.9999999999999989              0.5999999999998810              0.8999999999993713              1.6666666666670000              1.6666666666670000
       0.68750000               1.0000508006315398              0.9999999999999993              0.5999999999998809              0.8999999999993712              1.6666666666670000              1.6666666666670000
       0.69250000               1.0000693651493835              1.0000000000000024              0.5999999999998781              0.8999999999993671              1.6666666666670000              1.6666666666670000
       0.69750000               1.0000942461682134              0.9999999999999984              0.5999999999998816              0.8999999999993723              1.6666666666670000              1.6666666666670000
       0.70250000               1.0001274192732301              1.0000000000000004              0.5999999999998795              0.8999999999993692              1.6666666666670000              1.6666666666670000
       0.70750000               1.0001714172301546              0.9999999999999996              0.5999999999998805              0.8999999999993707              1.6666666666670000              1.6666666666670000
       0.71250000               1.0002294672103280              1.0000000000000007              0.5999999999998792              0.8999999999993687              1.6666666666670000              1.6666666666670000
       0.71750000               1.0003056557027075              1.0000000000000002              0.5999999999998796              0.8999999999993694              1.6666666666670000              1.6666666666670000
       0.72250000               1.0004051249366765              1.0000000000000004              0.5999999999998792              0.8999999999993687              1.6666666666670000              1.6666666666670000
       0.72750000               1.0005343046703596              0.9999999999999998              0.5999999999998802              0.8999999999993702              1.6666666666670000              1.6666666666670000
       0.73250000               1.0007011830625545              1.0000000000000020              0.5999999999998779              0.8999999999993668              1.6666666666670000              1.6666666666670000
       0.73750000               1.0009156199933189              0.9999999999999998              0.5999999999998799              0.8999999999993697              1.6666666666670000              1.6666666666670000
       0.74250000               1.0011897055742016              1.0000000000000009              0.5999999999998787              0.8999999999993681              1.6666666666670000              1.6666666666670000
       0.74750000               1.0015381656398685              0.9999999999999989              0.5999999999998807              0.8999999999993711              1.6666666666670000              1.6666666666670000
       0.75250000               1.0019788146866926              0.9999999999999993              0.5999999999998802              0.8999999999993702              1.6666666666670000              1.6666666666670000
       0.75750000               1.0025330549746243              0.9999999999999996              0.5999999999998802              0.8999999999993703              1.6666666666670000              1.6666666666670000
       0.76250000               1.0032264182935358              1.0000000000000000              0.5999999999998795              0.8999999999993692              1.6666666666670000              1.6666666666670000
       0.76750000               1.0040891441865503              1.0000000000000000              0.5999999999998801              0.8999999999993700              1.6666666666670000              1.6666666666670000
       0.77250000               1.0051567852187695              0.9999999999999989              0.5999999999998805              0.8999999999993706              1.6666666666670000              1.6666666666670000
       0.77750000               1.0064708262130280              0.9999999999999989              0.5999999999998802              0.8999999999993702              1.6666666666670000              1.6666666666670000
       0.78250000               1.0080793003045569              0.9999999999999989              0.5999999999998810              0.8999999999993714              1.6666666666670000              1.6666666666670000
       0.78750000               1.0100373802757652              1.0000000000000000              0.5999999999998797              0.8999999999993695              1.6666666666670000              1.6666666666670000
       0.79250000               1.0124079190439152              0.9999999999999993              0.5999999999998807              0.8999999999993711              1.6666666666670000              1.6666666666670000
       0.79750000               1.0152619085821306              1.0000000000000000              0.5999999999998794              0.8999999999993691              1.6666666666670000              1.6666666666670000
       0.80250000               1.0186788222224108              0.9999999999999996              0.5999999999998806              0.8999999999993707              1.6666666666670000              1.6666666666670000
       0.80750000               1.0227468015036194              0.9999999999999989              0.5999999999998806              0.8999999999993710              1.6666666666670000              1.6666666666670000
       0.81250000               1.0275626457541878              0.9999999999999998              0.5999999999998801              0.8999999999993701              1.6666666666670000              1.6666666666670000
       0.81750000               1.0332315607190383              0.9999999999999991              0.5999999999998807              0.8999999999993712              1.6666666666670000              1.6666666666670000
       0.82250000               1.0398666221306583              0.9999999999999993              0.5999999999998801              0.8999999999993701              1.6666666666670000              1.6666666666670000
       0.82750000               1.0475879116538267              0.9999999999999993              0.5999999999998803              0.8999999999993704              1.6666666666670000              1.6666666666670000
       0.83250000               1.0565212864969753              0.9999999999999991              0.5999999999998807              0.8999999999993712              1.6666666666670000              1.6666666666670000
       0.83750000               1.0667967503239206              0.9999999999999990              0.5999999999998812              0.8999999999993716              1.6666666666670000              1.6666666666670000
       0.84250000               1.0785464018640194              0.9999999999999996              0.5999999999998799              0.8999999999993699              1.6666666666670000              1.6666666666670000
       0.84750000               1.0919019488538093              1.0000000000000002              0.5999999999998800              0.8999999999993697              1.6666666666670000              1.6666666666670000
       0.85250000               1.1069917889612404              1.0000000000000009              0.5999999999998785              0.8999999999993678              1.6666666666670000              1.6666666666670000
       0.85750000               1.1239376763829818              0.9999999999999992              0.5999999999998801              0.8999999999993702              1.6666666666670000              1.6666666666670000
       0.86250000               1.1428510123802817              1.0000000000000007              0.5999999999998789              0.8999999999993682              1.6666666666670000              1.6666666666670000
       0.86750000               1.1638288187425101              1.0000000000000016              0.5999999999998782              0.8999999999993672              1.6666666666670000              1.6666666666670000
       0.87250000               1.1869494735592432              1.0000000000000009              0.5999999999998786              0.8999999999993679              1.6666666666670000              1.6666666666670000
       0.87750000               1.2122683083420591              1.0000000000000004              0.5999999999998786              0.8999999999993680              1.6666666666670000              1.6666666666670000
       0.88250000               1.2398131852239305              1.0000000000000004              0.5999999999998787              0.8999999999993682              1.6666666666670000              1.6666666666670000
       0.88750000               1.2695801928938248              0.9999999999999998              0.5999999999998791              0.8999999999993685              1.6666666666670000              1.6666666666670000
       0.89250000               1.3015296177003717              0.9999999999999994              0.5999999999998794              0.8999999999993692              1.6666666666670000              1.6666666666670000
       0.89750000               1.3355823571691312              1.0000000000000002              0.5999999999998783              0.8999999999993674              1.6666666666670000              1.6666666666670000
       0.90250000               1.3716169432805789              1.0000000000000000              0.5999999999998787              0.8999999999993680              1.6666666666670000              1.6666666666670000
       0.90750000               1.4094673336910912              0.9999999999999999              0.5999999999998787              0.8999999999993681              1.6666666666670000              1.6666666666670000
       0.91250000               1.4489216172765329              0.9999999999999997              0.5999999999998786              0.8999999999993680              1.6666666666670000              1.6666666666670000
       0.91750000               1.4897217716437583              1.0000000000000007              0.5999999999998784              0.8999999999993675              1.6666666666670000              1.6666666666670000
       0.92250000               1.5315646014263871              1.0000000000000004              0.5999999999998792              0.8999999999993687              1.6666666666670000              1.6666666666670000
       0.92750000               1.5741039637846501              1.0000000000000002              0.5999999999998792              0.8999999999993686              1.6666666666670000              1.6666666666670000
       0.93250000               1.6169543376061319              0.9999999999999992              0.5999999999998800              0.8999999999993700              1.6666666666670000              1.6666666666670000
       0.93750000               1.6596957166781294              0.9999999999999999              0.5999999999998792              0.8999999999993687              1.6666666666670000              1.6666666666670000
       0.94250000               1.7018797286636203              0.9999999999999992              0.5999999999998804              0.8999999999993706              1.6666666666670000              1.6666666666670000
       0.94750000               1.7430368364740028              0.9999999999999994              0.5999999999998809              0.8999999999993713              1.6666666666670000              1.6666666666670000
       0.95250000               1.7826844858164039              0.9999999999999993              0.5999999999998804              0.8999999999993706              1.6666666666670000              1.6666666666670000
       0.95750000               1.8203361013158224              0.9999999999999994              0.5999999999998801              0.8999999999993700              1.6666666666670000              1.6666666666670000
       0.96250000               1.8555108447170188              0.9999999999999994              0.5999999999998806              0.8999999999993710              1.6666666666670000              1.6666666666670000
       0.96750000               1.8877439707351615              0.9999999999999996              0.5999999999998804              0.8999999999993706              1.6666666666670000              1.6666666666670000
       0.97250000               1.9165974347153716              1.0000000000000002              0.5999999999998804              0.8999999999993706              1.6666666666670000              1.6666666666670000
       0.97750000               1.9416701834043664              1.0000000000000002              0.5999999999998799              0.8999999999993696              1.6666666666670000              1.6666666666670000
       0.98250000               1.9626074184564635              0.9999999999999998              0.5999999999998793              0.8999999999993689              1.6666666666670000              1.6666666666670000
       0.98750000               1.9791081911263730              0.9999999999999998              0.5999999999998802              0.8999999999993702              1.6666666666670000              1.6666666666670000
       0.99250000               1.9909310535685989              0.9999999999999996              0.5999999999998802              0.8999999999993703              1.6666666666670000              1.6666666666670000
       0.99750000               1.9978982385816897              1.0000000000000002              0.5999999999998796              0.8999999999993693              1.6666666666670000              1.6666666666670000
