       0.00250000               1.9586713762349295              1.0000000000000011              0.5999999999998777              0.8999999999993665              1.6666666666670000              1.6666666666670000
       0.00750000               1.9368893545554033              1.0000000000000007              0.5999999999998779              0.8999999999993668              1.6666666666670000              1.6666666666670000
       0.01250000               1.9110435409933055              1.0000000000000004              0.5999999999998787              0.8999999999993682              1.6666666666670000              1.6666666666670000
       0.01750000               1.8814980860909551              1.0000000000000002              0.5999999999998784              0.8999999999993676              1.6666666666670000              1.6666666666670000
       0.02250000               1.8486606094142330              1.0000000000000004              0.5999999999998787              0.8999999999993681              1.6666666666670000              1.6666666666670000
       0.02750000               1.8129733513305002              0.9999999999999991              0.5999999999998796              0.8999999999993694              1.6666666666670000              1.6666666666670000
       0.03250000               1.7749034078693089              0.9999999999999997              0.5999999999998796              0.8999999999993694              1.6666666666670000              1.6666666666670000
       0.03750000               1.7349324942995756              0.9999999999999991              0.5999999999998804              0.8999999999993705              1.6666666666670000              1.6666666666670000
       0.04250000               1.6935466994327892              0.9999999999999998              0.5999999999998793              0.8999999999993689              1.6666666666670000              1.6666666666670000
       0.04750000               1.6512266422417872              0.9999999999999999              0.5999999999998800              0.8999999999993701              1.6666666666670000              1.6666666666670000
       0.05250000               1.6084383572814427              0.9999999999999984              0.5999999999998811              0.8999999999993716              1.6666666666670000              1.6666666666670000
       0.05750000               1.5656251442586595              0.9999999999999988              0.5999999999998811              0.8999999999993716              1.6666666666670000              1.6666666666670000
       0.06250000               1.5232005382573057              0.9999999999999988              0.5999999999998816              0.8999999999993725              1.6666666666670000              1.6666666666670000
       0.06750000               1.4815424974187961              0.9999999999999988              0.5999999999998807              0.8999999999993711              1.6666666666670000              1.6666666666670000
       0.07250000               1.4409888616745048              0.9999999999999987              0.5999999999998809              0.8999999999993713              1.6666666666670000              1.6666666666670000
       0.07750000               1.4018341021850991              0.9999999999999988              0.5999999999998816              0.8999999999993724              1.6666666666670000              1.6666666666670000
       0.08250000               1.3643273494501182              0.9999999999999990              0.5999999999998807              0.8999999999993710              1.6666666666670000              1.6666666666670000
       0.08750000               1.3286716548958657              1.0000000000000004              0.5999999999998796              0.8999999999993693              1.6666666666670000              1.6666666666670000
       0.09250000               1.2950244063752514              1.0000000000000004              0.5999999999998796              0.8999999999993693              1.6666666666670000              1.6666666666670000
       0.09750000               1.2634987853915847              1.0000000000000011              0.5999999999998799              0.8999999999993697              1.6666666666670000              1.6666666666670000
       0.10250000               1.2341661266995436              1.0000000000000004              0.5999999999998800              0.8999999999993700              1.6666666666670000              1.6666666666670000
       0.10750000               1.2070590220134196              0.9999999999999987              0.5999999999998824              0.8999999999993735              1.6666666666670000              1.6666666666670000
       0.11250000               1.1821749999179323              0.9999999999999994              0.5999999999998812              0.8999999999993717              1.6666666666670000              1.6666666666670000
       0.11750000               1.1594806131799569              0.9999999999999963              0.5999999999998841              0.8999999999993760              1.6666666666670000              1.6666666666670000
       0.12250000               1.1389157709877402              1.0000000000000007              0.5999999999998797              0.8999999999993695              1.6666666666670000              1.6666666666670000
       0.12750000               1.1203981654300621              0.9999999999999998              0.5999999999998805              0.8999999999993707              1.6666666666670000              1.6666666666670000
       0.13250000               1.1038276572096588              0.9999999999999992              0.5999999999998813              0.8999999999993720              1.6666666666670000              1.6666666666670000
       0.13750000               1.0890905039476917              1.0000000000000016              0.5999999999998794              0.8999999999993690              1.6666666666670000              1.6666666666670000
       0.14250000               1.0760633345192046              1.0000000000000013              0.5999999999998796              0.8999999999993695              1.6666666666670000              1.6666666666670000
       0.14750000               1.0646167938096374              0.9999999999999996              0.5999999999998811              0.8999999999993716              1.6666666666670000              1.6666666666670000
       0.15250000               1.0546188032547412              0.9999999999999998              0.5999999999998810              0.8999999999993714              1.6666666666670000              1.6666666666670000
       0.15750000               1.0459374026864219              1.0000000000000027              0.5999999999998785              0.8999999999993679              1.6666666666670000              1.6666666666670000
       0.16250000               1.0384431576003170              0.9999999999999993              0.5999999999998806              0.8999999999993710              1.6666666666670000              1.6666666666670000
       0.16750000               1.0320111323897461              0.9999999999999987              0.5999999999998816              0.8999999999993724              1.6666666666670000              1.6666666666670000
       0.17250000               1.0265224439630563              0.9999999999999991              0.5999999999998819              0.8999999999993727              1.6666666666670000              1.6666666666670000
       0.17750000               1.0218654212912832              1.0000000000000002              0.5999999999998806              0.8999999999993709              1.6666666666670000              1.6666666666670000
       0.18250000               1.0179364048114250              0.9999999999999993              0.5999999999998809              0.8999999999993713              1.6666666666670000              1.6666666666670000
       0.18750000               1.0146402253594391              1.0000000000000002              0.5999999999998805              0.8999999999993709              1.6666666666670000              1.6666666666670000
       0.19250000               1.0118904056427316              0.9999999999999967              0.5999999999998833              0.8999999999993749              1.6666666666670000              1.6666666666670000
       0.19750000               1.0096091284638924              1.0000000000000020              0.5999999999998785              0.8999999999993676              1.6666666666670000              1.6666666666670000
       0.20250000               1.0077270152987354              0.9999999999999973              0.5999999999998828              0.8999999999993741              1.6666666666670000              1.6666666666670000
       0.20750000               1.0061827567581121              0.9999999999999984              0.5999999999998820              0.8999999999993729              1.6666666666670000              1.6666666666670000
       0.21250000               1.0049226332773009              1.0000000000000011              0.5999999999998791              0.8999999999993686              1.6666666666670000              1.6666666666670000
       0.21750000               1.0038999604168213              1.0000000000000013              0.5999999999998791              0.8999999999993686              1.6666666666670000              1.6666666666670000
       0.22250000               1.0030744887359913              1.0000000000000011              0.5999999999998795              0.8999999999993692              1.6666666666670000              1.6666666666670000
       0.22750000               1.0024117835854960              0.9999999999999989              0.5999999999998819              0.8999999999993726              1.6666666666670000              1.6666666666670000
       0.23250000               1.0018826055825949              1.0000000000000004              0.5999999999998803              0.8999999999993704              1.6666666666670000              1.6666666666670000
       0.23750000               1.0014623081599037              1.0000000000000011              0.5999999999998801              0.8999999999993701              1.6666666666670000              1.6666666666670000
       0.24250000               1.0011302645466138              0.9999999999999996              0.5999999999998812              0.8999999999993717              1.6666666666670000              1.6666666666670000
       0.24750000               1.0008693329384817              1.0000000000000020              0.5999999999998785              0.8999999999993676              1.6666666666670000              1.6666666666670000
       0.25250000               1.0006653654901991              0.9999999999999998              0.5999999999998809              0.8999999999993713              1.6666666666670000              1.6666666666670000
       0.25750000               1.0005067641392615              1.0000000000000002              0.5999999999998800              0.8999999999993699              1.6666666666670000              1.6666666666670000
       0.26250000               1.0003840841367639              1.0000000000000020              0.5999999999998785              0.8999999999993676              1.6666666666670000              1.6666666666670000
       0.26750000               1.0002896844892912              0.9999999999999998              0.5999999999998807              0.8999999999993712              1.6666666666670000              1.6666666666670000
       0.27250000               1.0002174232662358              0.9999999999999951              0.5999999999998845              0.8999999999993767              1.6666666666670000              1.6666666666670000
       0.27750000               1.0001623948475247              1.0000000000000004              0.5999999999998796              0.8999999999993694              1.6666666666670000              1.6666666666670000
       0.28250000               1.0001207056231811              0.9999999999999998              0.5999999999998799              0.8999999999993697              1.6666666666670000              1.6666666666670000
       0.28750000               1.0000892843531302              0.9999999999999980              0.5999999999998827              0.8999999999993741              1.6666666666670000              1.6666666666670000
       0.29250000               1.0000657233005532              0.9999999999999996              0.5999999999998799              0.8999999999993699              1.6666666666670000              1.6666666666670000
       0.29750000               1.0000481463158100              0.9999999999999998              0.5999999999998799              0.8999999999993696              1.6666666666670000              1.6666666666670000
       0.30250000               1.0000351002276768              1.0000000000000002              0.5999999999998790              0.8999999999993684              1.6666666666670000              1.6666666666670000
       0.30750000               1.0000254661574273              1.0000000000000009              0.5999999999998790              0.8999999999993684              1.6666666666670000              1.6666666666670000
       0.31250000               1.0000183876773709              1.0000000000000011              0.5999999999998793              0.8999999999993689              1.6666666666670000              1.6666666666670000
       0.31750000               1.0000132130647803              0.9999999999999958              0.5999999999998835              0.8999999999993752              1.6666666666670000              1.6666666666670000
       0.32250000               1.0000094492351572              0.9999999999999996              0.5999999999998802              0.8999999999993703              1.6666666666670000              1.6666666666670000
       0.32750000               1.0000067252625771              1.0000000000000004              0.5999999999998791              0.8999999999993686              1.6666666666670000              1.6666666666670000
       0.33250000               1.0000047636993448              0.9999999999999980              0.5999999999998816              0.8999999999993724              1.6666666666670000              1.6666666666670000
       0.33750000               1.0000033581866821              0.9999999999999980              0.5999999999998817              0.8999999999993726              1.6666666666670000              1.6666666666670000
       0.34250000               1.0000023560979956              0.9999999999999938              0.5999999999998860              0.8999999999993790              1.6666666666670000              1.6666666666670000
       0.34750000               1.0000016451752447              1.0000000000000002              0.5999999999998796              0.8999999999993694              1.6666666666670000              1.6666666666670000
       0.35250000               1.0000011433082592              0.9999999999999980              0.5999999999998821              0.8999999999993731              1.6666666666670000              1.6666666666670000
       0.35750000               1.0000007907680710              1.0000000000000004              0.5999999999998797              0.8999999999993695              1.6666666666670000              1.6666666666670000
       0.36250000               1.0000005443427464              0.9999999999999998              0.5999999999998807              0.8999999999993711              1.6666666666670000              1.6666666666670000
       0.36750000               1.0000003729379936              0.9999999999999978              0.5999999999998822              0.8999999999993732              1.6666666666670000              1.6666666666670000
       0.37250000               1.0000002542985775              1.0000000000000000              0.5999999999998800              0.8999999999993699              1.6666666666670000              1.6666666666670000
       0.37750000               1.0000001725811130              0.9999999999999987              0.5999999999998816              0.8999999999993724              1.6666666666670000              1.6666666666670000
       0.38250000               1.0000001165680994              1.0000000000000007              0.5999999999998797              0.8999999999993696              1.6666666666670000              1.6666666666670000
       0.38750000               1.0000000783607985              0.9999999999999980              0.5999999999998820              0.8999999999993730              1.6666666666670000              1.6666666666670000
       0.39250000               1.0000000524270811              0.9999999999999989              0.5999999999998807              0.8999999999993710              1.6666666666670000              1.6666666666670000
       0.39750000               1.0000000349117817              1.0000000000000009              0.5999999999998787              0.8999999999993681              1.6666666666670000              1.6666666666670000
       0.40250000               1.0000000231409039              1.0000000000000004              0.5999999999998792              0.8999999999993686              1.6666666666670000              1.6666666666670000
       0.40750000               1.0000000152684685              1.0000000000000002              0.5999999999998800              0.8999999999993699              1.6666666666670000              1.6666666666670000
       0.41250000               1.0000000100270698              1.0000000000000016              0.5999999999998782              0.8999999999993673              1.6666666666670000              1.6666666666670000
       0.41750000               1.0000000065522971              0.9999999999999976              0.5999999999998822              0.8999999999993732              1.6666666666670000              1.6666666666670000
       0.42250000               1.0000000042588777              1.0000000000000007              0.5999999999998796              0.8999999999993693              1.6666666666670000              1.6666666666670000
       0.42750000               1.0000000027530860              1.0000000000000000              0.5999999999998793              0.8999999999993690              1.6666666666670000              1.6666666666670000
       0.43250000               1.0000000017709021              1.0000000000000011              0.5999999999998781              0.8999999999993671              1.6666666666670000              1.6666666666670000
       0.43750000               1.0000000011351848              1.0000000000000002              0.5999999999998799              0.8999999999993697              1.6666666666670000              1.6666666666670000
       0.44250000               1.0000000007267615              1.0000000000000002              0.5999999999998797              0.8999999999993696              1.6666666666670000              1.6666666666670000
       0.44750000               1.0000000004655374              0.9999999999999971              0.5999999999998830              0.8999999999993744              1.6666666666670000              1.6666666666670000
       0.45250000               1.0000000002981873              0.9999999999999996              0.5999999999998807              0.8999999999993711              1.6666666666670000              1.6666666666670000
       0.45750000               1.0000000001899600              0.9999999999999996              0.5999999999998801              0.8999999999993700              1.6666666666670000              1.6666666666670000
       0.46250000               1.0000000001189246              0.9999999999999982              0.5999999999998814              0.8999999999993721              1.6666666666670000              1.6666666666670000
       0.46750000               1.0000000000718727              0.9999999999999996              0.5999999999998801              0.8999999999993702              1.6666666666670000              1.6666666666670000
       0.47250000               1.0000000000414169              0.9999999999999962              0.5999999999998831              0.8999999999993745              1.6666666666670000              1.6666666666670000
       0.47750000               1.0000000000238969              1.0000000000000002              0.5999999999998790              0.8999999999993684              1.6666666666670000              1.6666666666670000
       0.48250000               1.0000000000179179              1.0000000000000009              0.5999999999998784              0.8999999999993676              1.6666666666670000              1.6666666666670000
       0.48750000               1.0000000000232958              0.9999999999999958              0.5999999999998840              0.8999999999993759              1.6666666666670000              1.6666666666670000
       0.49250000               1.0000000000406528              1.0000000000000004              0.5999999999998793              0.8999999999993689              1.6666666666670000              1.6666666666670000
       0.49750000               1.0000000000719216              0.9999999999999984              0.5999999999998803              0.8999999999993704              1.6666666666670000              1.6666666666670000
       0.50250000               1.0000000001212923              1.0000000000000002              0.5999999999998791              0.8999999999993686              1.6666666666670000              1.6666666666670000
       0.50750000               1.0000000001966860              0.9999999999999989              0.5999999999998802              0.8999999999993703              1.6666666666670000              1.6666666666670000
       0.51250000               1.0000000003117835              0.9999999999999989              0.5999999999998812              0.8999999999993717              1.6666666666670000              1.6666666666670000
       0.51750000               1.0000000004890226              0.9999999999999991              0.5999999999998804              0.8999999999993706              1.6666666666670000              1.6666666666670000
       0.52250000               1.0000000007639589              0.9999999999999991              0.5999999999998802              0.8999999999993703              1.6666666666670000              1.6666666666670000
       0.52750000               1.0000000011916381              1.0000000000000004              0.5999999999998795              0.8999999999993692              1.6666666666670000              1.6666666666670000
       0.53250000               1.0000000018558881              0.9999999999999980              0.5999999999998819              0.8999999999993727              1.6666666666670000              1.6666666666670000
       0.53750000               1.0000000028829306              1.0000000000000002              0.5999999999998795              0.8999999999993692              1.6666666666670000              1.6666666666670000
       0.54250000               1.0000000044615813              1.0000000000000004              0.5999999999998796              0.8999999999993695              1.6666666666670000              1.6666666666670000
       0.54750000               1.0000000068731614              1.0000000000000002              0.5999999999998800              0.8999999999993699              1.6666666666670000              1.6666666666670000
       0.55250000               1.0000000105356723              1.0000000000000002              0.5999999999998800              0.8999999999993700              1.6666666666670000              1.6666666666670000
       0.55750000               1.0000000160682851              0.9999999999999996              0.5999999999998802              0.8999999999993701              1.6666666666670000              1.6666666666670000
       0.56250000               1.0000000243843903              0.9999999999999998              0.5999999999998801              0.8999999999993701              1.6666666666670000              1.6666666666670000
       0.56750000               1.0000000368245288              0.9999999999999987              0.5999999999998811              0.8999999999993715              1.6666666666670000              1.6666666666670000
       0.57250000               1.0000000553450419              0.9999999999999998              0.5999999999998803              0.8999999999993704              1.6666666666670000              1.6666666666670000
       0.57750000               1.0000000827845104              0.9999999999999984              0.5999999999998811              0.8999999999993715              1.6666666666670000              1.6666666666670000
       0.58250000               1.0000001232385052              1.0000000000000013              0.5999999999998782              0.8999999999993673              1.6666666666670000              1.6666666666670000
       0.58750000               1.0000001825843288              1.0000000000000013              0.5999999999998786              0.8999999999993679              1.6666666666670000              1.6666666666670000
       0.59250000               1.0000002692115786              1.0000000000000002              0.5999999999998796              0.8999999999993694              1.6666666666670000              1.6666666666670000
       0.59750000               1.0000003950329521              1.0000000000000009              0.5999999999998785              0.8999999999993678              1.6666666666670000              1.6666666666670000
       0.60250000               1.0000005768736138              0.9999999999999993              0.5999999999998803              0.8999999999993704              1.6666666666670000              1.6666666666670000
       0.60750000               1.0000008383686068              0.9999999999999989              0.5999999999998810              0.8999999999993714              1.6666666666670000              1.6666666666670000
       0.61250000               1.0000012125380775              0.9999999999999993              0.5999999999998803              0.8999999999993704              1.6666666666670000              1.6666666666670000
       0.61750000               1.0000017452609562              0.9999999999999993              0.5999999999998805              0.8999999999993706              1.6666666666670000              1.6666666666670000
       0.62250000               1.0000024999316139              1.0000000000000009              0.5999999999998782              0.8999999999993672              1.6666666666670000              1.6666666666670000
       0.62750000               1.0000035636629347              1.0000000000000018              0.5999999999998780              0.8999999999993670              1.6666666666670000              1.6666666666670000
       0.63250000               1.0000050554958730              0.9999999999999996              0.5999999999998805              0.8999999999993706              1.6666666666670000              1.6666666666670000
       0.63750000               1.0000071371930455              0.9999999999999989              0.5999999999998807              0.8999999999993711              1.6666666666670000              1.6666666666670000
       0.64250000               1.0000100273351420              1.0000000000000027              0.5999999999998772              0.8999999999993656              1.6666666666670000              1.6666666666670000
       0.64750000               1.0000140196064706              1.0000000000000027              0.5999999999998769              0.8999999999993652              1.6666666666670000              1.6666666666670000
       0.65250000               1.0000195063520452              1.0000000000000009              0.5999999999998785              0.8999999999993678              1.6666666666670000              1.6666666666670000
       0.65750000               1.0000270087142644              1.0000000000000016              0.5999999999998774              0.8999999999993661              1.6666666666670000              1.6666666666670000
       0.66250000               1.0000372149126648              0.9999999999999991              0.5999999999998809              0.8999999999993713              1.6666666666670000              1.6666666666670000
       0.66750000               1.0000510285139481              1.0000000000000009              0.5999999999998789              0.8999999999993682              1.6666666666670000              1.6666666666670000
       0.67250000               1.0000696288480826              1.0000000000000000              0.5999999999998796              0.8999999999993694              1.6666666666670000              1.6666666666670000
       0.67750000               1.0000945460520705              0.9999999999999996              0.5999999999998799              0.8999999999993697              1.6666666666670000              1.6666666666670000
       0.68250000               1.0001277535561359              0.9999999999999993              0.5999999999998806              0.8999999999993710              1.6666666666670000              1.6666666666670000
       0.68750000               1.0001717811519260              1.0000000000000004              0.5999999999998797              0.8999999999993696              1.6666666666670000              1.6666666666670000
       0.69250000               1.0002298520799777              0.9999999999999991              0.5999999999998799              0.8999999999993697              1.6666666666670000              1.6666666666670000
       0.69750000               1.0003060478181607              1.0000000000000004              0.5999999999998787              0.8999999999993680              1.6666666666670000              1.6666666666670000
       0.70250000               1.0004055044116742              0.9999999999999984              0.5999999999998809              0.8999999999993712              1.6666666666670000              1.6666666666670000
       0.70750000               1.0005346442188612              1.0000000000000020              0.5999999999998773              0.8999999999993659              1.6666666666670000              1.6666666666670000
       0.71250000               1.0007014468117950              0.9999999999999982              0.5999999999998813              0.8999999999993720              1.6666666666670000              1.6666666666670000
       0.71750000               1.0009157624183220              0.9999999999999973              0.5999999999998814              0.8999999999993721              1.6666666666670000              1.6666666666670000
       0.72250000               1.0011896706722119              0.9999999999999982              0.5999999999998814              0.8999999999993721              1.6666666666670000              1.6666666666670000
       0.72750000               1.0015378864928022              1.0000000000000000              0.5999999999998793              0.8999999999993689              1.6666666666670000              1.6666666666670000
       0.73250000               1.0019782135875726              0.9999999999999978              0.5999999999998817              0.8999999999993727              1.6666666666670000              1.6666666666670000
       0.73750000               1.0025320443078276              0.9999999999999991              0.5999999999998807              0.8999999999993711              1.6666666666670000              1.6666666666670000
       0.74250000               1.0032249023548010              0.9999999999999978              0.5999999999998814              0.8999999999993722              1.6666666666670000              1.6666666666670000
       0.74750000               1.0040870221153557              0.9999999999999973              0.5999999999998819              0.8999999999993727              1.6666666666670000              1.6666666666670000
       0.75250000               1.0051539552042097              0.9999999999999998              0.5999999999998804              0.8999999999993705              1.6666666666670000              1.6666666666670000
       0.75750000               1.0064671911158301              0.9999999999999984              0.5999999999998810              0.8999999999993713              1.6666666666670000              1.6666666666670000
       0.76250000               1.0080747747828380              1.0000000000000004              0.5999999999998797              0.8999999999993695              1.6666666666670000              1.6666666666670000
       0.76750000               1.0100318993900523              0.9999999999999976              0.5999999999998822              0.8999999999993733              1.6666666666670000              1.6666666666670000
       0.77250000               1.0124014481670218              1.0000000000000004              0.5999999999998795              0.8999999999993691              1.6666666666670000              1.6666666666670000
       0.77750000               1.0152544543004787              1.0000000000000007              0.5999999999998792              0.8999999999993689              1.6666666666670000              1.6666666666670000
       0.78250000               1.0186704438133654              1.0000000000000007              0.5999999999998793              0.8999999999993689              1.6666666666670000              1.6666666666670000
       0.78750000               1.0227376224811886              1.0000000000000007              0.5999999999998784              0.8999999999993675              1.6666666666670000              1.6666666666670000
       0.79250000               1.0275528648405097              1.0000000000000009              0.5999999999998791              0.8999999999993685              1.6666666666670000              1.6666666666670000
       0.79750000               1.0332214614080057              1.0000000000000007              0.5999999999998794              0.8999999999993691              1.6666666666670000              1.6666666666670000
       0.80250000               1.0398565798094308              1.0000000000000016              0.5999999999998785              0.8999999999993678              1.6666666666670000              1.6666666666670000
       0.80750000               1.0475783971120740              1.0000000000000002              0.5999999999998796              0.8999999999993693              1.6666666666670000              1.6666666666670000
       0.81250000               1.0565128646541171              0.9999999999999993              0.5999999999998802              0.8999999999993703              1.6666666666670000              1.6666666666670000
       0.81750000               1.0667900732085689              1.0000000000000000              0.5999999999998802              0.8999999999993703              1.6666666666670000              1.6666666666670000
       0.82250000               1.0785421953088787              0.9999999999999990              0.5999999999998807              0.8999999999993710              1.6666666666670000              1.6666666666670000
       0.82750000               1.0919009928729171              0.9999999999999990              0.5999999999998804              0.8999999999993706              1.6666666666670000              1.6666666666670000
       0.83250000               1.1069948919853716              0.9999999999999994              0.5999999999998805              0.8999999999993709              1.6666666666670000              1.6666666666670000
       0.83750000               1.1239456431510597              1.0000000000000002              0.5999999999998800              0.8999999999993699              1.6666666666670000              1.6666666666670000
       0.84250000               1.1428646046731075              0.9999999999999992              0.5999999999998802              0.8999999999993702              1.6666666666670000              1.6666666666670000
       0.84750000               1.1638487084827920              0.9999999999999990              0.5999999999998809              0.8999999999993712              1.6666666666670000              1.6666666666670000
       0.85250000               1.1869761902027103              0.9999999999999991              0.5999999999998803              0.8999999999993705              1.6666666666670000              1.6666666666670000
       0.85750000               1.2123021863334156              0.9999999999999998              0.5999999999998795              0.8999999999993693              1.6666666666670000              1.6666666666670000
       0.86250000               1.2398543195287497              0.9999999999999993              0.5999999999998800              0.8999999999993700              1.6666666666670000              1.6666666666670000
       0.86750000               1.2696284076750699              1.0000000000000002              0.5999999999998795              0.8999999999993692              1.6666666666670000              1.6666666666670000
       0.87250000               1.3015844450316056              1.0000000000000004              0.5999999999998797              0.8999999999993696              1.6666666666670000              1.6666666666670000
       0.87750000               1.3356430152460026              1.0000000000000002              0.5999999999998793              0.8999999999993690              1.6666666666670000              1.6666666666670000
       0.88250000               1.3716823059696843              1.0000000000000002              0.5999999999998800              0.8999999999993700              1.6666666666670000              1.6666666666670000
       0.88750000               1.4095358993047475              0.9999999999999999              0.5999999999998801              0.8999999999993701              1.6666666666670000              1.6666666666670000
       0.89250000               1.4489915055022271              0.9999999999999996              0.5999999999998803              0.8999999999993704              1.6666666666670000              1.6666666666670000
       0.89750000               1.4897907843649372              0.9999999999999992              0.5999999999998816              0.8999999999993723              1.6666666666670000              1.6666666666670000
       0.90250000               1.5316303598737886              0.9999999999999994              0.5999999999998800              0.8999999999993699              1.6666666666670000              1.6666666666670000
       0.90750000               1.5741640858283505              0.9999999999999991              0.5999999999998813              0.8999999999993720              1.6666666666670000              1.6666666666670000
       0.91250000               1.6170065757887491              0.9999999999999983              0.5999999999998823              0.8999999999993734              1.6666666666670000              1.6666666666670000
       0.91750000               1.6597379800443692              0.9999999999999987              0.5999999999998817              0.8999999999993725              1.6666666666670000              1.6666666666670000
       0.92250000               1.7019099778527687              0.9999999999999984              0.5999999999998815              0.8999999999993722              1.6666666666670000              1.6666666666670000
       0.92750000               1.7430529443813658              0.9999999999999991              0.5999999999998812              0.8999999999993716              1.6666666666670000              1.6666666666670000
       0.93250000               1.7826842285145850              0.9999999999999997              0.5999999999998799              0.8999999999993697              1.6666666666670000              1.6666666666670000
       0.93750000               1.8203174198355843              1.0000000000000002              0.5999999999998802              0.8999999999993702              1.6666666666670000              1.6666666666670000
       0.94250000               1.8554723830865643              0.9999999999999991              0.5999999999998806              0.8999999999993709              1.6666666666670000              1.6666666666670000
       0.94750000               1.8876857101115261              0.9999999999999992              0.5999999999998807              0.8999999999993711              1.6666666666670000              1.6666666666670000
       0.95250000               1.9165211176650001              0.9999999999999994              0.5999999999998807              0.8999999999993712              1.6666666666670000              1.6666666666670000
       0.95750000               1.9415792502709810              0.9999999999999998              0.5999999999998802              0.8999999999993703              1.6666666666670000              1.6666666666670000
       0.96250000               1.9625063719886178              0.9999999999999994              0.5999999999998805              0.8999999999993707              1.6666666666670000              1.6666666666670000
       0.96750000               1.9790015780296262              0.9999999999999998              0.5999999999998802              0.8999999999993702              1.6666666666670000              1.6666666666670000
       0.97250000               1.9908224572119679              0.9999999999999999              0.5999999999998803              0.8999999999993704              1.6666666666670000              1.6666666666670000
       0.97750000               1.9977897002304026              1.0000000000000007              0.5999999999998794              0.8999999999993691              1.6666666666670000              1.6666666666670000
       0.98250000               1.9997922951478062              1.0000000000000009              0.5999999999998791              0.8999999999993685              1.6666666666670000              1.6666666666670000
       0.98750000               1.9967959195007574              1.0000000000000011              0.5999999999998787              0.8999999999993680              1.6666666666670000              1.6666666666670000
       0.99250000               1.9888490648926200              1.0000000000000013              0.5999999999998786              0.8999999999993679              1.6666666666670000              1.6666666666670000
       0.99750000               1.9760765246882028              1.0000000000000018              0.5999999999998776              0.8999999999993663              1.6666666666670000              1.6666666666670000
