       0.00250000               1.0000885064437368              0.0001142578316382              1.0001475150861614              1.5002212726284920              1.6666666666670000              1.6666666666670000
       0.00750000               1.0000676943177016              0.0000873909701606              1.0001128264054440              1.5001692396074158              1.6666666666670000              1.6666666666670000
       0.01250000               1.0000515212529195              0.0000665124383583              1.0000858702275905              1.5001288053406359              1.6666666666670000              1.6666666666670000
       0.01750000               1.0000390186163248              0.0000503720772487              1.0000650318718338              1.5000975478070007              1.6666666666670000              1.6666666666670000
       0.02250000               1.0000294038532309              0.0000379597204805              1.0000490069016748              1.5000735103517622              1.6666666666670000              1.6666666666670000
       0.02750000               1.0000220485500961              0.0000284641726753              1.0000367478531593              1.5000551217789890              1.6666666666670000              1.6666666666670000
       0.03250000               1.0000164511604601              0.0000212379853898              1.0000274187508822              1.5000411281255732              1.6666666666670000              1.6666666666670000
       0.03750000               1.0000122138304806              0.0000157675550347              1.0000203564668702              1.5000305346995555              1.6666666666670000              1.6666666666670000
       0.04250000               1.0000090228805723              0.0000116479296509              1.0000150381794364              1.5000225572684047              1.6666666666670000              1.6666666666670000
       0.04750000               1.0000066324949768              0.0000085617594336              1.0000110541826894              1.5000165812732842              1.6666666666670000              1.6666666666670000
       0.05250000               1.0000048512028914              0.0000062618469544              1.0000080853512023              1.5000121280260534              1.6666666666670000              1.6666666666670000
       0.05750000               1.0000035307608544              0.0000045567963806              1.0000058846083348              1.5000088269117522              1.6666666666670000              1.6666666666670000
       0.06250000               1.0000025570807254              0.0000032993031128              1.0000042618048350              1.5000063927065026              1.6666666666670000              1.6666666666670000
       0.06750000               1.0000018428833795              0.0000023766713470              1.0000030714741817              1.5000046072105226              1.6666666666670000              1.6666666666670000
       0.07250000               1.0000013217945576              0.0000017031936811              1.0000022029918980              1.5000033044870968              1.6666666666670000              1.6666666666670000
       0.07750000               1.0000009436348303              0.0000012140728486              1.0000015727252112              1.5000023590870666              1.6666666666670000              1.6666666666670000
       0.08250000               1.0000006706895161              0.0000008606090891              1.0000011178161101              1.5000016767234152              1.6666666666670000              1.6666666666670000
       0.08750000               1.0000004747759992              0.0000006064170245              1.0000007912934561              1.5000011869394343              1.6666666666670000              1.6666666666670000
       0.09250000               1.0000003349543496              0.0000004244729442              1.0000005582573117              1.5000008373852174              1.6666666666670000              1.6666666666670000
       0.09750000               1.0000002357522961              0.0000002948268359              1.0000003929205252              1.5000005893800377              1.6666666666670000              1.6666666666670000
       0.10250000               1.0000001657979600              0.0000002028424367              1.0000002763299471              1.5000004144941705              1.6666666666670000              1.6666666666670000
       0.10750000               1.0000001167741379              0.0000001378523364              1.0000001946235708              1.5000002919346060              1.6666666666670000              1.6666666666670000
       0.11250000               1.0000000826256752              0.0000000921348890              1.0000001377094621              1.5000002065634432              1.6666666666670000              1.6666666666670000
       0.11750000               1.0000000589651643              0.0000000601378917              1.0000000982752750              1.5000001474121625              1.6666666666670000              1.6666666666670000
       0.12250000               1.0000000426316566              0.0000000378916757              1.0000000710527617              1.5000001065783923              1.6666666666670000              1.6666666666670000
       0.12750000               1.0000000313637096              0.0000000225701543              1.0000000522728481              1.5000000784085221              1.6666666666670000              1.6666666666670000
       0.13250000               1.0000000235547384              0.0000000121697896              1.0000000392578980              1.5000000588860971              1.6666666666670000              1.6666666666670000
       0.13750000               1.0000000180685367              0.0000000052797385              1.0000000301142278              1.5000000451705917              1.6666666666670000              1.6666666666670000
       0.14250000               1.0000000141077614              0.0000000009098417              1.0000000235129356              1.5000000352686531              1.6666666666670000              1.6666666666670000
       0.14750000               1.0000000111268095             -0.0000000016449414              1.0000000185446816              1.5000000278162724              1.6666666666670000              1.6666666666670000
       0.15250000               1.0000000087665653             -0.0000000028991842              1.0000000146109405              1.5000000219156606              1.6666666666670000              1.6666666666670000
       0.15750000               1.0000000068047696             -0.0000000032410862              1.0000000113412812              1.5000000170111718              1.6666666666670000              1.6666666666670000
       0.16250000               1.0000000051163771             -0.0000000029725936              1.0000000085272922              1.5000000127901880              1.6666666666670000              1.6666666666670000
       0.16750000               1.0000000036405925             -0.0000000023315474              1.0000000060676495              1.5000000091007242              1.6666666666670000              1.6666666666670000
       0.17250000               1.0000000023527289             -0.0000000015008682              1.0000000039212094              1.5000000058810641              1.6666666666670000              1.6666666666670000
       0.17750000               1.0000000012329389             -0.0000000005999288              1.0000000020548832              1.5000000030815746              1.6666666666670000              1.6666666666670000
       0.18250000               1.0000000002262763              0.0000000003448845              1.0000000003771004              1.5000000005649003              1.6666666666670000              1.6666666666670000
       0.18750000               0.9999999992112690              0.0000000014253996              0.9999999986853974              1.4999999980273457              1.6666666666670000              1.6666666666670000
       0.19250000               0.9999999979935688              0.0000000028492600              0.9999999966558630              1.4999999949830445              1.6666666666670000              1.6666666666670000
       0.19750000               0.9999999962843341              0.0000000049607922              0.9999999938070745              1.4999999907098618              1.6666666666670000              1.6666666666670000
       0.20250000               0.9999999935864372              0.0000000083831257              0.9999999893104676              1.4999999839649516              1.6666666666670000              1.6666666666670000
       0.20750000               0.9999999888617346              0.0000000144443607              0.9999999814357816              1.4999999721529225              1.6666666666670000              1.6666666666670000
       0.21250000               0.9999999795851106              0.0000000263964368              0.9999999659744367              1.4999999489609050              1.6666666666670000              1.6666666666670000
       0.21750000               0.9999999586215252              0.0000000534453948              0.9999999310346253              1.4999998965511878              1.6666666666670000              1.6666666666670000
       0.22250000               0.9999999211180544              0.0000001018530453              0.9999998685280264              1.4999998027912895              1.6666666666670000              1.6666666666670000
       0.22750000               0.9999998747740702              0.0000001616777520              0.9999997912867443              1.4999996869293664              1.6666666666670000              1.6666666666670000
       0.23250000               0.9999998316927921              0.0000002172935962              0.9999997194825344              1.4999995792230516              1.6666666666670000              1.6666666666670000
       0.23750000               0.9999998052170915              0.0000002514749627              0.9999996753531016              1.4999995130289023              1.6666666666670000              1.6666666666670000
       0.24250000               0.9999998129408483              0.0000002415086604              0.9999996882209524              1.4999995323306785              1.6666666666670000              1.6666666666670000
       0.24750000               0.9999998715591591              0.0000001658422160              0.9999997859103513              1.4999996788647769              1.6666666666670000              1.6666666666670000
       0.25250000               0.9999999545824687              0.0000000586749193              0.9999999242707542              1.4999998864053812              1.6666666666670000              1.6666666666670000
       0.25750000               1.0000000192132015             -0.0000000247394060              1.0000000319710420              1.5000000479558129              1.6666666666670000              1.6666666666670000
       0.26250000               1.0000000487347682             -0.0000000628158507              1.0000000811476633              1.5000001217207448              1.6666666666670000              1.6666666666670000
       0.26750000               1.0000000498555277             -0.0000000642088398              1.0000000829776921              1.5000001244657879              1.6666666666670000              1.6666666666670000
       0.27250000               1.0000000376079190             -0.0000000483161664              1.0000000625104291              1.5000000937648934              1.6666666666670000              1.6666666666670000
       0.27750000               1.0000000187131657             -0.0000000238017921              1.0000000309416039              1.5000000464116559              1.6666666666670000              1.6666666666670000
       0.28250000               1.0000000040514863             -0.0000000046931131              1.0000000063966370              1.5000000095942052              1.6666666666670000              1.6666666666670000
       0.28750000               1.0000000067107888             -0.0000000078593774              1.0000000106781510              1.5000000160164766              1.6666666666670000              1.6666666666670000
       0.29250000               1.0000000424569588             -0.0000000536150736              1.0000000700493321              1.5000001050732483              1.6666666666670000              1.6666666666670000
       0.29750000               1.0000000863054765             -0.0000001096488896              1.0000001428530072              1.5000002142787607              1.6666666666670000              1.6666666666670000
       0.30250000               1.0000001102297333             -0.0000001396974145              1.0000001823585698              1.5000002735371047              1.6666666666670000              1.6666666666670000
       0.30750000               1.0000000942377496             -0.0000001178344288              1.0000001552231343              1.5000002328339515              1.6666666666670000              1.6666666666670000
       0.31250000               1.0000000552611690             -0.0000000657510566              1.0000000896400434              1.5000001344593150              1.6666666666670000              1.6666666666670000
       0.31750000               1.0000000172699079             -0.0000000141519153              1.0000000255305348              1.5000000382950520              1.6666666666670000              1.6666666666670000
       0.32250000               1.0000000030038756              0.0000000079508302              1.0000000007642156              1.5000000011455730              1.6666666666670000              1.6666666666670000
       0.32750000               1.0000000186418552             -0.0000000069251031              1.0000000256088253              1.5000000384124876              1.6666666666670000              1.6666666666670000
       0.33250000               1.0000000495934112             -0.0000000392353393              1.0000000757188112              1.5000001135774668              1.6666666666670000              1.6666666666670000
       0.33750000               1.0000000800502820             -0.0000000675590021              1.0000001247239352              1.5000001870851527              1.6666666666670000              1.6666666666670000
       0.34250000               1.0000000903949422             -0.0000000651254353              1.0000001399135832              1.5000002098696248              1.6666666666670000              1.6666666666670000
       0.34750000               1.0000000861284613             -0.0000000369813025              1.0000001304541328              1.5000001956804492              1.6666666666670000              1.6666666666670000
       0.35250000               1.0000000785352778              0.0000000052198743              1.0000001151679463              1.5000001727511694              1.6666666666670000              1.6666666666670000
       0.35750000               1.0000000808013776              0.0000000485725402              1.0000001160689422              1.5000001741026632              1.6666666666670000              1.6666666666670000
       0.36250000               1.0000001094268296              0.0000000775680319              1.0000001607209503              1.5000002410806752              1.6666666666670000              1.6666666666670000
       0.36750000               1.0000001803694811              0.0000000797160004              1.0000002758161046              1.5000004137234066              1.6666666666670000              1.6666666666670000
       0.37250000               1.0000002711527449              0.0000000953367708              1.0000004240224665              1.5000006360329499              1.6666666666670000              1.6666666666670000
       0.37750000               1.0000003630869900              0.0000001642247701              1.0000005743580629              1.5000008615363443              1.6666666666670000              1.6666666666670000
       0.38250000               1.0000004576893393              0.0000003060226809              1.0000007295510056              1.5000010943257585              1.6666666666670000              1.6666666666670000
       0.38750000               1.0000005769674605              0.0000005219287460              1.0000009265172873              1.5000013897751807              1.6666666666670000              1.6666666666670000
       0.39250000               1.0000007503176125              0.0000008143619742              1.0000012145026984              1.5000018217532975              1.6666666666670000              1.6666666666670000
       0.39750000               1.0000010140544917              0.0000011911371766              1.0000016543085581              1.5000024814620869              1.6666666666670000              1.6666666666670000
       0.40250000               1.0000014065505038              0.0000016764206348              1.0000023101393349              1.5000034652082521              1.6666666666670000              1.6666666666670000
       0.40750000               1.0000019546749848              0.0000023341939982              1.0000032270369876              1.5000048405547317              1.6666666666670000              1.6666666666670000
       0.41250000               1.0000026949355427              0.0000032487082655              1.0000044660014198              1.5000066990013796              1.6666666666670000              1.6666666666670000
       0.41750000               1.0000036783809558              0.0000045277999911              1.0000061122752177              1.5000091684120764              1.6666666666670000              1.6666666666670000
       0.42250000               1.0000049693557842              0.0000063169463155              1.0000082730405111              1.5000124095600165              1.6666666666670000              1.6666666666670000
       0.42750000               1.0000067227137235              0.0000087147365797              1.0000112063779343              1.5000168095661510              1.6666666666670000              1.6666666666670000
       0.43250000               1.0000091142181085              0.0000118821179547              1.0000152048439133              1.5000228072651198              1.6666666666670000              1.6666666666670000
       0.43750000               1.0000123398557594              0.0000160663218400              1.0000205949034195              1.5000308923543793              1.6666666666670000              1.6666666666670000
       0.44250000               1.0000166350202548              0.0000216053742447              1.0000277681107332              1.5000416521653499              1.6666666666670000              1.6666666666670000
       0.44750000               1.0000223105884294              0.0000289153709709              1.0000372423409059              1.5000558635106085              1.6666666666670000              1.6666666666670000
       0.45250000               1.0000297599891703              0.0000385239847721              1.0000496722155103              1.5000745083225155              1.6666666666670000              1.6666666666670000
       0.45750000               1.0000394763079854              0.0000510963544377              1.0000658794508932              1.5000988191755897              1.6666666666670000              1.6666666666670000
       0.46250000               1.0000520969054136              0.0000674371372504              1.0000869250626001              1.5001303875931502              1.6666666666670000              1.6666666666670000
       0.46750000               1.0000684153563895              0.0000885402564387              1.0001141321587987              1.5001711982374482              1.6666666666670000              1.6666666666670000
       0.47250000               1.0000894087338901              0.0001156335105222              1.0001491280705275              1.5002236921050409              1.6666666666670000              1.6666666666670000
       0.47750000               1.0001162726684094              0.0001502173732583              1.0001939072562851              1.5002908608836776              1.6666666666670000              1.6666666666670000
       0.48250000               1.0001504109557726              0.0001941800343369              1.0002508085465787              1.5003762128191178              1.6666666666670000              1.6666666666670000
       0.48750000               1.0001935190300735              0.0002497901517622              1.0003226625130188              1.5004839937687779              1.6666666666670000              1.6666666666670000
       0.49250000               1.0002476689539896              0.0003197115807793              1.0004129203886116              1.5006193805821670              1.6666666666670000              1.6666666666670000
       0.49750000               1.0003153177780690              0.0004070982335506              1.0005256870804458              1.5007885306199182              1.6666666666670000              1.6666666666670000
       0.50250000               1.0003993659684398              0.0005156576103964              1.0006657969426878              1.5009986954132808              1.6666666666670000              1.6666666666670000
       0.50750000               1.0005032039605248              0.0006497010407100              1.0008389043851647              1.5012583565769959              1.6666666666670000              1.6666666666670000
       0.51250000               1.0006307506730381              0.0008142018752883              1.0010515526576924              1.5015773289857879              1.6666666666670000              1.6666666666670000
       0.51750000               1.0007864044761450              0.0010149523997653              1.0013110964971721              1.5019666447450073              1.6666666666670000              1.6666666666670000
       0.52250000               1.0009751684357175              0.0012584872917705              1.0016258943980996              1.5024388415963981              1.6666666666670000              1.6666666666670000
       0.52750000               1.0012026881995284              0.0015520681120960              1.0020053816333299              1.5030080724492432              1.6666666666670000              1.6666666666670000
       0.53250000               1.0014752363569910              0.0019037063456675              1.0024600367063876              1.5036900550588297              1.6666666666670000              1.6666666666670000
       0.53750000               1.0017996413420425              0.0023221765561222              1.0030012968762347              1.5045019453135999              1.6666666666670000              1.6666666666670000
       0.54250000               1.0021833488093872              0.0028168287041075              1.0036416521362752              1.5054624782036601              1.6666666666670000              1.6666666666670000
       0.54750000               1.0026340732551355              0.0033978567415796              1.0043940691106148              1.5065911036651689              1.6666666666670000              1.6666666666670000
       0.55250000               1.0031602290553754              0.0040755048638737              1.0052726937185332              1.5079090405770459              1.6666666666670000              1.6666666666670000
       0.55750000               1.0037700473997302              0.0048608674230965              1.0062914114019652              1.5094371171021932              1.6666666666670000              1.6666666666670000
       0.56250000               1.0044720202927555              0.0057649324109022              1.0074645883055935              1.5111968824576347              1.6666666666670000              1.6666666666670000
       0.56750000               1.0052750696743580              0.0067979323420612              1.0088073671770310              1.5132110507647898              1.6666666666670000              1.6666666666670000
       0.57250000               1.0061868045685216              0.0079711209307886              1.0103327408142675              1.5154991112206435              1.6666666666670000              1.6666666666670000
       0.57750000               1.0072157502103642              0.0092934003561348              1.0120553161218537              1.5180829741820216              1.6666666666670000              1.6666666666670000
       0.58250000               1.0083688510346895              0.0107740442726504              1.0139871348305209              1.5209807022450208              1.6666666666670000              1.6666666666670000
       0.58750000               1.0096520224464103              0.0124215281601845              1.0161385999458268              1.5242078999179782              1.6666666666670000              1.6666666666670000
       0.59250000               1.0110718980663445              0.0142408759272501              1.0185213915205704              1.5277820872800916              1.6666666666670000              1.6666666666670000
       0.59750000               1.0126312649256088              0.0162391506837337              1.0211408388029048              1.5317112582035912              1.6666666666670000              1.6666666666670000
       0.60250000               1.0143344967656813              0.0184181855390996              1.0240050254142072              1.5360075381205429              1.6666666666670000              1.6666666666670000
       0.60750000               1.0161829377092004              0.0207803490667318              1.0271170317697595              1.5406755476538692              1.6666666666670000              1.6666666666670000
       0.61250000               1.0181766493712849              0.0233261271163117              1.0304778386873723              1.5457167580302855              1.6666666666670000              1.6666666666670000
       0.61750000               1.0203160490351357              0.0260520666440768              1.0340891107990351              1.5511336661977770              1.6666666666670000              1.6666666666670000
       0.62250000               1.0225971303971497              0.0289567976041279              1.0379451042716841              1.5569176564067475              1.6666666666670000              1.6666666666670000
       0.62750000               1.0250184113331717              0.0320323951785940              1.0420443764915435              1.5630665647365336              1.6666666666670000              1.6666666666670000
       0.63250000               1.0275727090807352              0.0352748562664522              1.0463758446077323              1.5695637669108136              1.6666666666670000              1.6666666666670000
       0.63750000               1.0302563416968469              0.0386726781695880              1.0509343683152428              1.5764015524720760              1.6666666666670000              1.6666666666670000
       0.64250000               1.0330596898276356              0.0422188924370145              1.0557047099806531              1.5835570649701878              1.6666666666670000              1.6666666666670000
       0.64750000               1.0359766934760011              0.0458993375418720              1.0606776274298326              1.5910164411439534              1.6666666666670000              1.6666666666670000
       0.65250000               1.0389959961497686              0.0497039284344084              1.0658347803220081              1.5987521704822130              1.6666666666670000              1.6666666666670000
       0.65750000               1.0421089772846419              0.0536167382884657              1.0711624090529956              1.6067436135786901              1.6666666666670000              1.6666666666670000
       0.66250000               1.0453029173034905              0.0576246736355437              1.0766396374674256              1.6149594562003309              1.6666666666670000              1.6666666666670000
       0.66750000               1.0485665283726322              0.0617106752058440              1.0822478806775924              1.6233718210155768              1.6666666666670000              1.6666666666670000
       0.67250000               1.0518860618401569              0.0658586225750569              1.0879641675522527              1.6319462513275631              1.6666666666670000              1.6666666666670000
       0.67750000               1.0552478484727721              0.0700501850435487              1.0937654814605939              1.6406482221900704              1.6666666666670000              1.6666666666670000
       0.68250000               1.0586367180930814              0.0742667633973128              1.0996260236896116              1.6494390355335926              1.6666666666670000              1.6666666666670000
       0.68750000               1.0620369451809426              0.0784882759073832              1.1055187882739461              1.6582781824100901              1.6666666666670000              1.6666666666670000
       0.69250000               1.0654315862953005              0.0826938537211166              1.1114144277079006              1.6671216415610173              1.6666666666670000              1.6666666666670000
       0.69750000               1.0688027647521494              0.0868613389375476              1.1172817231537933              1.6759225847298520              1.6666666666670000              1.6666666666670000
       0.70250000               1.0721311787675583              0.0909676971770856              1.1230867160653890              1.6846300740972411              1.6666666666670000              1.6666666666670000
       0.70750000               1.0753968109995089              0.0949879247807696              1.1287938965996371              1.6931908448986090              1.6666666666670000              1.6666666666670000
       0.71250000               1.0785774509952666              0.0988965629275610              1.1343636549834040              1.7015454824742551              1.6666666666670000              1.6666666666670000
       0.71750000               1.0816507365004162              0.1026648648739933              1.1397558327503972              1.7096337491247409              1.6666666666670000              1.6666666666670000
       0.72250000               1.0845907852504535              0.1062645784622290              1.1449238196871274              1.7173857295298325              1.6666666666670000              1.6666666666670000
       0.72750000               1.0873723167134102              0.1096625074203675              1.1498217645375566              1.7247326468054724              1.6666666666670000              1.6666666666670000
       0.73250000               1.0899653330599961              0.1128265980642091              1.1543952851790327              1.7315929277676831              1.6666666666670000              1.6666666666670000
       0.73750000               1.0923406097251145              0.1157187911129715              1.1585911346073490              1.7378867019101545              1.6666666666670000              1.6666666666670000
       0.74250000               1.0944636045687763              0.1183020670420963              1.1623464950690079              1.7435197426026399              1.6666666666670000              1.6666666666670000
       0.74750000               1.0963003632966268              0.1205329245961378              1.1655994472180120              1.7483991708261437              1.6666666666670000              1.6666666666670000
       0.75250000               1.0978119421579551              0.1223679149743322              1.1682792258077233              1.7524188387107085              1.6666666666670000              1.6666666666670000
       0.75750000               1.0989584934401380              0.1237581917077170              1.1703135178634319              1.7554702767942698              1.6666666666670000              1.6666666666670000
       0.76250000               1.0996970162689064              0.1246534165278157              1.1716246109896862              1.7574369164836503              1.6666666666670000              1.6666666666670000
       0.76750000               1.0999848387273283              0.1250021843967902              1.1721357406629633              1.7582036109935659              1.6666666666670000              1.6666666666670000
       0.77250000               1.0997791919367526              0.1247531629275607              1.1717705594823336              1.7576558392226214              1.6666666666670000              1.6666666666670000
       0.77750000               1.0990355234166449              0.1238514735947204              1.1704502755845188              1.7556754133759003              1.6666666666670000              1.6666666666670000
       0.78250000               1.0977107546645530              0.1222460280528440              1.1680998002302774              1.7521497003445397              1.6666666666670000              1.6666666666670000
       0.78750000               1.0957725099528419              0.1198909692963180              1.1646642650329813              1.7469963975485985              1.6666666666670000              1.6666666666670000
       0.79250000               1.0931945837144199              0.1167615112789143              1.1601011851403844              1.7401517777097064              1.6666666666670000              1.6666666666670000
       0.79750000               1.0899770487238967              0.1128378870518322              1.1544160087109894              1.7316240130656180              1.6666666666670000              1.6666666666670000
       0.80250000               1.0861259037026301              0.1081448366265035              1.1476259926049206              1.7214389889065200              1.6666666666670000              1.6666666666670000
       0.80750000               1.0816940597411635              0.1027147805342139              1.1398319408615216              1.7097479112914276              1.6666666666670000              1.6666666666670000
       0.81250000               1.0767412078132022              0.0966476499014629              1.1311467794912389              1.6967201692360099              1.6666666666670000              1.6666666666670000
       0.81750000               1.0713865186220488              0.0900452632684691              1.1217868498512951              1.6826802747761014              1.6666666666670000              1.6666666666670000
       0.82250000               1.0657418933756253              0.0830819709748644              1.1119538320241082              1.6679307480353285              1.6666666666670000              1.6666666666670000
       0.82750000               1.0599643389521445              0.0759147227151718              1.1019251345480514              1.6528877018212504              1.6666666666670000              1.6666666666670000
       0.83250000               1.0541902251131989              0.0687321809545579              1.0919387689474527              1.6379081534203599              1.6666666666670000              1.6666666666670000
       0.83750000               1.0485549206594398              0.0616966553504929              1.0822275863027000              1.6233413794532385              1.6666666666670000              1.6666666666670000
       0.84250000               1.0431694912206815              0.0549465357364034              1.0729794802684616              1.6094692204018874              1.6666666666670000              1.6666666666670000
       0.84750000               1.0381124589683270              0.0485915689828343              1.0643242531373103              1.5964863797051672              1.6666666666670000              1.6666666666670000
       0.85250000               1.0334405534608779              0.0426968996055855              1.0563531271578328              1.5845296907359570              1.6666666666670000              1.6666666666670000
       0.85750000               1.0291759685162718              0.0373061478630239              1.0490979111359136              1.5736468667030834              1.6666666666670000              1.6666666666670000
       0.86250000               1.0253289452687582              0.0324253927809947              1.0425702543563498              1.5638553815337426              1.6666666666670000              1.6666666666670000
       0.86750000               1.0218860845404818              0.0280515910295890              1.0367422115601841              1.5551133173394984              1.6666666666670000              1.6666666666670000
       0.87250000               1.0188312377676683              0.0241586463272793              1.0315819431817894              1.5473729147719102              1.6666666666670000              1.6666666666670000
       0.87750000               1.0161355467598301              0.0207201386339705              1.0270369211293002              1.5405553816931801              1.6666666666670000              1.6666666666670000
       0.88250000               1.0137723059288315              0.0176980808884216              1.0230590266164836              1.5345885399239583              1.6666666666670000              1.6666666666670000
       0.88750000               1.0117092547194084              0.0150581369253688              1.0195914716786658              1.5293872075172343              1.6666666666670000              1.6666666666670000
       0.89250000               1.0099179422778630              0.0127613670541874              1.0165844726671165              1.5248767089999122              1.6666666666670000              1.6666666666670000
       0.89750000               1.0083682948490151              0.0107735295418818              1.0139860125694784              1.5209790188534573              1.6666666666670000              1.6666666666670000
       0.90250000               1.0070341200946120              0.0090594825880371              1.0117509897569679              1.5176264846346927              1.6666666666670000              1.6666666666670000
       0.90750000               1.0058895374014731              0.0075885411142074              1.0098351456037142              1.5147527184048137              1.6666666666670000              1.6666666666670000
       0.91250000               1.0049120492543520              0.0063308948326333              1.0082001402395198              1.5123002103585237              1.6666666666670000              1.6666666666670000
       0.91750000               1.0040803084516929              0.0052605398284522              1.0068097550614370              1.5102146325914005              1.6666666666670000              1.6666666666670000
       0.92250000               1.0033757447588969              0.0043530764453462              1.0056325667342385              1.5084488501006035              1.6666666666670000              1.6666666666670000
       0.92750000               1.0027812119657469              0.0035872230041598              1.0046396470321719              1.5069594705475040              1.6666666666670000              1.6666666666670000
       0.93250000               1.0022817921252882              0.0029434929765768              1.0038058770997873              1.5057088156489278              1.6666666666670000              1.6666666666670000
       0.93750000               1.0018639874981126              0.0024049127431046              1.0031085745573607              1.5046628618352884              1.6666666666670000              1.6666666666670000
       0.94250000               1.0015160746069594              0.0019562304495794              1.0025280669424426              1.5037921004129118              1.6666666666670000              1.6666666666670000
       0.94750000               1.0012276186888032              0.0015842051561576              1.0020468677336067              1.5030703015996585              1.6666666666670000              1.6666666666670000
       0.95250000               1.0009895922914218              0.0012771248550477              1.0016498640990468              1.5024747961478191              1.6666666666670000              1.6666666666670000
       0.95750000               1.0007940745977426              0.0010248767072438              1.0013238076816078              1.5019857115216606              1.6666666666670000              1.6666666666670000
       0.96250000               1.0006342545988618              0.0008186405161066              1.0010573142959043              1.5015859714431055              1.6666666666670000              1.6666666666670000
       0.96750000               1.0005042348788817              0.0006508559681598              1.0008405325915011              1.5012607988865008              1.6666666666670000              1.6666666666670000
       0.97250000               1.0003989843272807              0.0005150155673811              1.0006650622354536              1.5009975933524300              1.6666666666670000              1.6666666666670000
       0.97750000               1.0003142018419220              0.0004055907408142              1.0005237245298244              1.5007855867939861              1.6666666666670000              1.6666666666670000
       0.98250000               1.0002462523706803              0.0003178832792761              1.0004104542729431              1.5006156814086642              1.6666666666670000              1.6666666666670000
       0.98750000               1.0001920670803117              0.0002479417754261              1.0003201322732469              1.5004801984091201              1.6666666666670000              1.6666666666670000
       0.99250000               1.0001490792602861              0.0001924505186458              1.0002484777671923              1.5003727166500380              1.6666666666670000              1.6666666666670000
       0.99750000               1.0001151490351374              0.0001486510662086              1.0001919224163121              1.5002878836237177              1.6666666666670000              1.6666666666670000
