       0.00250000               1.0682284120032177              0.0864175676200107              1.1166495922254736              1.6749743883373727              1.6666666666670000              1.6666666666670000
       0.00750000               1.0694221897887854              0.0878892825955426              1.1187289425071851              1.6780934137599388              1.6666666666670000              1.6666666666670000
       0.01250000               1.0706145882883045              0.0893585207147935              1.1208067388636531              1.6812101082946389              1.6666666666670000              1.6666666666670000
       0.01750000               1.0717978921602211              0.0908249488105985              1.1228801764881249              1.6843202647313451              1.6666666666670000              1.6666666666670000
       0.02250000               1.0729841216871037              0.0922907267747857              1.1249498890080665              1.6874248335112561              1.6666666666670000              1.6666666666670000
       0.02750000               1.0741718698726683              0.0937539828283485              1.1270199963321919              1.6905299944974426              1.6666666666670000              1.6666666666670000
       0.03250000               1.0753573504933382              0.0952038197006153              1.1290993306757786              1.6936489960128209              1.6666666666670000              1.6666666666670000
       0.03750000               1.0765403605989214              0.0966464799345872              1.1311729876622525              1.6967594814925302              1.6666666666670000              1.6666666666670000
       0.04250000               1.0777096320236521              0.0980822495194120              1.1332132585125672              1.6998198877680006              1.6666666666670000              1.6666666666670000
       0.04750000               1.0788487353673859              0.0994995747687085              1.1352154215948873              1.7028231323914793              1.6666666666670000              1.6666666666670000
       0.05250000               1.0799654167176922              0.1008748292196789              1.1371777998262673              1.7057666997385481              1.6666666666670000              1.6666666666670000
       0.05750000               1.0811480995163949              0.1023185022311862              1.1392462542472852              1.7088693813700730              1.6666666666670000              1.6666666666670000
       0.06250000               1.0825449691193576              0.1040374546216278              1.1417097942998116              1.7125646914488608              1.6666666666670000              1.6666666666670000
       0.06750000               1.0841577985281596              0.1060232551972036              1.1445535764019550              1.7168303646020739              1.6666666666670000              1.6666666666670000
       0.07250000               1.0855525091362266              0.1076705832558609              1.1469917691337621              1.7204876536997831              1.6666666666670000              1.6666666666670000
       0.07750000               1.0859428899748131              0.1081561097002352              1.1476890933368500              1.7215336400044143              1.6666666666670000              1.6666666666670000
       0.08250000               1.0842919818484826              0.1062690811335859              1.1447918134854169              1.7171877202272670              1.6666666666670000              1.6666666666670000
       0.08750000               1.0770324751956029              0.0971846593808034              1.1320301296166724              1.6980451944241595              1.6666666666670000              1.6666666666670000
       0.09250000               1.0600775017553123              0.0763673052856885              1.1024667621054081              1.6537001431572851              1.6666666666670000              1.6666666666670000
       0.09750000               1.0301748756369191              0.0386183683405863              1.0510249028178626              1.5765373542260057              1.6666666666670000              1.6666666666670000
       0.10250000               1.0083294904801448              0.0108486424045469              1.0140962133744098              1.5211443200608541              1.6666666666670000              1.6666666666670000
       0.10750000               1.0020552959810645              0.0027885084995604              1.0036142335781915              1.5054213503665343              1.6666666666670000              1.6666666666670000
       0.11250000               1.0005447965890164              0.0008396220630516              1.0010934223261947              1.5016401334885412              1.6666666666670000              1.6666666666670000
       0.11750000               1.0001199339774545              0.0002919371031424              1.0003853869879624              1.5005780804811932              1.6666666666670000              1.6666666666670000
       0.12250000               0.9999929363023667              0.0001309375760111              1.0001748475682626              1.5002622713516438              1.6666666666670000              1.6666666666670000
       0.12750000               0.9999492657628998              0.0000769133684058              1.0001024534349632              1.5001536801516946              1.6666666666670000              1.6666666666670000
       0.13250000               0.9999299500888610              0.0000538828302535              1.0000709480193322              1.5001064220282478              1.6666666666670000              1.6666666666670000
       0.13750000               0.9999191676825817              0.0000403942687574              1.0000537116590786              1.5000805674878677              1.6666666666670000              1.6666666666670000
       0.14250000               0.9999126280832185              0.0000300560861162              1.0000421024056325              1.5000631536076987              1.6666666666670000              1.6666666666670000
       0.14750000               0.9999068156992688              0.0000211454239914              1.0000331291064566              1.5000496936589347              1.6666666666670000              1.6666666666670000
       0.15250000               0.9999019517061100              0.0000138323692363              1.0000262382187222              1.5000393573273332              1.6666666666670000              1.6666666666670000
       0.15750000               0.9998998714791961              0.0000085369941241              1.0000211766244669              1.5000317649359503              1.6666666666670000              1.6666666666670000
       0.16250000               0.9998979686188232              0.0000051628354237              1.0000171386388228              1.5000257079574844              1.6666666666670000              1.6666666666670000
       0.16750000               0.9998949793993511              0.0000032058116597              1.0000134423160705              1.5000201634733556              1.6666666666670000              1.6666666666670000
       0.17250000               0.9998937330281249              0.0000021962946591              1.0000099599532417              1.5000149399291125              1.6666666666670000              1.6666666666670000
       0.17750000               0.9998928990884531              0.0000018226759797              1.0000068446764332              1.5000102670138997              1.6666666666670000              1.6666666666670000
       0.18250000               0.9998914204068576              0.0000017565232885              1.0000043394368923              1.5000065091545882              1.6666666666670000              1.6666666666670000
       0.18750000               0.9998906390334266              0.0000016160620324              1.0000026732994749              1.5000040099484624              1.6666666666670000              1.6666666666670000
       0.19250000               0.9998905610826870              0.0000009504906416              1.0000021855431460              1.5000032783139692              1.6666666666670000              1.6666666666670000
       0.19750000               0.9998901297343151             -0.0000005824657282              1.0000031720807834              1.5000047581204250              1.6666666666670000              1.6666666666670000
       0.20250000               0.9998900917064828             -0.0000024894407075              1.0000049159240785              1.5000073738853679              1.6666666666670000              1.6666666666670000
       0.20750000               0.9998906921506282             -0.0000040846464697              1.0000064682316527              1.5000097023467291              1.6666666666670000              1.6666666666670000
       0.21250000               0.9998905102766350             -0.0000047781908376              1.0000070071134413              1.5000105106694119              1.6666666666670000              1.6666666666670000
       0.21750000               0.9998897588324366             -0.0000044741340669              1.0000063614504042              1.5000095421748560              1.6666666666670000              1.6666666666670000
       0.22250000               0.9998892381032237             -0.0000035253204069              1.0000049563909537              1.5000074345856806              1.6666666666670000              1.6666666666670000
       0.22750000               0.9998876573460695             -0.0000022781292616              1.0000032196545814              1.5000048294811219              1.6666666666670000              1.6666666666670000
       0.23250000               0.9998862457455308             -0.0000011414214303              1.0000016644552980              1.5000024966821972              1.6666666666670000              1.6666666666670000
       0.23750000               0.9998862881756332             -0.0000004923832746              1.0000007660659156              1.5000011490981235              1.6666666666670000              1.6666666666670000
       0.24250000               0.9998859599539078             -0.0000005209115735              1.0000007611159705              1.5000011416732055              1.6666666666670000              1.6666666666670000
       0.24750000               0.9998855748365908             -0.0000010712361676              1.0000014427942518              1.5000021641906278              1.6666666666670000              1.6666666666670000
       0.25250000               0.9998871871640850             -0.0000019586654732              1.0000025687899174              1.5000038531841260              1.6666666666670000              1.6666666666670000
       0.25750000               0.9998888679575030             -0.0000029481185646              1.0000038328433427              1.5000057492642642              1.6666666666670000              1.6666666666670000
       0.26250000               0.9998891742316048             -0.0000037553720717              1.0000048660162821              1.5000072990236730              1.6666666666670000              1.6666666666670000
       0.26750000               0.9998904547961600             -0.0000040960160766              1.0000052997500866              1.5000079496243797              1.6666666666670000              1.6666666666670000
       0.27250000               0.9998908248007679             -0.0000035596133119              1.0000046032406891              1.5000069048602833              1.6666666666670000              1.6666666666670000
       0.27750000               0.9998893289517518             -0.0000023643541276              1.0000030575085443              1.5000045862620666              1.6666666666670000              1.6666666666670000
       0.28250000               0.9998881418391500             -0.0000010966445606              1.0000014191130406              1.5000021286688110              1.6666666666670000              1.6666666666670000
       0.28750000               0.9998877352931668             -0.0000003370304713              1.0000004372195361              1.5000006558285541              1.6666666666670000              1.6666666666670000
       0.29250000               0.9998874227631661             -0.0000005604299813              1.0000007247718343              1.5000010871570015              1.6666666666670000              1.6666666666670000
       0.29750000               0.9998871328337694             -0.0000014652111777              1.0000018923054450              1.5000028384574176              1.6666666666670000              1.6666666666670000
       0.30250000               0.9998876279142646             -0.0000026771196884              1.0000034565586884              1.5000051848372828              1.6666666666670000              1.6666666666670000
       0.30750000               0.9998880189686605             -0.0000038289538473              1.0000049433764076              1.5000074150638611              1.6666666666670000              1.6666666666670000
       0.31250000               0.9998881847429345             -0.0000046194146398              1.0000059637351808              1.5000089456020211              1.6666666666670000              1.6666666666670000
       0.31750000               0.9998884872480641             -0.0000048989273310              1.0000063245107025              1.5000094867653035              1.6666666666670000              1.6666666666670000
       0.32250000               0.9998878621201720             -0.0000046691473453              1.0000060278192517              1.5000090417281275              1.6666666666670000              1.6666666666670000
       0.32750000               0.9998867571262763             -0.0000039823062337              1.0000051410800572              1.5000077116193358              1.6666666666670000              1.6666666666670000
       0.33250000               0.9998865654141609             -0.0000029417830757              1.0000037977559624              1.5000056966331936              1.6666666666670000              1.6666666666670000
       0.33750000               0.9998854829578544             -0.0000017630441636              1.0000022760150857              1.5000034140218788              1.6666666666670000              1.6666666666670000
       0.34250000               0.9998837349456641             -0.0000007774019000              1.0000010035774261              1.5000015053653890              1.6666666666670000              1.6666666666670000
       0.34750000               0.9998842057112243             -0.0000003590151978              1.0000004634679303              1.5000006952011453              1.6666666666670000              1.6666666666670000
       0.35250000               0.9998857538278185             -0.0000010156923719              1.0000013112129325              1.5000019668186486              1.6666666666670000              1.6666666666670000
       0.35750000               0.9998867520882013             -0.0000024102692260              1.0000031115484396              1.5000046673219094              1.6666666666670000              1.6666666666670000
       0.36250000               0.9998885240247313             -0.0000037707606907              1.0000048678929023              1.5000073018386033              1.6666666666670000              1.6666666666670000
       0.36750000               0.9998896671100613             -0.0000044520008583              1.0000057473712631              1.5000086210561445              1.6666666666670000              1.6666666666670000
       0.37250000               0.9998887228036796             -0.0000042852194630              1.0000055321025776              1.5000082981531162              1.6666666666670000              1.6666666666670000
       0.37750000               0.9998874870583905             -0.0000035730735165              1.0000046127912141              1.5000069191860712              1.6666666666670000              1.6666666666670000
       0.38250000               0.9998866243538596             -0.0000026025072251              1.0000033598737630              1.5000050398098943              1.6666666666670000              1.6666666666670000
       0.38750000               0.9998856551520546             -0.0000017045518356              1.0000022006928633              1.5000033010385450              1.6666666666670000              1.6666666666670000
       0.39250000               0.9998841547515342             -0.0000011906137197              1.0000015372576965              1.5000023058857948              1.6666666666670000              1.6666666666670000
       0.39750000               0.9998835020609483             -0.0000013115790288              1.0000016934551852              1.5000025401820278              1.6666666666670000              1.6666666666670000
       0.40250000               0.9998835082728073             -0.0000020283776977              1.0000026188735847              1.5000039283096269              1.6666666666670000              1.6666666666670000
       0.40750000               0.9998836591514086             -0.0000031433257787              1.0000040583696299              1.5000060875536947              1.6666666666670000              1.6666666666670000
       0.41250000               0.9998842544936286             -0.0000044196260147              1.0000057063141197              1.5000085594704293              1.6666666666670000              1.6666666666670000
       0.41750000               0.9998846340602046             -0.0000055367730841              1.0000071490474112              1.5000107235703668              1.6666666666670000              1.6666666666670000
       0.42250000               0.9998842193707107             -0.0000061202838964              1.0000079032241274              1.5000118548354409              1.6666666666670000              1.6666666666670000
       0.42750000               0.9998838041430694             -0.0000056613236951              1.0000073121021724              1.5000109681525087              1.6666666666670000              1.6666666666670000
       0.43250000               0.9998828007557558             -0.0000044058499711              1.0000056933806432              1.5000085400702148              1.6666666666670000              1.6666666666670000
       0.43750000               0.9998807005193514             -0.0000030813979694              1.0000039865657357              1.5000059798478533              1.6666666666670000              1.6666666666670000
       0.44250000               0.9998802139150443             -0.0000023688252499              1.0000030710832861              1.5000046066241792              1.6666666666670000              1.6666666666670000
       0.44750000               0.9998810645211735             -0.0000025795058281              1.0000033496462202              1.5000050244685801              1.6666666666670000              1.6666666666670000
       0.45250000               0.9998816134722590             -0.0000033613880277              1.0000043688897833              1.5000065533339249              1.6666666666670000              1.6666666666670000
       0.45750000               0.9998822096425850             -0.0000043703368011              1.0000056861394293              1.5000085292083940              1.6666666666670000              1.6666666666670000
       0.46250000               0.9998826207388416             -0.0000052422900380              1.0000068336464005              1.5000102504688511              1.6666666666670000              1.6666666666670000
       0.46750000               0.9998819361005581             -0.0000057473600299              1.0000075177977321              1.5000112766958478              1.6666666666670000              1.6666666666670000
       0.47250000               0.9998805287602404             -0.0000059086251769              1.0000077728739851              1.5000116593102275              1.6666666666670000              1.6666666666670000
       0.47750000               0.9998794898774997             -0.0000057847864412              1.0000076810346248              1.5000115215511871              1.6666666666670000              1.6666666666670000
       0.48250000               0.9998783785510066             -0.0000053314036382              1.0000071939345168              1.5000107909010252              1.6666666666670000              1.6666666666670000
       0.48750000               0.9998762830712612             -0.0000044596793710              1.0000062096122848              1.5000093144176774              1.6666666666670000              1.6666666666670000
       0.49250000               0.9998740305766894             -0.0000032953464969              1.0000049080337443              1.5000073620498666              1.6666666666670000              1.6666666666670000
       0.49750000               0.9998718614978426             -0.0000021756488451              1.0000037489870772              1.5000056234798658              1.6666666666670000              1.6666666666670000
       0.50250000               0.9998697752590759             -0.0000014979712841              1.0000032790716675              1.5000049186067512              1.6666666666670000              1.6666666666670000
       0.50750000               0.9998690589477701             -0.0000019115459524              1.0000043823449434              1.5000065735166650              1.6666666666670000              1.6666666666670000
       0.51250000               0.9998692106281341             -0.0000031290648814              1.0000067503932031              1.5000101255890548              1.6666666666670000              1.6666666666670000
       0.51750000               0.9998688312183376             -0.0000041118359121              1.0000091267784308              1.5000136901668961              1.6666666666670000              1.6666666666670000
       0.52250000               0.9998683261556479             -0.0000040841843856              1.0000106235735504              1.5000159353595757              1.6666666666670000              1.6666666666670000
       0.52750000               0.9998677903984224             -0.0000030227875062              1.0000113620821547              1.5000170431224817              1.6666666666670000              1.6666666666670000
       0.53250000               0.9998665924600073             -0.0000011746116317              1.0000118620242622              1.5000177930356431              1.6666666666670000              1.6666666666670000
       0.53750000               0.9998654539943351              0.0000012674296208              1.0000126373332077              1.5000189559990615              1.6666666666670000              1.6666666666670000
       0.54250000               0.9998656671899586              0.0000041177740151              1.0000142745644087              1.5000214118458630              1.6666666666670000              1.6666666666670000
       0.54750000               0.9998670280266027              0.0000073487636489              1.0000172609875100              1.5000258914805149              1.6666666666670000              1.6666666666670000
       0.55250000               0.9998690851490344              0.0000111672178770              1.0000219132251003              1.5000328698369003              1.6666666666670000              1.6666666666670000
       0.55750000               0.9998716727718122              0.0000158698260046              1.0000285972198670              1.5000428958290501              1.6666666666670000              1.6666666666670000
       0.56250000               0.9998751969168341              0.0000217138925523              1.0000379348622559              1.5000569022926338              1.6666666666670000              1.6666666666670000
       0.56750000               0.9998810008577226              0.0000291595957990              1.0000505380668903              1.5000758070995852              1.6666666666670000              1.6666666666670000
       0.57250000               0.9998895970325550              0.0000391160981826              1.0000667451148639              1.5001001176715461              1.6666666666670000              1.6666666666670000
       0.57750000               0.9999003848400431              0.0000528326584418              1.0000868222850781              1.5001302334268671              1.6666666666670000              1.6666666666670000
       0.58250000               0.9999132878003926              0.0000719140745892              1.0001110109995037              1.5001665164985054              1.6666666666670000              1.6666666666670000
       0.58750000               0.9999297641122323              0.0000978190431527              1.0001402466493943              1.5002103699733411              1.6666666666670000              1.6666666666670000
       0.59250000               0.9999514053275566              0.0001306012736420              1.0001778559212080              1.5002667838810619              1.6666666666670000              1.6666666666670000
       0.59750000               0.9999794761859478              0.0001708110949614              1.0002271697317286              1.5003407545968426              1.6666666666670000              1.6666666666670000
       0.60250000               1.0000165538064349              0.0002199657732454              1.0002909729120628              1.5004364593673440              1.6666666666670000              1.6666666666670000
       0.60750000               1.0000638461597122              0.0002806525469271              1.0003714087980142              1.5005571131962709              1.6666666666670000              1.6666666666670000
       0.61250000               1.0001220107560231              0.0003557258704754              1.0004710240175969              1.5007065360256451              1.6666666666670000              1.6666666666670000
       0.61750000               1.0001939791118555              0.0004483527732018              1.0005926801825684              1.5008890202731020              1.6666666666670000              1.6666666666670000
       0.62250000               1.0002819834144301              0.0005616269844517              1.0007399753245214              1.5011099629860316              1.6666666666670000              1.6666666666670000
       0.62750000               1.0003879382991800              0.0006985140958682              1.0009171863291142              1.5013757794929208              1.6666666666670000              1.6666666666670000
       0.63250000               1.0005140073672267              0.0008621847791311              1.0011286581186032              1.5016929871771538              1.6666666666670000              1.6666666666670000
       0.63750000               1.0006633441292336              0.0010559409971795              1.0013786739524433              1.5020680109279136              1.6666666666670000              1.6666666666670000
       0.64250000               1.0008381113696259              0.0012831582136204              1.0016712726780002              1.5025069090162491              1.6666666666670000              1.6666666666670000
       0.64750000               1.0010401700039615              0.0015473259529863              1.0020099255476476              1.5030148883207197              1.6666666666670000              1.6666666666670000
       0.65250000               1.0012722522883781              0.0018509179427287              1.0023987345782561              1.5035981018666325              1.6666666666670000              1.6666666666670000
       0.65750000               1.0015362360974300              0.0021955448571223              1.0028420046110325              1.5042630069157963              1.6666666666670000              1.6666666666670000
       0.66250000               1.0018335814769794              0.0025820310971451              1.0033439599691536              1.5050159399529779              1.6666666666670000              1.6666666666670000
       0.66750000               1.0021664890802342              0.0030127407066626              1.0039056116079024              1.5058584174111005              1.6666666666670000              1.6666666666670000
       0.67250000               1.0025339870879779              0.0034899485118508              1.0045268030037540              1.5067902045048773              1.6666666666670000              1.6666666666670000
       0.67750000               1.0029327142060320              0.0040147645056130              1.0052076068064597              1.5078114102089355              1.6666666666670000              1.6666666666670000
       0.68250000               1.0033538797823831              0.0045868872707465              1.0059487067309703              1.5089230600957007              1.6666666666670000              1.6666666666670000
       0.68750000               1.0038050070622744              0.0052057961776592              1.0067499569355451              1.5101249354025625              1.6666666666670000              1.6666666666670000
       0.69250000               1.0043122700817266              0.0058704193012844              1.0076109789098522              1.5114164683640223              1.6666666666670000              1.6666666666670000
       0.69750000               1.0048695855236291              0.0065794365521480              1.0085309156238296              1.5127963734349881              1.6666666666670000              1.6666666666670000
       0.70250000               1.0054631687336149              0.0073317407265074              1.0095079686638946              1.5142619529950845              1.6666666666670000              1.6666666666670000
       0.70750000               1.0060884437881275              0.0081259896835728              1.0105401421700304              1.5158102132542874              1.6666666666670000              1.6666666666670000
       0.71250000               1.0067504109855618              0.0089604934078041              1.0116255264864469              1.5174382897289116              1.6666666666670000              1.6666666666670000
       0.71750000               1.0074527156820403              0.0098332664578028              1.0127623839910125              1.5191435759857592              1.6666666666670000              1.6666666666670000
       0.72250000               1.0081728530482077              0.0107416089589529              1.0139497602959588              1.5209246404431778              1.6666666666670000              1.6666666666670000
       0.72750000               1.0089124293729215              0.0116840985045154              1.0151849907425887              1.5227774861131216              1.6666666666670000              1.6666666666670000
       0.73250000               1.0096734786732124              0.0126602100604292              1.0164642667062307              1.5246964000585839              1.6666666666670000              1.6666666666670000
       0.73750000               1.0104582310888111              0.0136690728760897              1.0177843131963118              1.5266764697937045              1.6666666666670000              1.6666666666670000
       0.74250000               1.0112665325472920              0.0147093715705314              1.0191425599891322              1.5287138399829341              1.6666666666670000              1.6666666666670000
       0.74750000               1.0120972445952992              0.0157782841839482              1.0205385630611903              1.5308078445910200              1.6666666666670000              1.6666666666670000
       0.75250000               1.0129496439578836              0.0168726520082693              1.0219724990155228              1.5329587485225173              1.6666666666670000              1.6666666666670000
       0.75750000               1.0138226667197288              0.0179902153400025              1.0234435531032107              1.5351653296540484              1.6666666666670000              1.6666666666670000
       0.76250000               1.0147157696002227              0.0191307955730635              1.0249483649621021              1.5374225474423842              1.6666666666670000              1.6666666666670000
       0.76750000               1.0156266284106152              0.0202938520589734              1.0264842314556923              1.5397263471827685              1.6666666666670000              1.6666666666670000
       0.77250000               1.0165540245463507              0.0214786650411054              1.0280488658359566              1.5420732987531638              1.6666666666670000              1.6666666666670000
       0.77750000               1.0174975894576974              0.0226840918839067              1.0296407178851601              1.5444610768269678              1.6666666666670000              1.6666666666670000
       0.78250000               1.0184561027960786              0.0239086675493341              1.0312588378442074              1.5468882567655373              1.6666666666670000              1.6666666666670000
       0.78750000               1.0194288903973037              0.0251501944317692              1.0329034139895219              1.5493551209835081              1.6666666666670000              1.6666666666670000
       0.79250000               1.0204172369116598              0.0264086813215617              1.0345718746578383              1.5518578119859816              1.6666666666670000              1.6666666666670000
       0.79750000               1.0214205595210633              0.0276838005915663              1.0362622420646863              1.5543933630962523              1.6666666666670000              1.6666666666670000
       0.80250000               1.0224347270479484              0.0289747263258986              1.0379733309067041              1.5569599963592775              1.6666666666670000              1.6666666666670000
       0.80750000               1.0234595750302231              0.0302799837933587              1.0397049496723803              1.5595574245077906              1.6666666666670000              1.6666666666670000
       0.81250000               1.0244945436442454              0.0315975980309664              1.0414576998660596              1.5621865497983083              1.6666666666670000              1.6666666666670000
       0.81750000               1.0255404550407166              0.0329246831404963              1.0432335235861667              1.5648502853784676              1.6666666666670000              1.6666666666670000
       0.82250000               1.0265972775471082              0.0342627681233300              1.0450285820624523              1.5675428730928949              1.6666666666670000              1.6666666666670000
       0.82750000               1.0276629985459693              0.0356129955742744              1.0468396382957770              1.5702594574428803              1.6666666666670000              1.6666666666670000
       0.83250000               1.0287356633504028              0.0369749599209756              1.0486656039981255              1.5729984059964017              1.6666666666670000              1.6666666666670000
       0.83750000               1.0298173932549251              0.0383481761718825              1.0505055829497767              1.5757583744238770              1.6666666666670000              1.6666666666670000
       0.84250000               1.0309073851616068              0.0397309350460279              1.0523604050336821              1.5785406075497339              1.6666666666670000              1.6666666666670000
       0.84750000               1.0320048112485116              0.0411216425662459              1.0542308227307109              1.5813462340952757              1.6666666666670000              1.6666666666670000
       0.85250000               1.0331100071522097              0.0425202720337080              1.0561155505784330              1.5841733258668573              1.6666666666670000              1.6666666666670000
       0.85750000               1.0342226714351519              0.0439268438709151              1.0580132988767572              1.5870199483143426              1.6666666666670000              1.6666666666670000
       0.86250000               1.0353409221742387              0.0453410937036757              1.0599232132264924              1.5898848198389437              1.6666666666670000              1.6666666666670000
       0.86750000               1.0364660059088102              0.0467624687731056              1.0618448788907491              1.5927673183353270              1.6666666666670000              1.6666666666670000
       0.87250000               1.0375989604981695              0.0481899667741368              1.0637785447743300              1.5956678171606973              1.6666666666670000              1.6666666666670000
       0.87750000               1.0387376023596886              0.0496214906581551              1.0657259909411638              1.5985889864109464              1.6666666666670000              1.6666666666670000
       0.88250000               1.0398818340246430              0.0510577421153784              1.0676852411341027              1.6015278617003532              1.6666666666670000              1.6666666666670000
       0.88750000               1.0410308818194742              0.0525002923155273              1.0696531642161022              1.6044797463233511              1.6666666666670000              1.6666666666670000
       0.89250000               1.0421829117625323              0.0539500109119257              1.0716275986393509              1.6074413979582225              1.6666666666670000              1.6666666666670000
       0.89750000               1.0433357559064325              0.0554062615694625              1.0736084595819904              1.6104126893721804              1.6666666666670000              1.6666666666670000
       0.90250000               1.0444918416873286              0.0568666871812687              1.0755980379070524              1.6133970568597717              1.6666666666670000              1.6666666666670000
       0.90750000               1.0456520992723748              0.0583283600814342              1.0775994584344204              1.6163991876508226              1.6666666666670000              1.6666666666670000
       0.91250000               1.0468135676585826              0.0597920137916902              1.0796108478994964              1.6194162718484348              1.6666666666670000              1.6666666666670000
       0.91750000               1.0479842280651355              0.0612586723323262              1.0816299543510652              1.6224449315257867              1.6666666666670000              1.6666666666670000
       0.92250000               1.0491604980888025              0.0627290147162855              1.0836550152562319              1.6254825228835350              1.6666666666670000              1.6666666666670000
       0.92750000               1.0503401175706644              0.0642032054486204              1.0856849547203968              1.6285274320797809              1.6666666666670000              1.6666666666670000
       0.93250000               1.0515253364781036              0.0656805585995646              1.0877199046694150              1.6315798570033069              1.6666666666670000              1.6666666666670000
       0.93750000               1.0527149671912677              0.0671592699659017              1.0897615212285079              1.6346422818419444              1.6666666666670000              1.6666666666670000
       0.94250000               1.0539068184872369              0.0686382226497413              1.0918105478100293              1.6377158217142249              1.6666666666670000              1.6666666666670000
       0.94750000               1.0551045615267274              0.0701189472493376              1.0938640507856638              1.6407960761776754              1.6666666666670000              1.6666666666670000
       0.95250000               1.0562992172979198              0.0716018924716127              1.0959205647122363              1.6438808470675326              1.6666666666670000              1.6666666666670000
       0.95750000               1.0574858547848784              0.0730873486274401              1.0979788734263587              1.6469683101387145              1.6666666666670000              1.6666666666670000
       0.96250000               1.0586771275822362              0.0745736387675162              1.1000403697708083              1.6500605546553875              1.6666666666670000              1.6666666666670000
       0.96750000               1.0598713696358122              0.0760576803583162              1.1021086255330637              1.6531629382987687              1.6666666666670000              1.6666666666670000
       0.97250000               1.0610675799607865              0.0775374938328822              1.1041853873429737              1.6562780810136324              1.6666666666670000              1.6666666666670000
       0.97750000               1.0622663795842031              0.0790166821220919              1.1062649271810892              1.6593973907708037              1.6666666666670000              1.6666666666670000
       0.98250000               1.0634627974076312              0.0804976089787662              1.1083428695562649              1.6625143043335662              1.6666666666670000              1.6666666666670000
       0.98750000               1.0646506088691672              0.0819804577082830              1.1104180809928752              1.6656271214884799              1.6666666666670000              1.6666666666670000
       0.99250000               1.0658432479091902              0.0834630874498811              1.1124927057552778              1.6687390586320823              1.6666666666670000              1.6666666666670000
       0.99750000               1.0670379530562060              0.0849423528587421              1.1145696482098200              1.6718544723138937              1.6666666666670000              1.6666666666670000
