       0.00250000               1.0384441301300540              0.9999999999999991              0.5999999999998805              0.8999999999993709              1.6666666666670000              1.6666666666670000
       0.00750000               1.0320120852460399              1.0000000000000009              0.5999999999998787              0.8999999999993682              1.6666666666670000              1.6666666666670000
       0.01250000               1.0265233463094847              1.0000000000000002              0.5999999999998794              0.8999999999993691              1.6666666666670000              1.6666666666670000
       0.01750000               1.0218662505810294              0.9999999999999998              0.5999999999998799              0.8999999999993697              1.6666666666670000              1.6666666666670000
       0.02250000               1.0179371460943945              0.9999999999999966              0.5999999999998835              0.8999999999993752              1.6666666666670000              1.6666666666670000
       0.02750000               1.0146408703752585              1.0000000000000007              0.5999999999998795              0.8999999999993693              1.6666666666670000              1.6666666666670000
       0.03250000               1.0118909517841554              1.0000000000000011              0.5999999999998793              0.8999999999993687              1.6666666666670000              1.6666666666670000
       0.03750000               1.0096095776871614              1.0000000000000016              0.5999999999998787              0.8999999999993680              1.6666666666670000              1.6666666666670000
       0.04250000               1.0077273730468510              0.9999999999999976              0.5999999999998827              0.8999999999993741              1.6666666666670000              1.6666666666670000
       0.04750000               1.0061830309498887              0.9999999999999976              0.5999999999998827              0.8999999999993741              1.6666666666670000              1.6666666666670000
       0.05250000               1.0049228334004858              0.9999999999999969              0.5999999999998830              0.8999999999993743              1.6666666666670000              1.6666666666670000
       0.05750000               1.0039000967494034              0.9999999999999998              0.5999999999998803              0.8999999999993704              1.6666666666670000              1.6666666666670000
       0.06250000               1.0030745717072567              0.9999999999999989              0.5999999999998815              0.8999999999993723              1.6666666666670000              1.6666666666670000
       0.06750000               1.0024118232778991              0.9999999999999982              0.5999999999998813              0.8999999999993720              1.6666666666670000              1.6666666666670000
       0.07250000               1.0018826113676742              0.9999999999999987              0.5999999999998806              0.8999999999993710              1.6666666666670000              1.6666666666670000
       0.07750000               1.0014622884556135              0.9999999999999991              0.5999999999998805              0.8999999999993707              1.6666666666670000              1.6666666666670000
       0.08250000               1.0011302266797553              1.0000000000000000              0.5999999999998797              0.8999999999993695              1.6666666666670000              1.6666666666670000
       0.08750000               1.0008692830939070              1.0000000000000007              0.5999999999998796              0.8999999999993694              1.6666666666670000              1.6666666666670000
       0.09250000               1.0006653087279564              0.9999999999999984              0.5999999999998814              0.8999999999993721              1.6666666666670000              1.6666666666670000
       0.09750000               1.0005067044617495              1.0000000000000002              0.5999999999998794              0.8999999999993691              1.6666666666670000              1.6666666666670000
       0.10250000               1.0003840245895894              1.0000000000000009              0.5999999999998790              0.8999999999993684              1.6666666666670000              1.6666666666670000
       0.10750000               1.0002896272818229              0.9999999999999978              0.5999999999998821              0.8999999999993731              1.6666666666670000              1.6666666666670000
       0.11250000               1.0002173699004047              0.9999999999999991              0.5999999999998810              0.8999999999993713              1.6666666666670000              1.6666666666670000
       0.11750000               1.0001623462459144              0.9999999999999969              0.5999999999998830              0.8999999999993745              1.6666666666670000              1.6666666666670000
       0.12250000               1.0001206622498156              1.0000000000000007              0.5999999999998791              0.8999999999993685              1.6666666666670000              1.6666666666670000
       0.12750000               1.0000892463227564              0.9999999999999980              0.5999999999998814              0.8999999999993722              1.6666666666670000              1.6666666666670000
       0.13250000               1.0000656904738479              1.0000000000000011              0.5999999999998786              0.8999999999993679              1.6666666666670000              1.6666666666670000
       0.13750000               1.0000481183796217              1.0000000000000002              0.5999999999998795              0.8999999999993693              1.6666666666670000              1.6666666666670000
       0.14250000               1.0000350767604089              1.0000000000000002              0.5999999999998795              0.8999999999993692              1.6666666666670000              1.6666666666670000
       0.14750000               1.0000254466803933              0.9999999999999998              0.5999999999998796              0.8999999999993694              1.6666666666670000              1.6666666666670000
       0.15250000               1.0000183716935260              0.9999999999999969              0.5999999999998830              0.8999999999993744              1.6666666666670000              1.6666666666670000
       0.15750000               1.0000132000865298              1.0000000000000020              0.5999999999998775              0.8999999999993663              1.6666666666670000              1.6666666666670000
       0.16250000               1.0000094388032323              0.9999999999999987              0.5999999999998811              0.8999999999993715              1.6666666666670000              1.6666666666670000
       0.16750000               1.0000067169577129              0.9999999999999991              0.5999999999998804              0.8999999999993707              1.6666666666670000              1.6666666666670000
       0.17250000               1.0000047571485451              0.9999999999999993              0.5999999999998801              0.8999999999993701              1.6666666666670000              1.6666666666670000
       0.17750000               1.0000033530652641              0.9999999999999989              0.5999999999998806              0.8999999999993709              1.6666666666670000              1.6666666666670000
       0.18250000               1.0000023521285122              1.0000000000000013              0.5999999999998780              0.8999999999993670              1.6666666666670000              1.6666666666670000
       0.18750000               1.0000016421243605              0.9999999999999998              0.5999999999998800              0.8999999999993700              1.6666666666670000              1.6666666666670000
       0.19250000               1.0000011409823910              0.9999999999999958              0.5999999999998837              0.8999999999993754              1.6666666666670000              1.6666666666670000
       0.19750000               1.0000007890087261              1.0000000000000004              0.5999999999998794              0.8999999999993690              1.6666666666670000              1.6666666666670000
       0.20250000               1.0000005430219017              0.9999999999999987              0.5999999999998812              0.8999999999993717              1.6666666666670000              1.6666666666670000
       0.20750000               1.0000003719536403              0.9999999999999987              0.5999999999998809              0.8999999999993711              1.6666666666670000              1.6666666666670000
       0.21250000               1.0000002535704542              1.0000000000000007              0.5999999999998787              0.8999999999993681              1.6666666666670000              1.6666666666670000
       0.21750000               1.0000001720466432              1.0000000000000013              0.5999999999998785              0.8999999999993678              1.6666666666670000              1.6666666666670000
       0.22250000               1.0000001161787877              1.0000000000000009              0.5999999999998789              0.8999999999993683              1.6666666666670000              1.6666666666670000
       0.22750000               1.0000000780792382              0.9999999999999993              0.5999999999998805              0.8999999999993706              1.6666666666670000              1.6666666666670000
       0.23250000               1.0000000522246808              1.0000000000000004              0.5999999999998787              0.8999999999993681              1.6666666666670000              1.6666666666670000
       0.23750000               1.0000000347670279              0.9999999999999989              0.5999999999998806              0.8999999999993709              1.6666666666670000              1.6666666666670000
       0.24250000               1.0000000230379034              0.9999999999999993              0.5999999999998801              0.8999999999993701              1.6666666666670000              1.6666666666670000
       0.24750000               1.0000000151956778              1.0000000000000007              0.5999999999998790              0.8999999999993683              1.6666666666670000              1.6666666666670000
       0.25250000               1.0000000099761284              0.9999999999999984              0.5999999999998813              0.8999999999993720              1.6666666666670000              1.6666666666670000
       0.25750000               1.0000000065170629              0.9999999999999993              0.5999999999998794              0.8999999999993691              1.6666666666670000              1.6666666666670000
       0.26250000               1.0000000042347827              1.0000000000000029              0.5999999999998765              0.8999999999993649              1.6666666666670000              1.6666666666670000
       0.26750000               1.0000000027367131              0.9999999999999982              0.5999999999998809              0.8999999999993713              1.6666666666670000              1.6666666666670000
       0.27250000               1.0000000017597517              0.9999999999999973              0.5999999999998821              0.8999999999993732              1.6666666666670000              1.6666666666670000
       0.27750000               1.0000000011275072              0.9999999999999991              0.5999999999998807              0.8999999999993710              1.6666666666670000              1.6666666666670000
       0.28250000               1.0000000007214049              1.0000000000000009              0.5999999999998790              0.8999999999993683              1.6666666666670000              1.6666666666670000
       0.28750000               1.0000000004617735              0.9999999999999987              0.5999999999998806              0.8999999999993710              1.6666666666670000              1.6666666666670000
       0.29250000               1.0000000002955558              0.9999999999999998              0.5999999999998803              0.8999999999993705              1.6666666666670000              1.6666666666670000
       0.29750000               1.0000000001881650              1.0000000000000002              0.5999999999998794              0.8999999999993691              1.6666666666670000              1.6666666666670000
       0.30250000               1.0000000001177625              1.0000000000000013              0.5999999999998789              0.8999999999993683              1.6666666666670000              1.6666666666670000
       0.30750000               1.0000000000711895              0.9999999999999998              0.5999999999998801              0.8999999999993701              1.6666666666670000              1.6666666666670000
       0.31250000               1.0000000000410783              1.0000000000000000              0.5999999999998802              0.8999999999993702              1.6666666666670000              1.6666666666670000
       0.31750000               1.0000000000237914              0.9999999999999962              0.5999999999998835              0.8999999999993752              1.6666666666670000              1.6666666666670000
       0.32250000               1.0000000000179183              1.0000000000000004              0.5999999999998793              0.8999999999993690              1.6666666666670000              1.6666666666670000
       0.32750000               1.0000000000232825              1.0000000000000018              0.5999999999998782              0.8999999999993672              1.6666666666670000              1.6666666666670000
       0.33250000               1.0000000000405220              0.9999999999999967              0.5999999999998832              0.8999999999993747              1.6666666666670000              1.6666666666670000
       0.33750000               1.0000000000715370              0.9999999999999987              0.5999999999998811              0.8999999999993715              1.6666666666670000              1.6666666666670000
       0.34250000               1.0000000001205258              0.9999999999999958              0.5999999999998832              0.8999999999993749              1.6666666666670000              1.6666666666670000
       0.34750000               1.0000000001953766              0.9999999999999989              0.5999999999998802              0.8999999999993702              1.6666666666670000              1.6666666666670000
       0.35250000               1.0000000003097571              0.9999999999999976              0.5999999999998819              0.8999999999993729              1.6666666666670000              1.6666666666670000
       0.35750000               1.0000000004860432              0.9999999999999996              0.5999999999998799              0.8999999999993697              1.6666666666670000              1.6666666666670000
       0.36250000               1.0000000007597107              0.9999999999999982              0.5999999999998812              0.8999999999993716              1.6666666666670000              1.6666666666670000
       0.36750000               1.0000000011856449              0.9999999999999982              0.5999999999998806              0.8999999999993709              1.6666666666670000              1.6666666666670000
       0.37250000               1.0000000018474096              0.9999999999999989              0.5999999999998803              0.8999999999993703              1.6666666666670000              1.6666666666670000
       0.37750000               1.0000000028708338              0.9999999999999980              0.5999999999998814              0.8999999999993722              1.6666666666670000              1.6666666666670000
       0.38250000               1.0000000044441406              1.0000000000000007              0.5999999999998787              0.8999999999993682              1.6666666666670000              1.6666666666670000
       0.38750000               1.0000000068478880              0.9999999999999976              0.5999999999998819              0.8999999999993726              1.6666666666670000              1.6666666666670000
       0.39250000               1.0000000104990918              0.9999999999999993              0.5999999999998803              0.8999999999993704              1.6666666666670000              1.6666666666670000
       0.39750000               1.0000000160157079              0.9999999999999998              0.5999999999998796              0.8999999999993693              1.6666666666670000              1.6666666666670000
       0.40250000               1.0000000243095537              1.0000000000000004              0.5999999999998796              0.8999999999993694              1.6666666666670000              1.6666666666670000
       0.40750000               1.0000000367190800              0.9999999999999998              0.5999999999998797              0.8999999999993696              1.6666666666670000              1.6666666666670000
       0.41250000               1.0000000551977835              1.0000000000000013              0.5999999999998791              0.8999999999993685              1.6666666666670000              1.6666666666670000
       0.41750000               1.0000000825804047              0.9999999999999980              0.5999999999998813              0.8999999999993720              1.6666666666670000              1.6666666666670000
       0.42250000               1.0000001229574524              0.9999999999999996              0.5999999999998799              0.8999999999993699              1.6666666666670000              1.6666666666670000
       0.42750000               1.0000001821997704              0.9999999999999996              0.5999999999998796              0.8999999999993693              1.6666666666670000              1.6666666666670000
       0.43250000               1.0000002686889169              1.0000000000000004              0.5999999999998793              0.8999999999993689              1.6666666666670000              1.6666666666670000
       0.43750000               1.0000003943277365              0.9999999999999991              0.5999999999998804              0.8999999999993705              1.6666666666670000              1.6666666666670000
       0.44250000               1.0000005759293766              1.0000000000000020              0.5999999999998774              0.8999999999993660              1.6666666666670000              1.6666666666670000
       0.44750000               1.0000008371143914              0.9999999999999964              0.5999999999998833              0.8999999999993750              1.6666666666670000              1.6666666666670000
       0.45250000               1.0000012108855958              0.9999999999999993              0.5999999999998803              0.8999999999993704              1.6666666666670000              1.6666666666670000
       0.45750000               1.0000017431016606              1.0000000000000002              0.5999999999998793              0.8999999999993690              1.6666666666670000              1.6666666666670000
       0.46250000               1.0000024971338379              1.0000000000000002              0.5999999999998809              0.8999999999993713              1.6666666666670000              1.6666666666670000
       0.46750000               1.0000035600694133              0.9999999999999993              0.5999999999998804              0.8999999999993705              1.6666666666670000              1.6666666666670000
       0.47250000               1.0000050509220153              0.9999999999999989              0.5999999999998815              0.8999999999993722              1.6666666666670000              1.6666666666670000
       0.47750000               1.0000071314264030              0.9999999999999991              0.5999999999998807              0.8999999999993712              1.6666666666670000              1.6666666666670000
       0.48250000               1.0000100201366564              1.0000000000000007              0.5999999999998791              0.8999999999993686              1.6666666666670000              1.6666666666670000
       0.48750000               1.0000140107143038              0.9999999999999978              0.5999999999998825              0.8999999999993737              1.6666666666670000              1.6666666666670000
       0.49250000               1.0000194954889492              1.0000000000000002              0.5999999999998806              0.8999999999993710              1.6666666666670000              1.6666666666670000
       0.49750000               1.0000269955997296              0.9999999999999989              0.5999999999998813              0.8999999999993719              1.6666666666670000              1.6666666666670000
       0.50250000               1.0000371992810737              0.9999999999999998              0.5999999999998807              0.8999999999993711              1.6666666666670000              1.6666666666670000
       0.50750000               1.0000510101401572              0.9999999999999987              0.5999999999998813              0.8999999999993720              1.6666666666670000              1.6666666666670000
       0.51250000               1.0000696075815652              0.9999999999999998              0.5999999999998804              0.8999999999993705              1.6666666666670000              1.6666666666670000
       0.51750000               1.0000945218608501              0.9999999999999991              0.5999999999998805              0.8999999999993707              1.6666666666670000              1.6666666666670000
       0.52250000               1.0001277265814978              0.9999999999999993              0.5999999999998806              0.8999999999993710              1.6666666666670000              1.6666666666670000
       0.52750000               1.0001717517746773              0.9999999999999996              0.5999999999998805              0.8999999999993707              1.6666666666670000              1.6666666666670000
       0.53250000               1.0002298209981129              0.9999999999999984              0.5999999999998813              0.8999999999993719              1.6666666666670000              1.6666666666670000
       0.53750000               1.0003060161345028              0.9999999999999993              0.5999999999998799              0.8999999999993697              1.6666666666670000              1.6666666666670000
       0.54250000               1.0004054737286117              0.9999999999999996              0.5999999999998799              0.8999999999993697              1.6666666666670000              1.6666666666670000
       0.54750000               1.0005346167363145              1.0000000000000007              0.5999999999998786              0.8999999999993680              1.6666666666670000              1.6666666666670000
       0.55250000               1.0007014254234845              0.9999999999999998              0.5999999999998801              0.8999999999993701              1.6666666666670000              1.6666666666670000
       0.55750000               1.0009157507994280              0.9999999999999987              0.5999999999998813              0.8999999999993717              1.6666666666670000              1.6666666666670000
       0.56250000               1.0011896733479773              0.9999999999999998              0.5999999999998805              0.8999999999993707              1.6666666666670000              1.6666666666670000
       0.56750000               1.0015379088743264              0.9999999999999991              0.5999999999998811              0.8999999999993715              1.6666666666670000              1.6666666666670000
       0.57250000               1.0019782619598419              1.0000000000000000              0.5999999999998805              0.8999999999993707              1.6666666666670000              1.6666666666670000
       0.57750000               1.0025321257567601              1.0000000000000000              0.5999999999998802              0.8999999999993702              1.6666666666670000              1.6666666666670000
       0.58250000               1.0032250246215317              1.0000000000000000              0.5999999999998793              0.8999999999993690              1.6666666666670000              1.6666666666670000
       0.58750000               1.0040871933642610              1.0000000000000004              0.5999999999998793              0.8999999999993690              1.6666666666670000              1.6666666666670000
       0.59250000               1.0051541836866940              0.9999999999999998              0.5999999999998804              0.8999999999993706              1.6666666666670000              1.6666666666670000
       0.59750000               1.0064674847117889              1.0000000000000000              0.5999999999998805              0.8999999999993707              1.6666666666670000              1.6666666666670000
       0.60250000               1.0080751404124662              0.9999999999999989              0.5999999999998800              0.8999999999993699              1.6666666666670000              1.6666666666670000
       0.60750000               1.0100323423079345              0.9999999999999998              0.5999999999998799              0.8999999999993696              1.6666666666670000              1.6666666666670000
       0.61250000               1.0124019711656054              0.9999999999999989              0.5999999999998806              0.8999999999993709              1.6666666666670000              1.6666666666670000
       0.61750000               1.0152550568490253              1.0000000000000011              0.5999999999998792              0.8999999999993689              1.6666666666670000              1.6666666666670000
       0.62250000               1.0186711211465898              1.0000000000000011              0.5999999999998782              0.8999999999993672              1.6666666666670000              1.6666666666670000
       0.62750000               1.0227383646517862              1.0000000000000009              0.5999999999998792              0.8999999999993687              1.6666666666670000              1.6666666666670000
       0.63250000               1.0275536557833700              1.0000000000000009              0.5999999999998792              0.8999999999993686              1.6666666666670000              1.6666666666670000
       0.63750000               1.0332222781214946              1.0000000000000004              0.5999999999998799              0.8999999999993697              1.6666666666670000              1.6666666666670000
       0.64250000               1.0398573917963740              1.0000000000000009              0.5999999999998787              0.8999999999993682              1.6666666666670000              1.6666666666670000
       0.64750000               1.0475791661951475              1.0000000000000011              0.5999999999998785              0.8999999999993676              1.6666666666670000              1.6666666666670000
       0.65250000               1.0565135451924175              1.0000000000000016              0.5999999999998787              0.8999999999993680              1.6666666666670000              1.6666666666670000
       0.65750000               1.0667906126662823              1.0000000000000011              0.5999999999998796              0.8999999999993694              1.6666666666670000              1.6666666666670000
       0.66250000               1.0785425351506384              0.9999999999999998              0.5999999999998805              0.8999999999993707              1.6666666666670000              1.6666666666670000
       0.66750000               1.0919010698965839              1.0000000000000011              0.5999999999998794              0.8999999999993691              1.6666666666670000              1.6666666666670000
       0.67250000               1.1069946403411755              0.9999999999999992              0.5999999999998805              0.8999999999993709              1.6666666666670000              1.6666666666670000
       0.67750000               1.1239449972649516              1.0000000000000002              0.5999999999998805              0.8999999999993707              1.6666666666670000              1.6666666666670000
       0.68250000               1.1428635030102996              1.0000000000000007              0.5999999999998804              0.8999999999993704              1.6666666666670000              1.6666666666670000
       0.68750000               1.1638470976862518              0.9999999999999998              0.5999999999998806              0.8999999999993710              1.6666666666670000              1.6666666666670000
       0.69250000               1.1869740289272355              0.9999999999999997              0.5999999999998795              0.8999999999993693              1.6666666666670000              1.6666666666670000
       0.69750000               1.2122994483278662              1.0000000000000000              0.5999999999998799              0.8999999999993697              1.6666666666670000              1.6666666666670000
       0.70250000               1.2398509961456150              0.9999999999999993              0.5999999999998811              0.8999999999993715              1.6666666666670000              1.6666666666670000
       0.70750000               1.2696245105714912              0.9999999999999997              0.5999999999998803              0.8999999999993704              1.6666666666670000              1.6666666666670000
       0.71250000               1.3015800097937607              0.9999999999999987              0.5999999999998810              0.8999999999993714              1.6666666666670000              1.6666666666670000
       0.71750000               1.3356381057624094              0.9999999999999986              0.5999999999998815              0.8999999999993722              1.6666666666670000              1.6666666666670000
       0.72250000               1.3716770180037163              0.9999999999999983              0.5999999999998816              0.8999999999993725              1.6666666666670000              1.6666666666670000
       0.72750000               1.4095303608434890              0.9999999999999981              0.5999999999998822              0.8999999999993733              1.6666666666670000              1.6666666666670000
       0.73250000               1.4489858720334547              0.9999999999999987              0.5999999999998816              0.8999999999993725              1.6666666666670000              1.6666666666670000
       0.73750000               1.4897852294164919              0.9999999999999982              0.5999999999998824              0.8999999999993735              1.6666666666670000              1.6666666666670000
       0.74250000               1.5316250639302178              0.9999999999999986              0.5999999999998812              0.8999999999993719              1.6666666666670000              1.6666666666670000
       0.74750000               1.5741592283242649              0.9999999999999986              0.5999999999998809              0.8999999999993712              1.6666666666670000              1.6666666666670000
       0.75250000               1.6170023337537549              0.9999999999999988              0.5999999999998807              0.8999999999993712              1.6666666666670000              1.6666666666670000
       0.75750000               1.6597345330532796              0.9999999999999998              0.5999999999998791              0.8999999999993686              1.6666666666670000              1.6666666666670000
       0.76250000               1.7019075139959341              0.9999999999999998              0.5999999999998793              0.8999999999993689              1.6666666666670000              1.6666666666670000
       0.76750000               1.7430516589434106              1.0000000000000002              0.5999999999998793              0.8999999999993689              1.6666666666670000              1.6666666666670000
       0.77250000               1.7826843083951291              1.0000000000000004              0.5999999999998791              0.8999999999993685              1.6666666666670000              1.6666666666670000
       0.77750000               1.8203190128124984              1.0000000000000004              0.5999999999998789              0.8999999999993682              1.6666666666670000              1.6666666666670000
       0.78250000               1.8554755594289658              0.9999999999999998              0.5999999999998796              0.8999999999993694              1.6666666666670000              1.6666666666670000
       0.78750000               1.8876904306068729              1.0000000000000002              0.5999999999998794              0.8999999999993691              1.6666666666670000              1.6666666666670000
       0.79250000               1.9165272229451924              0.9999999999999999              0.5999999999998797              0.8999999999993695              1.6666666666670000              1.6666666666670000
       0.79750000               1.9415864800121785              0.9999999999999994              0.5999999999998804              0.8999999999993706              1.6666666666670000              1.6666666666670000
       0.80250000               1.9625144112597634              0.9999999999999991              0.5999999999998812              0.8999999999993719              1.6666666666670000              1.6666666666670000
       0.80750000               1.9790101166809915              0.9999999999999994              0.5999999999998811              0.8999999999993716              1.6666666666670000              1.6666666666670000
       0.81250000               1.9908312420806396              0.9999999999999997              0.5999999999998805              0.8999999999993709              1.6666666666670000              1.6666666666670000
       0.81750000               1.9977985620234844              1.0000000000000000              0.5999999999998799              0.8999999999993696              1.6666666666670000              1.6666666666670000
       0.82250000               1.9998011403516844              1.0000000000000002              0.5999999999998804              0.8999999999993705              1.6666666666670000              1.6666666666670000
       0.82750000               1.9968046871640051              1.0000000000000002              0.5999999999998803              0.8999999999993703              1.6666666666670000              1.6666666666670000
       0.83250000               1.9888576658182153              0.9999999999999999              0.5999999999998803              0.8999999999993705              1.6666666666670000              1.6666666666670000
       0.83750000               1.9760848006004526              1.0000000000000004              0.5999999999998799              0.8999999999993696              1.6666666666670000              1.6666666666670000
       0.84250000               1.9586790938777070              1.0000000000000011              0.5999999999998794              0.8999999999993691              1.6666666666670000              1.6666666666670000
       0.84750000               1.9368962316356271              1.0000000000000002              0.5999999999998804              0.8999999999993706              1.6666666666670000              1.6666666666670000
       0.85250000               1.9110492924156972              0.9999999999999998              0.5999999999998813              0.8999999999993720              1.6666666666670000              1.6666666666670000
       0.85750000               1.8815024740386164              0.9999999999999987              0.5999999999998824              0.8999999999993735              1.6666666666670000              1.6666666666670000
       0.86250000               1.8486634816721066              0.9999999999999987              0.5999999999998824              0.8999999999993736              1.6666666666670000              1.6666666666670000
       0.86750000               1.8129746584753805              0.9999999999999987              0.5999999999998814              0.8999999999993722              1.6666666666670000              1.6666666666670000
       0.87250000               1.7749031984106101              0.9999999999999988              0.5999999999998815              0.8999999999993722              1.6666666666670000              1.6666666666670000
       0.87750000               1.7349308939488237              0.9999999999999992              0.5999999999998809              0.8999999999993713              1.6666666666670000              1.6666666666670000
       0.88250000               1.6935438840055730              0.9999999999999983              0.5999999999998824              0.8999999999993736              1.6666666666670000              1.6666666666670000
       0.88750000               1.6512228128558206              0.9999999999999988              0.5999999999998824              0.8999999999993736              1.6666666666670000              1.6666666666670000
       0.89250000               1.6084337228605610              1.0000000000000007              0.5999999999998796              0.8999999999993695              1.6666666666670000              1.6666666666670000
       0.89750000               1.5656199120322596              1.0000000000000013              0.5999999999998792              0.8999999999993686              1.6666666666670000              1.6666666666670000
       0.90250000               1.5231949098179602              1.0000000000000002              0.5999999999998803              0.8999999999993703              1.6666666666670000              1.6666666666670000
       0.90750000               1.4815366668354188              0.9999999999999988              0.5999999999998819              0.8999999999993726              1.6666666666670000              1.6666666666670000
       0.91250000               1.4409830129286743              1.0000000000000002              0.5999999999998810              0.8999999999993714              1.6666666666670000              1.6666666666670000
       0.91750000               1.4018284048845953              1.0000000000000000              0.5999999999998804              0.8999999999993706              1.6666666666670000              1.6666666666670000
       0.92250000               1.3643219533572220              0.9999999999999993              0.5999999999998810              0.8999999999993713              1.6666666666670000              1.6666666666670000
       0.92750000               1.3286666846389177              0.9999999999999998              0.5999999999998809              0.8999999999993712              1.6666666666670000              1.6666666666670000
       0.93250000               1.2950199576767061              1.0000000000000004              0.5999999999998805              0.8999999999993706              1.6666666666670000              1.6666666666670000
       0.93750000               1.2634949235438107              1.0000000000000004              0.5999999999998801              0.8999999999993700              1.6666666666670000              1.6666666666670000
       0.94250000               1.2341628872941715              0.9999999999999993              0.5999999999998815              0.8999999999993722              1.6666666666670000              1.6666666666670000
       0.94750000               1.2070564134220338              1.0000000000000007              0.5999999999998794              0.8999999999993691              1.6666666666670000              1.6666666666670000
       0.95250000               1.1821730068536220              1.0000000000000018              0.5999999999998783              0.8999999999993675              1.6666666666670000              1.6666666666670000
       0.95750000               1.1594792007689378              1.0000000000000020              0.5999999999998776              0.8999999999993664              1.6666666666670000              1.6666666666670000
       0.96250000               1.1389148889883107              1.0000000000000018              0.5999999999998777              0.8999999999993666              1.6666666666670000              1.6666666666670000
       0.96750000               1.1203977524125750              1.0000000000000013              0.5999999999998785              0.8999999999993678              1.6666666666670000              1.6666666666670000
       0.97250000               1.1038276445948425              0.9999999999999996              0.5999999999998801              0.8999999999993701              1.6666666666670000              1.6666666666670000
       0.97750000               1.0890908198049776              0.9999999999999992              0.5999999999998805              0.8999999999993707              1.6666666666670000              1.6666666666670000
       0.98250000               1.0760639070027240              1.0000000000000027              0.5999999999998773              0.8999999999993661              1.6666666666670000              1.6666666666670000
       0.98750000               1.0646175541025016              1.0000000000000018              0.5999999999998784              0.8999999999993675              1.6666666666670000              1.6666666666670000
       0.99250000               1.0546196879197751              1.0000000000000011              0.5999999999998786              0.8999999999993679              1.6666666666670000              1.6666666666670000
       0.99750000               1.0459383553750923              1.0000000000000011              0.5999999999998795              0.8999999999993692              1.6666666666670000              1.6666666666670000
