       0.00250000               0.9998979115405700             -0.0000026158161060              1.0000033878728838              1.5000050818085755              1.6666666666670000              1.6666666666670000
       0.00750000               0.9998970218412414             -0.0000034001644472              1.0000044059654765              1.5000066089474646              1.6666666666670000              1.6666666666670000
       0.01250000               0.9998973880371741             -0.0000040676905068              1.0000052760689766              1.5000079141027147              1.6666666666670000              1.6666666666670000
       0.01750000               0.9998981513878208             -0.0000045018391420              1.0000058490543229              1.5000087735807344              1.6666666666670000              1.6666666666670000
       0.02250000               0.9998979529426352             -0.0000046624499756              1.0000060749705075              1.5000091124550115              1.6666666666670000              1.6666666666670000
       0.02750000               0.9998968808451478             -0.0000044892322474              1.0000058786841992              1.5000088180255486              1.6666666666670000              1.6666666666670000
       0.03250000               0.9998955965681940             -0.0000036491697555              1.0000048341459822              1.5000072512182232              1.6666666666670000              1.6666666666670000
       0.03750000               0.9998933757320994             -0.0000021018843767              1.0000028947150643              1.5000043420718465              1.6666666666670000              1.6666666666670000
       0.04250000               0.9998911733509915             -0.0000005070280996              1.0000009197167006              1.5000013795743008              1.6666666666670000              1.6666666666670000
       0.04750000               0.9998903756805342              0.0000003693908297              0.9999999089189762              1.4999998633777141              1.6666666666670000              1.6666666666670000
       0.05250000               0.9998907492914293             -0.0000003775267333              1.0000010457189734              1.5000015685777099              1.6666666666670000              1.6666666666670000
       0.05750000               0.9998915735161316             -0.0000021219110120              1.0000035433211996              1.5000053149810493              1.6666666666670000              1.6666666666670000
       0.06250000               0.9998936654721483             -0.0000038917978064              1.0000061761599777              1.5000092642392164              1.6666666666670000              1.6666666666670000
       0.06750000               0.9998947340041527             -0.0000050190062187              1.0000081216199819              1.5000121824292230              1.6666666666670000              1.6666666666670000
       0.07250000               0.9998942419588593             -0.0000053016395459              1.0000091734933902              1.5000137602393353              1.6666666666670000              1.6666666666670000
       0.07750000               0.9998953549651146             -0.0000048509336479              1.0000095490992249              1.5000143236480874              1.6666666666670000              1.6666666666670000
       0.08250000               0.9998961040525290             -0.0000036639349670              1.0000093438886888              1.5000140158322830              1.6666666666670000              1.6666666666670000
       0.08750000               0.9998953150140890             -0.0000016299534990              1.0000085478269694              1.5000128217397040              1.6666666666670000              1.6666666666670000
       0.09250000               0.9998950413723066              0.0000011747771210              1.0000074360637281              1.5000111540948420              1.6666666666670000              1.6666666666670000
       0.09750000               0.9998951886223955              0.0000043981776964              1.0000066967574648              1.5000100451354472              1.6666666666670000              1.6666666666670000
       0.10250000               0.9998947844427738              0.0000075171312352              1.0000073121526420              1.5000109682282130              1.6666666666670000              1.6666666666670000
       0.10750000               0.9998957960300517              0.0000098355258337              1.0000105814919322              1.5000158722371484              1.6666666666670000              1.6666666666670000
       0.11250000               0.9998995397889303              0.0000110797626022              1.0000173774132564              1.5000260661191345              1.6666666666670000              1.6666666666670000
       0.11750000               0.9999045512603161              0.0000128275100598              1.0000263321679277              1.5000394982511416              1.6666666666670000              1.6666666666670000
       0.12250000               0.9999097145014918              0.0000167663787117              1.0000361224756689              1.5000541837127532              1.6666666666670000              1.6666666666670000
       0.12750000               0.9999155496431810              0.0000241219365107              1.0000462519070616              1.5000693778598426              1.6666666666670000              1.6666666666670000
       0.13250000               0.9999222370372266              0.0000348918176436              1.0000580912181543              1.5000871368264812              1.6666666666670000              1.6666666666670000
       0.13750000               0.9999307720320664              0.0000493040235880              1.0000730550849430              1.5001095826266644              1.6666666666670000              1.6666666666670000
       0.14250000               0.9999430912983687              0.0000676524742000              1.0000928813416736              1.5001393220117605              1.6666666666670000              1.6666666666670000
       0.14750000               0.9999586206713240              0.0000904682480383              1.0001194832865057              1.5001792249290085              1.6666666666670000              1.6666666666670000
       0.15250000               0.9999789958638237              0.0001188007264087              1.0001546646022947              1.5002319969026918              1.6666666666670000              1.6666666666670000
       0.15750000               1.0000072784438088              0.0001542042080339              1.0002002156969854              1.5003003235447276              1.6666666666670000              1.6666666666670000
       0.16250000               1.0000426883491391              0.0001984363624599              1.0002583782359411              1.5003875673531615              1.6666666666670000              1.6666666666670000
       0.16750000               1.0000860504790707              0.0002534247440029              1.0003319527177550              1.5004979290758820              1.6666666666670000              1.6666666666670000
       0.17250000               1.0001420100996876              0.0003216604522585              1.0004238361222524              1.5006357541826283              1.6666666666670000              1.6666666666670000
       0.17750000               1.0002108338822253              0.0004063428065177              1.0005368516280744              1.5008052774413609              1.6666666666670000              1.6666666666670000
       0.18250000               1.0002931515528808              0.0005111233685959              1.0006740564419641              1.5010110846621956              1.6666666666670000              1.6666666666670000
       0.18750000               1.0003919204916885              0.0006403352513539              1.0008383750366083              1.5012575625541618              1.6666666666670000              1.6666666666670000
       0.19250000               1.0005101108834935              0.0007969638951154              1.0010350956672525              1.5015526435001278              1.6666666666670000              1.6666666666670000
       0.19750000               1.0006504979736979              0.0009832384688682              1.0012709264565025              1.5019063896840026              1.6666666666670000              1.6666666666670000
       0.20250000               1.0008182085047170              0.0012016586289991              1.0015524379431502              1.5023286569139740              1.6666666666670000              1.6666666666670000
       0.20750000               1.0010167087002049              0.0014563123276912              1.0018840880115090              1.5028261320165119              1.6666666666670000              1.6666666666670000
       0.21250000               1.0012471749909040              0.0017517298236255              1.0022694065378808              1.5034041098060695              1.6666666666670000              1.6666666666670000
       0.21750000               1.0015120274239073              0.0020919371101959              1.0027119234032980              1.5040678851041949              1.6666666666670000              1.6666666666670000
       0.22250000               1.0018139633325218              0.0024801763938374              1.0032152593646362              1.5048228890462017              1.6666666666670000              1.6666666666670000
       0.22750000               1.0021536459095741              0.0029186972030572              1.0037831683478959              1.5056747525210910              1.6666666666670000              1.6666666666670000
       0.23250000               1.0025337309205613              0.0034093882422989              1.0044185528619665              1.5066278292921962              1.6666666666670000              1.6666666666670000
       0.23750000               1.0029563776453803              0.0039537629986892              1.0051233857300892              1.5076850785943796              1.6666666666670000              1.6666666666670000
       0.24250000               1.0034201431797962              0.0045529412369543              1.0058987043738790              1.5088480565600642              1.6666666666670000              1.6666666666670000
       0.24750000               1.0039254389142012              0.0052078407780130              1.0067443991728042              1.5101165987584513              1.6666666666670000              1.6666666666670000
       0.25250000               1.0044747768769988              0.0059178209019417              1.0076610699876731              1.5114916049807539              1.6666666666670000              1.6666666666670000
       0.25750000               1.0050665888191519              0.0066814097747952              1.0086492205245425              1.5129738307860572              1.6666666666670000              1.6666666666670000
       0.26250000               1.0056999584496771              0.0074963312191664              1.0097093816457698              1.5145640724678977              1.6666666666670000              1.6666666666670000
       0.26750000               1.0063773433081653              0.0083602686960160              1.0108413020982814              1.5162619531466639              1.6666666666670000              1.6666666666670000
       0.27250000               1.0070937606503114              0.0092742803659188              1.0120396626834087              1.5180594940243539              1.6666666666670000              1.6666666666670000
       0.27750000               1.0078458390872269              0.0102378910010648              1.0133006198036796              1.5199509297047593              1.6666666666670000              1.6666666666670000
       0.28250000               1.0086336447447259              0.0112495498965495              1.0146213676788525              1.5219320515175179              1.6666666666670000              1.6666666666670000
       0.28750000               1.0094561391150960              0.0123065667038279              1.0160003589800188              1.5240005384692663              1.6666666666670000              1.6666666666670000
       0.29250000               1.0103107726083425              0.0134066458572196              1.0174354125793292              1.5261531188682307              1.6666666666670000              1.6666666666670000
       0.29750000               1.0111970379609441              0.0145469611887230              1.0189250134313577              1.5283875201462720              1.6666666666670000              1.6666666666670000
       0.30250000               1.0121147465143265              0.0157249466964286              1.0204673554872115              1.5307010332300519              1.6666666666670000              1.6666666666670000
       0.30750000               1.0130614245618739              0.0169388818233099              1.0220596230982684              1.5330894346466357              1.6666666666670000              1.6666666666670000
       0.31250000               1.0140357857055156              0.0181870194854651              1.0236991718263340              1.5355487577387330              1.6666666666670000              1.6666666666670000
       0.31750000               1.0150369380323465              0.0194672782591506              1.0253839664979545              1.5380759497461627              1.6666666666670000              1.6666666666670000
       0.32250000               1.0160630523807173              0.0207767583594358              1.0271132394198910              1.5406698591290660              1.6666666666670000              1.6666666666670000
       0.32750000               1.0171137790801277              0.0221137323942143              1.0288848829625794              1.5433273244430974              1.6666666666670000              1.6666666666670000
       0.33250000               1.0181876287598413              0.0234782349206027              1.0306946664696421              1.5460419997036903              1.6666666666670000              1.6666666666670000
       0.33750000               1.0192799698546882              0.0248699107680501              1.0325390647616164              1.5488085971416501              1.6666666666670000              1.6666666666670000
       0.34250000               1.0203898374006963              0.0262881602980367              1.0344150668572676              1.5516226002851254              1.6666666666670000              1.6666666666670000
       0.34750000               1.0215191889939763              0.0277308421979612              1.0363219049003676              1.5544828573497742              1.6666666666670000              1.6666666666670000
       0.35250000               1.0226661345468782              0.0291946806294085              1.0382605157252927              1.5573907735871602              1.6666666666670000              1.6666666666670000
       0.35750000               1.0238305977515882              0.0306766229194080              1.0402317341534486              1.5603476012293926              1.6666666666670000              1.6666666666670000
       0.36250000               1.0250129133958144              0.0321763021114325              1.0422330012362533              1.5633495018535981              1.6666666666670000              1.6666666666670000
       0.36750000               1.0262098290298083              0.0336934852416022              1.0442617341066549              1.5663926011591993              1.6666666666670000              1.6666666666670000
       0.37250000               1.0274193466415960              0.0352276521847705              1.0463158740448604              1.5694738110665056              1.6666666666670000              1.6666666666670000
       0.37750000               1.0286427578527717              0.0367780153302873              1.0483938615504411              1.5725907923248752              1.6666666666670000              1.6666666666670000
       0.38250000               1.0298791201910031              0.0383434778406914              1.0504946848570118              1.5757420272847298              1.6666666666670000              1.6666666666670000
       0.38750000               1.0311269239171299              0.0399221010376534              1.0526185857060566              1.5789278785582952              1.6666666666670000              1.6666666666670000
       0.39250000               1.0323862613236126              0.0415134807116863              1.0547638620086699              1.5821457930122138              1.6666666666670000              1.6666666666670000
       0.39750000               1.0336560881896650              0.0431181168962239              1.0569276935054408              1.5853915402573686              1.6666666666670000              1.6666666666670000
       0.40250000               1.0349338705139433              0.0447361446264102              1.0591078364204880              1.5886617546299378              1.6666666666670000              1.6666666666670000
       0.40750000               1.0362202558461457              0.0463665803867452              1.0613036372073610              1.5919554558102456              1.6666666666670000              1.6666666666670000
       0.41250000               1.0375164881388379              0.0480063340352860              1.0635173887962723              1.5952760831936110              1.6666666666670000              1.6666666666670000
       0.41750000               1.0388233665936577              0.0496508334724881              1.0657534888692519              1.5986302333030784              1.6666666666670000              1.6666666666670000
       0.42250000               1.0401410064448142              0.0513019139364302              1.0680077235278609              1.6020115852909902              1.6666666666670000              1.6666666666670000
       0.42750000               1.0414662167645374              0.0529615336735029              1.0702757459899275              1.6054136189840884              1.6666666666670000              1.6666666666670000
       0.43250000               1.0427951973530669              0.0546303268667620              1.0725550389965595              1.6088325584940348              1.6666666666670000              1.6666666666670000
       0.43750000               1.0441297889555345              0.0563072915941630              1.0748453565684362              1.6122680348518481              1.6666666666670000              1.6666666666670000
       0.44250000               1.0454725911253326              0.0579906689163701              1.0771475393382488              1.6157213090065652              1.6666666666670000              1.6666666666670000
       0.44750000               1.0468196915571342              0.0596790818590817              1.0794619518534880              1.6191929277794224              1.6666666666670000              1.6666666666670000
       0.45250000               1.0481713799302868              0.0613728639946441              1.0817866280862467              1.6226799421285587              1.6666666666670000              1.6666666666670000
       0.45750000               1.0495274330293680              0.0630718610448997              1.0841203073593710              1.6261804610382433              1.6666666666670000              1.6666666666670000
       0.46250000               1.0508856869180065              0.0647755849463338              1.0864621811194115              1.6296932716783024              1.6666666666670000              1.6666666666670000
       0.46750000               1.0522471871186931              0.0664828242639324              1.0888124631692353              1.6332186947530360              1.6666666666670000              1.6666666666670000
       0.47250000               1.0536145766503704              0.0681915596153417              1.0911724991692535              1.6367587487530619              1.6666666666670000              1.6666666666670000
       0.47750000               1.0549882628477705              0.0698975570787856              1.0935467078918375              1.6403200618369360              1.6666666666670000              1.6666666666670000
       0.48250000               1.0563648521440354              0.0716034785588872              1.0959299944169685              1.6438949916246308              1.6666666666670000              1.6666666666670000
       0.48750000               1.0577432043912078              0.0733129092891251              1.0983158539279756              1.6474737808911395              1.6666666666670000              1.6666666666670000
       0.49250000               1.0591195209769577              0.0750263673233026              1.1007021203599132              1.6510531805390443              1.6666666666670000              1.6666666666670000
       0.49750000               1.0604944682945667              0.0767426466660794              1.1030888104525833              1.6546332156780477              1.6666666666670000              1.6666666666670000
       0.50250000               1.0618714365600850              0.0784593046684554              1.1054778661579217              1.6582167992360533              1.6666666666670000              1.6666666666670000
       0.50750000               1.0632486248326836              0.0801733941095495              1.1078716988776882              1.6618075483157013              1.6666666666670000              1.6666666666670000
       0.51250000               1.0646258879492603              0.0818837849344111              1.1102702650513092              1.6654053975761309              1.6666666666670000              1.6666666666670000
       0.51750000               1.0660066611943759              0.0835913969956426              1.1126706452930692              1.6690059679387692              1.6666666666670000              1.6666666666670000
       0.52250000               1.0673846841103363              0.0852964003565622              1.1150705572797779              1.6726058359188303              1.6666666666670000              1.6666666666670000
       0.52750000               1.0687569296557085              0.0869986658615132              1.1174687404152790              1.6762031106220803              1.6666666666670000              1.6666666666670000
       0.53250000               1.0701319045406308              0.0886969091166436              1.1198642298011958              1.6797963447009538              1.6666666666670000              1.6666666666670000
       0.53750000               1.0715056352426358              0.0903876841936775              1.1222606870238609              1.6833910305349498              1.6666666666670000              1.6666666666670000
       0.54250000               1.0728750618041130              0.0920682670852073              1.1246583279977433              1.6869874919957715              1.6666666666670000              1.6666666666670000
       0.54750000               1.0742404572050408              0.0937464689003645              1.1270444999662017              1.6905667499484573              1.6666666666670000              1.6666666666670000
       0.55250000               1.0755958204548270              0.0954215647188095              1.1294172291587723              1.6941258437373112              1.6666666666670000              1.6666666666670000
       0.55750000               1.0769388754646141              0.0970902900076488              1.1317795944805158              1.6976693917199248              1.6666666666670000              1.6666666666670000
       0.56250000               1.0782877472732530              0.0987504474471353              1.1341384005635375              1.7012076008444557              1.6666666666670000              1.6666666666670000
       0.56750000               1.0796274971563251              0.1003977074621065              1.1364890901160474              1.7047336351732185              1.6666666666670000              1.6666666666670000
       0.57250000               1.0809513918252074              0.1020297042419188              1.1388274478814380              1.7082411718213029              1.6666666666670000              1.6666666666670000
       0.57750000               1.0822766828474462              0.1036347221304962              1.1411465264149145              1.7117197896215159              1.6666666666670000              1.6666666666670000
       0.58250000               1.0835725556680649              0.1052095775015624              1.1434259461442735              1.7151389192155524              1.6666666666670000              1.6666666666670000
       0.58750000               1.0848127423666138              0.1067474608746447              1.1456235165615545              1.7184352748414724              1.6666666666670000              1.6666666666670000
       0.59250000               1.0860920199183317              0.1083231034206589              1.1478659322764440              1.7217988984138048              1.6666666666670000              1.6666666666670000
       0.59750000               1.0875895536298477              0.1101398757051967              1.1505073314214529              1.7257609971313166              1.6666666666670000              1.6666666666670000
       0.60250000               1.0893146407415761              0.1122345997616534              1.1535662224240375              1.7303493336351907              1.6666666666670000              1.6666666666670000
       0.60750000               1.0908270677433640              0.1141003106639469              1.1562268270299396              1.7343402405440420              1.6666666666670000              1.6666666666670000
       0.61250000               1.0914148112980639              0.1148262202787399              1.1572630050238384              1.7358945075348895              1.6666666666670000              1.6666666666670000
       0.61750000               1.0899335049415666              0.1129428373781057              1.1546591861118443              1.7319887791669004              1.6666666666670000              1.6666666666670000
       0.62250000               1.0825422235638815              0.1041130935233075              1.1416407960319555              1.7124611940470766              1.6666666666670000              1.6666666666670000
       0.62750000               1.0656662522630969              0.0831601751030643              1.1121034827995024              1.6681552241984194              1.6666666666670000              1.6666666666670000
       0.63250000               1.0338171215701626              0.0431533751715487              1.0571550954248818              1.5857326431365297              1.6666666666670000              1.6666666666670000
       0.63750000               1.0098138276866613              0.0126921835520141              1.0165066067978128              1.5247599101959568              1.6666666666670000              1.6666666666670000
       0.64250000               1.0026805619053483              0.0035392755750401              1.0045846848652018              1.5068770272970491              1.6666666666670000              1.6666666666670000
       0.64750000               1.0009566438902393              0.0013183244978051              1.0017108825257013              1.5025663237878004              1.6666666666670000              1.6666666666670000
       0.65250000               1.0004349868893525              0.0006481662160472              1.0008455245643688              1.5012682868458025              1.6666666666670000              1.6666666666670000
       0.65750000               1.0002457760107686              0.0004112555352438              1.0005385781810758              1.5008078672708631              1.6666666666670000              1.6666666666670000
       0.66250000               1.0001487759484207              0.0003031953689947              1.0003971299986520              1.5005956949972277              1.6666666666670000              1.6666666666670000
       0.66750000               1.0000598084543615              0.0002375140440990              1.0003100403141860              1.5004650604705287              1.6666666666670000              1.6666666666670000
       0.67250000               0.9999968579369306              0.0001867333660977              1.0002423580614384              1.5003635370914072              1.6666666666670000              1.6666666666670000
       0.67750000               0.9999724761998039              0.0001432506507197              1.0001849224940014              1.5002773837402521              1.6666666666670000              1.6666666666670000
       0.68250000               0.9999543326712147              0.0001077267874086              1.0001393750914673              1.5002090626364510              1.6666666666670000              1.6666666666670000
       0.68750000               0.9999403842377472              0.0000804967061662              1.0001067282232288              1.5001600923340930              1.6666666666670000              1.6666666666670000
       0.69250000               0.9999351227850478              0.0000597913755101              1.0000835814455702              1.5001253721676053              1.6666666666670000              1.6666666666670000
       0.69750000               0.9999420537070234              0.0000435715327886              1.0000659683204933              1.5000989524799899              1.6666666666670000              1.6666666666670000
       0.70250000               0.9999579785400687              0.0000310138225766              1.0000517100189519              1.5000775650276776              1.6666666666670000              1.6666666666670000
       0.70750000               0.9999624603766251              0.0000218657657351              1.0000400374516298              1.5000600561766948              1.6666666666670000              1.6666666666670000
       0.71250000               0.9999493870356924              0.0000155387189075              1.0000306634865319              1.5000459952290477              1.6666666666670000              1.6666666666670000
       0.71750000               0.9999380871937452              0.0000112980270456              1.0000230791139435              1.5000346186701650              1.6666666666670000              1.6666666666670000
       0.72250000               0.9999365200493359              0.0000084438041628              1.0000169142509083              1.5000253713756124              1.6666666666670000              1.6666666666670000
       0.72750000               0.9999373200182141              0.0000064312559900              1.0000120748741514              1.5000181123104770              1.6666666666670000              1.6666666666670000
       0.73250000               0.9999329878316224              0.0000048234295224              1.0000086173672778              1.5000129260501667              1.6666666666670000              1.6666666666670000
       0.73750000               0.9999287668570055              0.0000031688021646              1.0000066921482400              1.5000100382216099              1.6666666666670000              1.6666666666670000
       0.74250000               0.9999280801973058              0.0000010263365913              1.0000064806384750              1.5000097209569625              1.6666666666670000              1.6666666666670000
       0.74750000               0.9999286384729673             -0.0000013055826132              1.0000073018433724              1.5000109527643084              1.6666666666670000              1.6666666666670000
       0.75250000               0.9999285507017135             -0.0000033212652445              1.0000083016920325              1.5000124525372986              1.6666666666670000              1.6666666666670000
       0.75750000               0.9999269055474500             -0.0000045259591189              1.0000086974253750              1.5000130461373125              1.6666666666670000              1.6666666666670000
       0.76250000               0.9999253659504636             -0.0000042640773027              1.0000075277292675              1.5000112915931512              1.6666666666670000              1.6666666666670000
       0.76750000               0.9999236432611001             -0.0000027976740480              1.0000050394668327              1.5000075591994992              1.6666666666670000              1.6666666666670000
       0.77250000               0.9999208094107527             -0.0000008987929281              1.0000021623568511              1.5000032435345267              1.6666666666670000              1.6666666666670000
       0.77750000               0.9999187977476702              0.0000007420753466              0.9999997410471011              1.4999996115699017              1.6666666666670000              1.6666666666670000
       0.78250000               0.9999197509858321              0.0000015935989499              0.9999984279083145              1.4999976418617216              1.6666666666670000              1.6666666666670000
       0.78750000               0.9999249387065378              0.0000014917052827              0.9999984095767872              1.4999976143644309              1.6666666666670000              1.6666666666670000
       0.79250000               0.9999265994765903              0.0000006768049468              0.9999993569343882              1.4999990354008321              1.6666666666670000              1.6666666666670000
       0.79750000               0.9999246640296906             -0.0000006041247230              1.0000009377019450              1.5000014065521672              1.6666666666670000              1.6666666666670000
       0.80250000               0.9999230779566164             -0.0000020323001710              1.0000027309465533              1.5000040964190799              1.6666666666670000              1.6666666666670000
       0.80750000               0.9999221550107309             -0.0000031927887048              1.0000041943832403              1.5000062915741104              1.6666666666670000              1.6666666666670000
       0.81250000               0.9999208004564049             -0.0000036315267470              1.0000047370891729              1.5000071056330091              1.6666666666670000              1.6666666666670000
       0.81750000               0.9999193470648895             -0.0000030538130335              1.0000039752198886              1.5000059628290829              1.6666666666670000              1.6666666666670000
       0.82250000               0.9999183578151564             -0.0000018690044397              1.0000024348382748              1.5000036522566620              1.6666666666670000              1.6666666666670000
       0.82750000               0.9999173197322597             -0.0000006174415249              1.0000008118179717              1.5000012177262074              1.6666666666670000              1.6666666666670000
       0.83250000               0.9999154224195472              0.0000001266514912              0.9999998462977527              1.4999997694458791              1.6666666666670000              1.6666666666670000
       0.83750000               0.9999141412084039             -0.0000000871672313              1.0000001189953398              1.5000001784922594              1.6666666666670000              1.6666666666670000
       0.84250000               0.9999138199458609             -0.0000009477849216              1.0000012277662587              1.5000018416486380              1.6666666666670000              1.6666666666670000
       0.84750000               0.9999131836169766             -0.0000021023374720              1.0000027167237671              1.5000040750849004              1.6666666666670000              1.6666666666670000
       0.85250000               0.9999127390034604             -0.0000031929033157              1.0000041235636543              1.5000061853447315              1.6666666666670000              1.6666666666670000
       0.85750000               0.9999132774057230             -0.0000039202453726              1.0000050618473593              1.5000075927702889              1.6666666666670000              1.6666666666670000
       0.86250000               0.9999135358385683             -0.0000041448945065              1.0000053514674776              1.5000080272004661              1.6666666666670000              1.6666666666670000
       0.86750000               0.9999120991762022             -0.0000039087095747              1.0000050463800927              1.5000075695693889              1.6666666666670000              1.6666666666670000
       0.87250000               0.9999095191585817             -0.0000032956695136              1.0000042548919812              1.5000063823372216              1.6666666666670000              1.6666666666670000
       0.87750000               0.9999073284882672             -0.0000024253329499              1.0000031312856783              1.5000046969277672              1.6666666666670000              1.6666666666670000
       0.88250000               0.9999048963200259             -0.0000014982603145              1.0000019344459263              1.5000029016681395              1.6666666666670000              1.6666666666670000
       0.88750000               0.9999010851356631             -0.0000007869920820              1.0000010161837511              1.5000015242748768              1.6666666666670000              1.6666666666670000
       0.89250000               0.9998970654964782             -0.0000005815636894              1.0000007509158213              1.5000011263729818              1.6666666666670000              1.6666666666670000
       0.89750000               0.9998934174327797             -0.0000014070902330              1.0000018165269540              1.5000027247896810              1.6666666666670000              1.6666666666670000
       0.90250000               0.9998868688397677             -0.0000029866651305              1.0000038555696626              1.5000057833537441              1.6666666666670000              1.6666666666670000
       0.90750000               0.9998810152623218             -0.0000045139333526              1.0000058271166747              1.5000087406742619              1.6666666666670000              1.6666666666670000
       0.91250000               0.9998833568820078             -0.0000053231423443              1.0000068717474624              1.5000103076204436              1.6666666666670000              1.6666666666670000
       0.91750000               0.9998897935130689             -0.0000052139370542              1.0000067308159091              1.5000100962231135              1.6666666666670000              1.6666666666670000
       0.92250000               0.9998926758437747             -0.0000044774797258              1.0000057801717583              1.5000086702568873              1.6666666666670000              1.6666666666670000
       0.92750000               0.9998962230073343             -0.0000033699840147              1.0000043505378733              1.5000065258060598              1.6666666666670000              1.6666666666670000
       0.93250000               0.9999015797172187             -0.0000021707573728              1.0000028024737597              1.5000042037098895              1.6666666666670000              1.6666666666670000
       0.93750000               0.9999083263993366             -0.0000011373136203              1.0000014683778338              1.5000022025660005              1.6666666666670000              1.6666666666670000
       0.94250000               0.9999097239873674             -0.0000004704623996              1.0000006075190071              1.5000009112777608              1.6666666666670000              1.6666666666670000
       0.94750000               0.9999083190760077             -0.0000003531105841              1.0000004560304583              1.5000006840449374              1.6666666666670000              1.6666666666670000
       0.95250000               0.9999066435106493             -0.0000011214721391              1.0000014479481425              1.5000021719214636              1.6666666666670000              1.6666666666670000
       0.95750000               0.9999060001160458             -0.0000026434358284              1.0000034127384665              1.5000051191069499              1.6666666666670000              1.6666666666670000
       0.96250000               0.9999066096795928             -0.0000042897996775              1.0000055381556412              1.5000083072327119              1.6666666666670000              1.6666666666670000
       0.96750000               0.9999074046666799             -0.0000053131732757              1.0000068594179192              1.5000102891261287              1.6666666666670000              1.6666666666670000
       0.97250000               0.9999067214884308             -0.0000050627463525              1.0000065364086390              1.5000098046122083              1.6666666666670000              1.6666666666670000
       0.97750000               0.9999029344707251             -0.0000040053266067              1.0000051718421736              1.5000077577625104              1.6666666666670000              1.6666666666670000
       0.98250000               0.9998997674527050             -0.0000026899200772              1.0000034745353186              1.5000052118022280              1.6666666666670000              1.6666666666670000
       0.98750000               0.9998984630213108             -0.0000017411625340              1.0000022509293880              1.5000033763933320              1.6666666666670000              1.6666666666670000
       0.99250000               0.9998981771704166             -0.0000015677300807              1.0000020287274753              1.5000030430904630              1.6666666666670000              1.6666666666670000
       0.99750000               0.9998982147023981             -0.0000019289573480              1.0000024975081458              1.5000037462614688              1.6666666666670000              1.6666666666670000
