       0.00250000               1.0003437798823860              0.0006915670518863              1.0008979224346166              1.5013468836511741              1.6666666666670000              1.6666666666670000
       0.00750000               1.0004673103900528              0.0008496168176301              1.0011059928842989              1.5016589893256975              1.6666666666670000              1.6666666666670000
       0.01250000               1.0006132752361956              0.0010360754897609              1.0013509942540260              1.5020264913802877              1.6666666666670000              1.6666666666670000
       0.01750000               1.0007834881155697              0.0012545865702732              1.0016355920986086              1.5024533881471616              1.6666666666670000              1.6666666666670000
       0.02250000               1.0009793246325920              0.0015078378263200              1.0019631430047622              1.5029447145063919              1.6666666666670000              1.6666666666670000
       0.02750000               1.0012025438110839              0.0017978149879613              1.0023371391178715              1.5035057086760555              1.6666666666670000              1.6666666666670000
       0.03250000               1.0014566729240877              0.0021262880578260              1.0027603937502347              1.5041405906245997              1.6666666666670000              1.6666666666670000
       0.03750000               1.0017414412994627              0.0024944860706813              1.0032353280477166              1.5048529920708225              1.6666666666670000              1.6666666666670000
       0.04250000               1.0020572678730379              0.0029032651159554              1.0037636801269401              1.5056455201896570              1.6666666666670000              1.6666666666670000
       0.04750000               1.0024063967662573              0.0033533283445042              1.0043462111134496              1.5065193166694208              1.6666666666670000              1.6666666666670000
       0.05250000               1.0027879048554984              0.0038449560755877              1.0049830976412744              1.5074746464611579              1.6666666666670000              1.6666666666670000
       0.05750000               1.0032012437688012              0.0043779320474032              1.0056741171900456              1.5085111757843142              1.6666666666670000              1.6666666666670000
       0.06250000               1.0036468199733823              0.0049514105234920              1.0064189433984592              1.5096284150969337              1.6666666666670000              1.6666666666670000
       0.06750000               1.0041243222892859              0.0055639398728213              1.0072172597489264              1.5108258896226341              1.6666666666670000              1.6666666666670000
       0.07250000               1.0046314077948983              0.0062150796793708              1.0080668060893427              1.5121002091332578              1.6666666666670000              1.6666666666670000
       0.07750000               1.0051675197365038              0.0069043962755119              1.0089648262928288              1.5134472394384864              1.6666666666670000              1.6666666666670000
       0.08250000               1.0057311753706146              0.0076312671655810              1.0099084562757372              1.5148626844128481              1.6666666666670000              1.6666666666670000
       0.08750000               1.0063207240377017              0.0083938671063275              1.0108961636608440              1.5163442454905076              1.6666666666670000              1.6666666666670000
       0.09250000               1.0069366726869833              0.0091893334445255              1.0119276403039665              1.5178914604551907              1.6666666666670000              1.6666666666670000
       0.09750000               1.0075796113845616              0.0100145058141334              1.0130029314606124              1.5195043971901587              1.6666666666670000              1.6666666666670000
       0.10250000               1.0082455870032216              0.0108681530956449              1.0141195927709756              1.5211793891557026              1.6666666666670000              1.6666666666670000
       0.10750000               1.0089342543207072              0.0117496750301015              1.0152744295647853              1.5229116443464163              1.6666666666670000              1.6666666666670000
       0.11250000               1.0096449020813878              0.0126581952898375              1.0164647191503930              1.5246970787248271              1.6666666666670000              1.6666666666670000
       0.11750000               1.0103743249433987              0.0135925522741050              1.0176882497528632              1.5265323746285318              1.6666666666670000              1.6666666666670000
       0.12250000               1.0111213646805175              0.0145511651370223              1.0189435136449227              1.5284152704666198              1.6666666666670000              1.6666666666670000
       0.12750000               1.0118874305947270              0.0155322336007270              1.0202294648725629              1.5303441973080791              1.6666666666670000              1.6666666666670000
       0.13250000               1.0126700338167491              0.0165346219841153              1.0215443613413291              1.5323165420112275              1.6666666666670000              1.6666666666670000
       0.13750000               1.0134677476594833              0.0175573204488512              1.0228864690709838              1.5343297036057084              1.6666666666670000              1.6666666666670000
       0.14250000               1.0142805345673394              0.0185992726737867              1.0242542868600308              1.5363814302892780              1.6666666666670000              1.6666666666670000
       0.14750000               1.0151075345996428              0.0196592867894158              1.0256466611095916              1.5384699916636180              1.6666666666670000              1.6666666666670000
       0.15250000               1.0159472469622923              0.0207359231707691              1.0270629250576730              1.5405943875857391              1.6666666666670000              1.6666666666670000
       0.15750000               1.0168011064055797              0.0218274136243911              1.0285030033594873              1.5427545050384595              1.6666666666670000              1.6666666666670000
       0.16250000               1.0176691840587937              0.0229318525997544              1.0299671562439343              1.5449507343651290              1.6666666666670000              1.6666666666670000
       0.16750000               1.0185485855170575              0.0240501947723783              1.0314520010271013              1.5471780015398782              1.6666666666670000              1.6666666666670000
       0.17250000               1.0194388107041521              0.0251829380565691              1.0329548773859685              1.5494323160781780              1.6666666666670000              1.6666666666670000
       0.17750000               1.0203395228774716              0.0263295576851105              1.0344745973220542              1.5517118959823051              1.6666666666670000              1.6666666666670000
       0.18250000               1.0212477816566168              0.0274893134875453              1.0360103658669462              1.5540155487996423              1.6666666666670000              1.6666666666670000
       0.18750000               1.0221656331696727              0.0286606487247062              1.0375625803010036              1.5563438704507271              1.6666666666670000              1.6666666666670000
       0.19250000               1.0230948342124533              0.0298419197449598              1.0391318615487295              1.5586977923223146              1.6666666666670000              1.6666666666670000
       0.19750000               1.0240326889352500              0.0310324405120161              1.0407176510518819              1.5610764765770422              1.6666666666670000              1.6666666666670000
       0.20250000               1.0249776681145535              0.0322322497474953              1.0423185055769719              1.5634777583646760              1.6666666666670000              1.6666666666670000
       0.20750000               1.0259309278834661              0.0334411368792877              1.0439333902943582              1.5659000854407541              1.6666666666670000              1.6666666666670000
       0.21250000               1.0268909653553535              0.0346587213538150              1.0455615702315719              1.5683423553465734              1.6666666666670000              1.6666666666670000
       0.21750000               1.0278561433125810              0.0358844265486945              1.0472026345222045              1.5708039517825214              1.6666666666670000              1.6666666666670000
       0.22250000               1.0288299118667259              0.0371170832371337              1.0488570347390851              1.5732855521078410              1.6666666666670000              1.6666666666670000
       0.22750000               1.0298103852131411              0.0383564994263766              1.0505239744769277              1.5757859617146037              1.6666666666670000              1.6666666666670000
       0.23250000               1.0307953780146288              0.0396034060568328              1.0522014635880046              1.5783021953812177              1.6666666666670000              1.6666666666670000
       0.23750000               1.0317864248302968              0.0408583030846775              1.0538878670878906              1.5808318006310456              1.6666666666670000              1.6666666666670000
       0.24250000               1.0327813202852996              0.0421213857941575              1.0555819999274354              1.5833729998903614              1.6666666666670000              1.6666666666670000
       0.24750000               1.0337800539794151              0.0433904415114219              1.0572859613264400              1.5859289419888671              1.6666666666670000              1.6666666666670000
       0.25250000               1.0347874890251241              0.0446621227311568              1.0590034416837490              1.5885051625248292              1.6666666666670000              1.6666666666670000
       0.25750000               1.0358024186338228              0.0459365145355334              1.0607335465465051              1.5911003198189619              1.6666666666670000              1.6666666666670000
       0.26250000               1.0368204717029248              0.0472158235628964              1.0624725327161431              1.5937087990734176              1.6666666666670000              1.6666666666670000
       0.26750000               1.0378426599402095              0.0485009175874497              1.0642184816180549              1.5963277224262840              1.6666666666670000              1.6666666666670000
       0.27250000               1.0388706057850143              0.0497915324121038              1.0659710410867838              1.5989565616293759              1.6666666666670000              1.6666666666670000
       0.27750000               1.0398996202076940              0.0510871715408923              1.0677301919201541              1.6015952878794302              1.6666666666670000              1.6666666666670000
       0.28250000               1.0409322773165284              0.0523868717521210              1.0694965751796779              1.6042448627687147              1.6666666666670000              1.6666666666670000
       0.28750000               1.0419695068272337              0.0536898406007859              1.0712706316630560              1.6069059474937804              1.6666666666670000              1.6666666666670000
       0.29250000               1.0430076252268159              0.0549961918278499              1.0730515807516916              1.6095773711267327              1.6666666666670000              1.6666666666670000
       0.29750000               1.0440478266401960              0.0563059561411730              1.0748387698016959              1.6122581547017378              1.6666666666670000              1.6666666666670000
       0.30250000               1.0450931909258987              0.0576188877173017              1.0766319438959926              1.6149479158431812              1.6666666666670000              1.6666666666670000
       0.30750000               1.0461399961717743              0.0589343628038500              1.0784313779420909              1.6176470669123275              1.6666666666670000              1.6666666666670000
       0.31250000               1.0471896194569343              0.0602511603070925              1.0802381800546221              1.6203572700811228              1.6666666666670000              1.6666666666670000
       0.31750000               1.0482464828412021              0.0615673633194985              1.0820544349932009              1.6230816524889897              1.6666666666670000              1.6666666666670000
       0.32250000               1.0493051031636225              0.0628847423003961              1.0838771832512615              1.6258157748760793              1.6666666666670000              1.6666666666670000
       0.32750000               1.0503632947506569              0.0642056277524889              1.0857026551469489              1.6285539827196089              1.6666666666670000              1.6666666666670000
       0.33250000               1.0514234993657339              0.0655318570205257              1.0875277850242382              1.6312916775355417              1.6666666666670000              1.6666666666670000
       0.33750000               1.0524837486941787              0.0668619832103605              1.0893540008688762              1.6340310013024972              1.6666666666670000              1.6666666666670000
       0.34250000               1.0535440747014926              0.0681926586171494              1.0911853948933565              1.6367780923392161              1.6666666666670000              1.6666666666670000
       0.34750000               1.0546101622748363              0.0695215462288751              1.0930246891542772              1.6395370337305959              1.6666666666670000              1.6666666666670000
       0.35250000               1.0556798086131425              0.0708496027872521              1.0948700048561129              1.6423050072833483              1.6666666666670000              1.6666666666670000
       0.35750000               1.0567483492896501              0.0721779092802098              1.0967193885610049              1.6450790828406847              1.6666666666670000              1.6666666666670000
       0.36250000               1.0578195671792883              0.0735072854261286              1.0985710307889600              1.6478565461826160              1.6666666666670000              1.6666666666670000
       0.36750000               1.0588914394161950              0.0748380094164933              1.1004241594471655              1.6506362391699227              1.6666666666670000              1.6666666666670000
       0.37250000               1.0599598955324130              0.0761694541144355              1.1022789054916702              1.6534183582366784              1.6666666666670000              1.6666666666670000
       0.37750000               1.0610320717292701              0.0774997323580220              1.1041374867251090              1.6562062300868352              1.6666666666670000              1.6666666666670000
       0.38250000               1.0621075940222489              0.0788274253570136              1.1060013016745889              1.6590019525110538              1.6666666666670000              1.6666666666670000
       0.38750000               1.0631784448058250              0.0801559207048950              1.1078649494541359              1.6617974241803730              1.6666666666670000              1.6666666666670000
       0.39250000               1.0642486702290739              0.0814870662589848              1.1097255146082707              1.6645882719115737              1.6666666666670000              1.6666666666670000
       0.39750000               1.0653204193150669              0.0828186275432539              1.1115847347278163              1.6673771020908907              1.6666666666670000              1.6666666666670000
       0.40250000               1.0663885932267685              0.0841474729941103              1.1134471980786498              1.6701707971171393              1.6666666666670000              1.6666666666670000
       0.40750000               1.0674585482417689              0.0854715650917276              1.1153131993779057              1.6729697990660222              1.6666666666670000              1.6666666666670000
       0.41250000               1.0685359870294178              0.0867911504882907              1.1171836780261573              1.6757755170383979              1.6666666666670000              1.6666666666670000
       0.41750000               1.0696090525243485              0.0881079754778682              1.1190554941772897              1.6785832412650954              1.6666666666670000              1.6666666666670000
       0.42250000               1.0706782280699199              0.0894279639308783              1.1209242975036080              1.6813864462545713              1.6666666666670000              1.6666666666670000
       0.42750000               1.0717492036273655              0.0907522046327761              1.1227888875561578              1.6841833313333943              1.6666666666670000              1.6666666666670000
       0.43250000               1.0728113669338764              0.0920715619852003              1.1246478680816605              1.6869718021216471              1.6666666666670000              1.6666666666670000
       0.43750000               1.0738678465263829              0.0933800217246501              1.1265033180880764              1.6897549771312697              1.6666666666670000              1.6666666666670000
       0.44250000               1.0749188243613819              0.0946673557338122              1.1283328662575052              1.6924992993854115              1.6666666666670000              1.6666666666670000
       0.44750000               1.0759437700651664              0.0959284419010799              1.1301260551030259              1.6951890826536911              1.6666666666670000              1.6666666666670000
       0.45250000               1.0769778017239340              0.0972092040890726              1.1319479907853487              1.6979219861771739              1.6666666666670000              1.6666666666670000
       0.45750000               1.0781943428774654              0.0986897051755968              1.1340677375837243              1.7011016063747357              1.6666666666670000              1.6666666666670000
       0.46250000               1.0796472400860970              0.1004789117064160              1.1366159662198703              1.7049239493289532              1.6666666666670000              1.6666666666670000
       0.46750000               1.0810362711451205              0.1022249126021064              1.1390682115627473              1.7086023173432667              1.6666666666670000              1.6666666666670000
       0.47250000               1.0818214830268080              0.1031311546219478              1.1404381747110506              1.7106572620657206              1.6666666666670000              1.6666666666670000
       0.47750000               1.0813079240975321              0.1024293323739745              1.1395323842524407              1.7092985763778066              1.6666666666670000              1.6666666666670000
       0.48250000               1.0767173550939366              0.0969549556965494              1.1315048331267128              1.6972572496892204              1.6666666666670000              1.6666666666670000
       0.48750000               1.0654332683149457              0.0829247563540632              1.1117778206627944              1.6676667309933577              1.6666666666670000              1.6666666666670000
       0.49250000               1.0400086412823883              0.0511570643256396              1.0678636828666750              1.6017955242992115              1.6666666666670000              1.6666666666670000
       0.49750000               1.0144243544450549              0.0186628148807282              1.0243798668258735              1.5365698002380417              1.6666666666670000              1.6666666666670000
       0.50250000               1.0033125918282781              0.0044349855206212              1.0057471029387572              1.5086206544073815              1.6666666666670000              1.6666666666670000
       0.50750000               1.0008270915179407              0.0012328475203823              1.0016025471714503              1.5024038207564241              1.6666666666670000              1.6666666666670000
       0.51250000               1.0001451973141795              0.0003528438429660              1.0004668753010759              1.5007003129508636              1.6666666666670000              1.6666666666670000
       0.51750000               0.9999538417594792              0.0001081330073585              1.0001508378227406              1.5002262567333609              1.6666666666670000              1.6666666666670000
       0.52250000               0.9998983083036185              0.0000388551446984              1.0000606018956155              1.5000909028426734              1.6666666666670000              1.6666666666670000
       0.52750000               0.9998801669717396              0.0000175543876356              1.0000319931093427              1.5000479896632639              1.6666666666670000              1.6666666666670000
       0.53250000               0.9998721212739158              0.0000097948494371              1.0000210786105574              1.5000316179150861              1.6666666666670000              1.6666666666670000
       0.53750000               0.9998674621942902              0.0000060116358809              1.0000159852030377              1.5000239778038063              1.6666666666670000              1.6666666666670000
       0.54250000               0.9998649679344721              0.0000034931634657              1.0000131091045468              1.5000196636560699              1.6666666666670000              1.6666666666670000
       0.54750000               0.9998633753100687              0.0000014384124793              1.0000111723698739              1.5000167585540609              1.6666666666670000              1.6666666666670000
       0.55250000               0.9998617824102450             -0.0000002981730979              1.0000097404704438              1.5000146107049155              1.6666666666670000              1.6666666666670000
       0.55750000               0.9998597258703275             -0.0000016076919655              1.0000086832109527              1.5000130248156789              1.6666666666670000              1.6666666666670000
       0.56250000               0.9998571532687858             -0.0000024320777246              1.0000078579445248              1.5000117869160372              1.6666666666670000              1.6666666666670000
       0.56750000               0.9998548842322216             -0.0000027851854001              1.0000070036428499              1.5000105054635249              1.6666666666670000              1.6666666666670000
       0.57250000               0.9998531500528001             -0.0000027499226692              1.0000059903107243              1.5000089854653365              1.6666666666670000              1.6666666666670000
       0.57750000               0.9998512259074959             -0.0000024499733415              1.0000048769764833              1.5000073154639750              1.6666666666670000              1.6666666666670000
       0.58250000               0.9998489700712174             -0.0000020163269625              1.0000037958649353              1.5000056937966528              1.6666666666670000              1.6666666666670000
       0.58750000               0.9998473953348342             -0.0000016315257118              1.0000029401214685              1.5000044101814527              1.6666666666670000              1.6666666666670000
       0.59250000               0.9998462315703310             -0.0000015088037880              1.0000025325277941              1.5000037987909409              1.6666666666670000              1.6666666666670000
       0.59750000               0.9998449286052189             -0.0000019138920934              1.0000028774888954              1.5000043162325929              1.6666666666670000              1.6666666666670000
       0.60250000               0.9998442490911383             -0.0000026770570251              1.0000037353566549              1.5000056030342324              1.6666666666670000              1.6666666666670000
       0.60750000               0.9998438230967839             -0.0000034285473168              1.0000046167229313              1.5000069250836470              1.6666666666670000              1.6666666666670000
       0.61250000               0.9998425413505431             -0.0000038654741952              1.0000051201266698              1.5000076801892546              1.6666666666670000              1.6666666666670000
       0.61750000               0.9998415564231460             -0.0000039151645496              1.0000051427325218              1.5000077140980326              1.6666666666670000              1.6666666666670000
       0.62250000               0.9998410533188687             -0.0000037202823970              1.0000048624898803              1.5000072937340703              1.6666666666670000              1.6666666666670000
       0.62750000               0.9998404603653034             -0.0000033815986409              1.0000044056387953              1.5000066084574428              1.6666666666670000              1.6666666666670000
       0.63250000               0.9998394319939613             -0.0000030188189276              1.0000039240683996              1.5000058861018493              1.6666666666670000              1.6666666666670000
       0.63750000               0.9998386362839000             -0.0000027381198711              1.0000035528214544              1.5000053292314315              1.6666666666670000              1.6666666666670000
       0.64250000               0.9998378690407203             -0.0000025966531764              1.0000033642097776              1.5000050463139163              1.6666666666670000              1.6666666666670000
       0.64750000               0.9998369273724215             -0.0000026071540144              1.0000033737075529              1.5000050605605793              1.6666666666670000              1.6666666666670000
       0.65250000               0.9998360979050877             -0.0000027724733957              1.0000035843628754              1.5000053765435630              1.6666666666670000              1.6666666666670000
       0.65750000               0.9998346911879322             -0.0000030752335339              1.0000039733129589              1.5000059599686881              1.6666666666670000              1.6666666666670000
       0.66250000               0.9998315988562160             -0.0000034491434983              1.0000044547084848              1.5000066820619771              1.6666666666670000              1.6666666666670000
       0.66750000               0.9998283292755304             -0.0000037750513565              1.0000048745992955              1.5000073118981934              1.6666666666670000              1.6666666666670000
       0.67250000               0.9998239592758015             -0.0000039137395988              1.0000050531664113              1.5000075797488670              1.6666666666670000              1.6666666666670000
       0.67750000               0.9998150743485856             -0.0000036851221548              1.0000047578216533              1.5000071367317300              1.6666666666670000              1.6666666666670000
       0.68250000               0.9997927478386417             -0.0000032398888364              1.0000041829580977              1.5000062744363964              1.6666666666670000              1.6666666666670000
       0.68750000               0.9997641847969687             -0.0000028420741538              1.0000036693743100              1.5000055040607150              1.6666666666670000              1.6666666666670000
       0.69250000               0.9997557820667795             -0.0000027394223247              1.0000035368123259              1.5000053052177387              1.6666666666670000              1.6666666666670000
       0.69750000               0.9997631085757366             -0.0000031622701822              1.0000040825793435              1.5000061238682654              1.6666666666670000              1.6666666666670000
       0.70250000               0.9997730982682251             -0.0000038163377587              1.0000049268021511              1.5000073902024769              1.6666666666670000              1.6666666666670000
       0.70750000               0.9997819815319942             -0.0000043715826511              1.0000056434594695              1.5000084651884544              1.6666666666670000              1.6666666666670000
       0.71250000               0.9997952881330202             -0.0000046254805687              1.0000059711309766              1.5000089566957149              1.6666666666670000              1.6666666666670000
       0.71750000               0.9998183951229184             -0.0000045404695627              1.0000058613462159              1.5000087920185736              1.6666666666670000              1.6666666666670000
       0.72250000               0.9998304551119891             -0.0000041920143445              1.0000054115298591              1.5000081172940387              1.6666666666670000              1.6666666666670000
       0.72750000               0.9998332803605673             -0.0000036434401365              1.0000047034115327              1.5000070551165487              1.6666666666670000              1.6666666666670000
       0.73250000               0.9998313425189890             -0.0000029805860113              1.0000038477944908              1.5000057716909863              1.6666666666670000              1.6666666666670000
       0.73750000               0.9998290504540533             -0.0000023319430716              1.0000030105376085              1.5000045158056630              1.6666666666670000              1.6666666666670000
       0.74250000               0.9998280489696590             -0.0000018674097010              1.0000024109403705              1.5000036164098058              1.6666666666670000              1.6666666666670000
       0.74750000               0.9998277584997916             -0.0000017820964311              1.0000023008446839              1.5000034512662757              1.6666666666670000              1.6666666666670000
       0.75250000               0.9998277806560689             -0.0000024041684860              1.0000031038797752              1.5000046558189128              1.6666666666670000              1.6666666666670000
       0.75750000               0.9998271515379815             -0.0000034716575564              1.0000044818929021              1.5000067228386031              1.6666666666670000              1.6666666666670000
       0.76250000               0.9998267782503008             -0.0000044004386076              1.0000056808514941              1.5000085212764911              1.6666666666670000              1.6666666666670000
       0.76750000               0.9998258601850837             -0.0000046421399520              1.0000059928770020              1.5000089893147530              1.6666666666670000              1.6666666666670000
       0.77250000               0.9998243823221630             -0.0000042734372286              1.0000055169601796              1.5000082754395194              1.6666666666670000              1.6666666666670000
       0.77750000               0.9998231809054581             -0.0000035713626698              1.0000046107464846              1.5000069161189766              1.6666666666670000              1.6666666666670000
       0.78250000               0.9998221193222602             -0.0000028880029859              1.0000037287708547              1.5000055931555323              1.6666666666670000              1.6666666666670000
       0.78750000               0.9998206256195762             -0.0000025426159862              1.0000032832353658              1.5000049248522986              1.6666666666670000              1.6666666666670000
       0.79250000               0.9998206268946588             -0.0000025755307827              1.0000033262759598              1.5000049894131897              1.6666666666670000              1.6666666666670000
       0.79750000               0.9998234670629829             -0.0000028509000500              1.0000036826376457              1.5000055239557186              1.6666666666670000              1.6666666666670000
       0.80250000               0.9998265528455138             -0.0000032579345480              1.0000042094095838              1.5000063141136257              1.6666666666670000              1.6666666666670000
       0.80750000               0.9998288863721798             -0.0000036828173504              1.0000047598426836              1.5000071397632750              1.6666666666670000              1.6666666666670000
       0.81250000               0.9998299623782336             -0.0000040432598519              1.0000052280069569              1.5000078420096854              1.6666666666670000              1.6666666666670000
       0.81750000               0.9998287505013522             -0.0000043041555824              1.0000055690701599              1.5000083536044899              1.6666666666670000              1.6666666666670000
       0.82250000               0.9998272173119117             -0.0000044384423428              1.0000057488381728              1.5000086232565093              1.6666666666670000              1.6666666666670000
       0.82750000               0.9998258668761191             -0.0000043821690143              1.0000056858352289              1.5000085287520935              1.6666666666670000              1.6666666666670000
       0.83250000               0.9998235181300503             -0.0000039307085324              1.0000051174518458              1.5000076761770185              1.6666666666670000              1.6666666666670000
       0.83750000               0.9998214924765551             -0.0000032031702083              1.0000041996348177              1.5000062994514762              1.6666666666670000              1.6666666666670000
       0.84250000               0.9998202740537379             -0.0000025793153673              1.0000034257215566              1.5000051385815851              1.6666666666670000              1.6666666666670000
       0.84750000               0.9998193969217318             -0.0000024591286072              1.0000033164617037              1.5000049746918056              1.6666666666670000              1.6666666666670000
       0.85250000               0.9998184793921514             -0.0000031723426440              1.0000043037705864              1.5000064556551296              1.6666666666670000              1.6666666666670000
       0.85750000               0.9998182110033778             -0.0000041616042457              1.0000056770412180              1.5000085155610769              1.6666666666670000              1.6666666666670000
       0.86250000               0.9998178468211831             -0.0000048428935861              1.0000066948430160              1.5000100422637739              1.6666666666670000              1.6666666666670000
       0.86750000               0.9998166761514399             -0.0000049176788725              1.0000069892099597              1.5000104838141897              1.6666666666670000              1.6666666666670000
       0.87250000               0.9998167061154258             -0.0000045385974246              1.0000067812967515              1.5000101719443770              1.6666666666670000              1.6666666666670000
       0.87750000               0.9998165652721689             -0.0000038366658311              1.0000062734284050              1.5000094101418573              1.6666666666670000              1.6666666666670000
       0.88250000               0.9998155449540264             -0.0000029280831194              1.0000056610195591              1.5000084915285887              1.6666666666670000              1.6666666666670000
       0.88750000               0.9998143373032576             -0.0000019148228371              1.0000051374668837              1.5000077061995754              1.6666666666670000              1.6666666666670000
       0.89250000               0.9998135921681789             -0.0000008680120610              1.0000048780896176              1.5000073171336763              1.6666666666670000              1.6666666666670000
       0.89750000               0.9998129789582916              0.0000001451545263              1.0000050818582524              1.5000076227866284              1.6666666666670000              1.6666666666670000
       0.90250000               0.9998114517360971              0.0000010509854173              1.0000059938302588              1.5000089907446381              1.6666666666670000              1.6666666666670000
       0.90750000               0.9998095483060064              0.0000015389652606              1.0000082138824633              1.5000123208229446              1.6666666666670000              1.6666666666670000
       0.91250000               0.9998057296012705              0.0000017363576906              1.0000118402882037              1.5000177604315557              1.6666666666670000              1.6666666666670000
       0.91750000               0.9998009362589086              0.0000025006087681              1.0000161102368879              1.5000241653545816              1.6666666666670000              1.6666666666670000
       0.92250000               0.9997996682552799              0.0000048109624704              1.0000202074912434              1.5000303112361149              1.6666666666670000              1.6666666666670000
       0.92750000               0.9998009174674408              0.0000091596192453              1.0000240755637388              1.5000361133448581              1.6666666666670000              1.6666666666670000
       0.93250000               0.9998044175751958              0.0000152061354720              1.0000288968259907              1.5000433452382360              1.6666666666670000              1.6666666666670000
       0.93750000               0.9998122960335555              0.0000226690002141              1.0000359808934973              1.5000539713394958              1.6666666666670000              1.6666666666670000
       0.94250000               0.9998233975876916              0.0000312982653171              1.0000468461237606              1.5000702691848908              1.6666666666670000              1.6666666666670000
       0.94750000               0.9998369345519527              0.0000418976708161              1.0000619530512942              1.5000929295761911              1.6666666666670000              1.6666666666670000
       0.95250000               0.9998570857458940              0.0000555538468332              1.0000817589489632              1.5001226384226947              1.6666666666670000              1.6666666666670000
       0.95750000               0.9998767776503645              0.0000735523434795              1.0001068907350876              1.5001603361018814              1.6666666666670000              1.6666666666670000
       0.96250000               0.9998953353512652              0.0000972040594397              1.0001384361966676              1.5002076542942513              1.6666666666670000              1.6666666666670000
       0.96750000               0.9999188702062688              0.0001277092952584              1.0001781860519789              1.5002672790772180              1.6666666666670000              1.6666666666670000
       0.97250000               0.9999488720250480              0.0001665218083823              1.0002282235340985              1.5003423353003973              1.6666666666670000              1.6666666666670000
       0.97750000               0.9999863034784051              0.0002154354171763              1.0002908581074847              1.5004362871604768              1.6666666666670000              1.6666666666670000
       0.98250000               1.0000323817630230              0.0002766528786836              1.0003685590407516              1.5005528385603770              1.6666666666670000              1.6666666666670000
       0.98750000               1.0000890518841694              0.0003525781279536              1.0004642138516706              1.5006963207767554              1.6666666666670000              1.6666666666670000
       0.99250000               1.0001573201622769              0.0004454940767129              1.0005814931526720              1.5008722397282572              1.6666666666670000              1.6666666666670000
       0.99750000               1.0002409573006918              0.0005577221140245              1.0007245458823504              1.5010868188227751              1.6666666666670000              1.6666666666670000
