       0.00250000               1.0005080395920800              0.0006570893373994              1.0008473958494308              1.5012710937733953              1.6666666666670000              1.6666666666670000
       0.00750000               1.0003982492409773              0.0005155661203251              1.0006643731542417              1.5009965597306119              1.6666666666670000              1.6666666666670000
       0.01250000               1.0003110773004478              0.0004033403719623              1.0005190679444431              1.5007786019159142              1.6666666666670000              1.6666666666670000
       0.01750000               1.0002424691423637              0.0003151485600551              1.0004047103149734              1.5006070654717096              1.6666666666670000              1.6666666666670000
       0.02250000               1.0001881704441413              0.0002454356715101              1.0003142145476269              1.5004713218206900              1.6666666666670000              1.6666666666670000
       0.02750000               1.0001451078599681              0.0001901222114518              1.0002424545719331              1.5003636818571493              1.6666666666670000              1.6666666666670000
       0.03250000               1.0001112973494126              0.0001465046442485              1.0001861172815327              1.5002791759215490              1.6666666666670000              1.6666666666670000
       0.03750000               1.0000851342477444              0.0001123533305316              1.0001425222656830              1.5002137833977742              1.6666666666670000              1.6666666666670000
       0.04250000               1.0000649480106973              0.0000857605817429              1.0001088948989729              1.5001633423477094              1.6666666666670000              1.6666666666670000
       0.04750000               1.0000492822611347              0.0000651558528442              1.0000828063324465              1.5001242094979197              1.6666666666670000              1.6666666666670000
       0.05250000               1.0000370762162025              0.0000493267404112              1.0000624839869725              1.5000937259797087              1.6666666666670000              1.6666666666670000
       0.05750000               1.0000276381420821              0.0000372512898602              1.0000467697884485              1.5000701546819228              1.6666666666670000              1.6666666666670000
       0.06250000               1.0000203930257383              0.0000281123267171              1.0000347160446641              1.5000520740662462              1.6666666666670000              1.6666666666670000
       0.06750000               1.0000148790432919              0.0000212037691627              1.0000255516403016              1.5000383274597024              1.6666666666670000              1.6666666666670000
       0.07250000               1.0000107383209793              0.0000159413751442              1.0000186760059313              1.5000280140081470              1.6666666666670000              1.6666666666670000
       0.07750000               1.0000077169308224              0.0000118538946833              1.0000136605985528              1.5000204908970793              1.6666666666670000              1.6666666666670000
       0.08250000               1.0000055180519580              0.0000087051157496              1.0000100217636181              1.5000150326446768              1.6666666666670000              1.6666666666670000
       0.08750000               1.0000038848927992              0.0000063518693816              1.0000073299385763              1.5000109949071143              1.6666666666670000              1.6666666666670000
       0.09250000               1.0000026275291938              0.0000046677363177              1.0000052650012163              1.5000078975010747              1.6666666666670000              1.6666666666670000
       0.09750000               1.0000016409361712              0.0000035032078763              1.0000036460312958              1.5000054690461937              1.6666666666670000              1.6666666666670000
       0.10250000               1.0000008581822122              0.0000027163684723              1.0000023728419951              1.5000035592622427              1.6666666666670000              1.6666666666670000
       0.10750000               1.0000002418754290              0.0000021917345060              1.0000013811559614              1.5000020717331921              1.6666666666670000              1.6666666666670000
       0.11250000               0.9999997777980193              0.0000018251024499              1.0000006443710237              1.5000009665557852              1.6666666666670000              1.6666666666670000
       0.11750000               0.9999994659154545              0.0000015271989327              1.0000001561722367              1.5000002342576049              1.6666666666670000              1.6666666666670000
       0.12250000               0.9999993042901726              0.0000012211417533              0.9999999248980666              1.4999998873463498              1.6666666666670000              1.6666666666670000
       0.12750000               0.9999992446540560              0.0000009187452699              0.9999998679876512              1.4999998019807266              1.6666666666670000              1.6666666666670000
       0.13250000               0.9999992284034022              0.0000006593743183              0.9999998850900373              1.4999998276343058              1.6666666666670000              1.6666666666670000
       0.13750000               0.9999992140136855              0.0000004735411288              0.9999999004833920              1.4999998507243382              1.6666666666670000              1.6666666666670000
       0.14250000               0.9999991852266588              0.0000003528809959              0.9999998984347945              1.4999998476514418              1.6666666666670000              1.6666666666670000
       0.14750000               0.9999991584154962              0.0000002624855139              0.9999999047615741              1.4999998571416111              1.6666666666670000              1.6666666666670000
       0.15250000               0.9999991463911045              0.0000001773144551              0.9999999379200597              1.4999999068793393              1.6666666666670000              1.6666666666670000
       0.15750000               0.9999991488388554              0.0000000947605777              0.9999999913380787              1.4999999870063678              1.6666666666670000              1.6666666666670000
       0.16250000               0.9999991404138882              0.0000000334207352              1.0000000339218402              1.5000000508820102              1.6666666666670000              1.6666666666670000
       0.16750000               0.9999990980552034              0.0000000210133529              1.0000000248622438              1.5000000372926159              1.6666666666670000              1.6666666666670000
       0.17250000               0.9999989375063206              0.0000001653626089              0.9999998214162544              1.4999997321236316              1.6666666666670000              1.6666666666670000
       0.17750000               0.9999986830602752              0.0000004376739744              0.9999994582743463              1.4999991874107692              1.6666666666670000              1.6666666666670000
       0.18250000               0.9999984675286435              0.0000006563181663              0.9999991681878276              1.4999987522809912              1.6666666666670000              1.6666666666670000
       0.18750000               0.9999984086092272              0.0000006701090393              0.9999991451367300              1.4999987177043450              1.6666666666670000              1.6666666666670000
       0.19250000               0.9999984379922319              0.0000005680349302              0.9999992734101615              1.4999989101144922              1.6666666666670000              1.6666666666670000
       0.19750000               0.9999985117130613              0.0000004122094378              0.9999994722524662              1.4999992083779492              1.6666666666670000              1.6666666666670000
       0.20250000               0.9999985446944035              0.0000003028941829              0.9999996118396399              1.4999994177587099              1.6666666666670000              1.6666666666670000
       0.20750000               0.9999985276124351              0.0000002538991972              0.9999996740805677              1.4999995111201014              1.6666666666670000              1.6666666666670000
       0.21250000               0.9999984840714453              0.0000002344321663              0.9999996985508748              1.4999995478255621              1.6666666666670000              1.6666666666670000
       0.21750000               0.9999984331244024              0.0000002267065816              0.9999997080940370              1.4999995621403055              1.6666666666670000              1.6666666666670000
       0.22250000               0.9999983742691319              0.0000002213877354              0.9999997146818511              1.4999995720220265              1.6666666666670000              1.6666666666670000
       0.22750000               0.9999983121445493              0.0000002152821395              0.9999997223845400              1.4999995835760600              1.6666666666670000              1.6666666666670000
       0.23250000               0.9999982447748115              0.0000002094502497              0.9999997297984187              1.4999995946968778              1.6666666666670000              1.6666666666670000
       0.23750000               0.9999981737760903              0.0000002098699392              0.9999997291833350              1.4999995937742525              1.6666666666670000              1.6666666666670000
       0.24250000               0.9999980815893084              0.0000002289967251              0.9999997044443617              1.4999995566657924              1.6666666666670000              1.6666666666670000
       0.24750000               0.9999979851368013              0.0000002480608614              0.9999996798033308              1.4999995197042462              1.6666666666670000              1.6666666666670000
       0.25250000               0.9999979212462067              0.0000002165498603              0.9999997204651728              1.4999995806970090              1.6666666666670000              1.6666666666670000
       0.25750000               0.9999979589700246              0.0000000528634442              0.9999999317713082              1.4999998976562121              1.6666666666670000              1.6666666666670000
       0.26250000               0.9999979892594131             -0.0000001101470665              1.0000001422093074              1.5000002133132111              1.6666666666670000              1.6666666666670000
       0.26750000               0.9999979530690640             -0.0000001918700237              1.0000002477088539              1.5000003715625307              1.6666666666670000              1.6666666666670000
       0.27250000               0.9999978661932430             -0.0000002197268541              1.0000002836703430              1.5000004255047643              1.6666666666670000              1.6666666666670000
       0.27750000               0.9999977576423038             -0.0000002239555111              1.0000002891307069              1.5000004336953103              1.6666666666670000              1.6666666666670000
       0.28250000               0.9999976307748851             -0.0000002149272179              1.0000002774793393              1.5000004162182590              1.6666666666670000              1.6666666666670000
       0.28750000               0.9999974900103773             -0.0000001930908331              1.0000002492963180              1.5000003739437269              1.6666666666670000              1.6666666666670000
       0.29250000               0.9999973162101298             -0.0000001438699847              1.0000001857649152              1.5000002786466224              1.6666666666670000              1.6666666666670000
       0.29750000               0.9999971113696733             -0.0000000580897076              1.0000000750426545              1.5000001125632318              1.6666666666670000              1.6666666666670000
       0.30250000               0.9999969006506011              0.0000000253626264              0.9999999673368216              1.4999999510044826              1.6666666666670000              1.6666666666670000
       0.30750000               0.9999967279606097              0.0000000486720088              0.9999999372926025              1.4999999059381535              1.6666666666670000              1.6666666666670000
       0.31250000               0.9999967330589058             -0.0000001788685017              1.0000002311213578              1.5000003466812868              1.6666666666670000              1.6666666666670000
       0.31750000               0.9999968965424055             -0.0000006120376751              1.0000007904587755              1.5000011856874131              1.6666666666670000              1.6666666666670000
       0.32250000               0.9999969650175775             -0.0000009359960160              1.0000012088735735              1.5000018133096105              1.6666666666670000              1.6666666666670000
       0.32750000               0.9999966358295225             -0.0000007625728528              1.0000009852766369              1.5000014779142052              1.6666666666670000              1.6666666666670000
       0.33250000               0.9999958732391325             -0.0000000506254541              1.0000000666093374              1.5000000999132563              1.6666666666670000              1.6666666666670000
       0.33750000               0.9999951655260700              0.0000005861333457              0.9999992452546662              1.4999988678812493              1.6666666666670000              1.6666666666670000
       0.34250000               0.9999949219308804              0.0000005981928033              0.9999992307514404              1.4999988461264104              1.6666666666670000              1.6666666666670000
       0.34750000               0.9999954494403664             -0.0000003976002225              1.0000005179353553              1.5000007769022830              1.6666666666670000              1.6666666666670000
       0.35250000               0.9999959513879225             -0.0000013747501602              1.0000017818902811              1.5000026728346714              1.6666666666670000              1.6666666666670000
       0.35750000               0.9999960720592188             -0.0000018809624037              1.0000024391191635              1.5000036586779950              1.6666666666670000              1.6666666666670000
       0.36250000               0.9999958003240482             -0.0000019171250607              1.0000024913743266              1.5000037370607402              1.6666666666670000              1.6666666666670000
       0.36750000               0.9999954093769462             -0.0000017988408519              1.0000023469812254              1.5000035204710880              1.6666666666670000              1.6666666666670000
       0.37250000               0.9999949572735359             -0.0000016252000658              1.0000021351491830              1.5000032027230246              1.6666666666670000              1.6666666666670000
       0.37750000               0.9999945661084891             -0.0000015659996320              1.0000020769382312              1.5000031154065967              1.6666666666670000              1.6666666666670000
       0.38250000               0.9999946323787031             -0.0000021161074022              1.0000028138789363              1.5000042208176545              1.6666666666670000              1.6666666666670000
       0.38750000               0.9999949746325605             -0.0000030218633447              1.0000040222949285              1.5000060334416427              1.6666666666670000              1.6666666666670000
       0.39250000               0.9999950118405954             -0.0000035860621408              1.0000048074849390              1.5000072112266585              1.6666666666670000              1.6666666666670000
       0.39750000               0.9999939299019912             -0.0000027120815704              1.0000037613142003              1.5000056419705503              1.6666666666670000              1.6666666666670000
       0.40250000               0.9999917523309233             -0.0000004005027593              1.0000008951983403              1.5000013427967605              1.6666666666670000              1.6666666666670000
       0.40750000               0.9999898910647219              0.0000014771921775              0.9999986400732696              1.4999979601091542              1.6666666666670000              1.6666666666670000
       0.41250000               0.9999887758298334              0.0000023611078180              0.9999977393648306              1.4999966090464960              1.6666666666670000              1.6666666666670000
       0.41750000               0.9999882761470940              0.0000025518280836              0.9999978334380278              1.4999967501562916              1.6666666666670000              1.6666666666670000
       0.42250000               0.9999880118938664              0.0000024903922501              0.9999983918642822              1.4999975877956733              1.6666666666670000              1.6666666666670000
       0.42750000               0.9999878358289340              0.0000023434526718              0.9999992525674877              1.4999988788504812              1.6666666666670000              1.6666666666670000
       0.43250000               0.9999877233222950              0.0000023131702094              1.0000002264455887              1.5000003396676329              1.6666666666670000              1.6666666666670000
       0.43750000               0.9999877000513735              0.0000024351888645              1.0000013642767727              1.5000020464144088              1.6666666666670000              1.6666666666670000
       0.44250000               0.9999878096789613              0.0000026091370664              1.0000029251949309              1.5000043877916467              1.6666666666670000              1.6666666666670000
       0.44750000               0.9999882012934054              0.0000029088489759              1.0000049862414282              1.5000074793613920              1.6666666666670000              1.6666666666670000
       0.45250000               0.9999887425897466              0.0000036967408464              1.0000073074477307              1.5000109611708459              1.6666666666670000              1.6666666666670000
       0.45750000               0.9999890865940505              0.0000055080167141              1.0000094973620799              1.5000142460423695              1.6666666666670000              1.6666666666670000
       0.46250000               0.9999891685638104              0.0000087956070984              1.0000113623423874              1.5000170435128308              1.6666666666670000              1.6666666666670000
       0.46750000               0.9999898563501002              0.0000129500154054              1.0000141966871217              1.5000212950299323              1.6666666666670000              1.6666666666670000
       0.47250000               0.9999918861427058              0.0000173952114605              1.0000193981614598              1.5000290972414398              1.6666666666670000              1.6666666666670000
       0.47750000               0.9999954906899597              0.0000224038504358              1.0000274523084784              1.5000411784619676              1.6666666666670000              1.6666666666670000
       0.48250000               1.0000003201228105              0.0000292180786407              1.0000378204871068              1.5000567307299102              1.6666666666670000              1.6666666666670000
       0.48750000               1.0000069345690852              0.0000385082460926              1.0000509817537790              1.5000764726299185              1.6666666666670000              1.6666666666670000
       0.49250000               1.0000156584558599              0.0000511064393822              1.0000675466081108              1.5001013199114162              1.6666666666670000              1.6666666666670000
       0.49750000               1.0000268145953795              0.0000675702690961              1.0000888897905484              1.5001333346850727              1.6666666666670000              1.6666666666670000
       0.50250000               1.0000413093823752              0.0000888383502999              1.0001163823599644              1.5001745735391963              1.6666666666670000              1.6666666666670000
       0.50750000               1.0000608825371637              0.0001161027941839              1.0001516423407268              1.5002274635103403              1.6666666666670000              1.6666666666670000
       0.51250000               1.0000865959003986              0.0001507423638151              1.0001967127571314              1.5002950691349468              1.6666666666670000              1.6666666666670000
       0.51750000               1.0001188365028171              0.0001945987012596              1.0002537991158087              1.5003806986729626              1.6666666666670000              1.6666666666670000
       0.52250000               1.0001595886402941              0.0002498460587396              1.0003255292616460              1.5004882938917188              1.6666666666670000              1.6666666666670000
       0.52750000               1.0002118326127702              0.0003188524181155              1.0004152156297004              1.5006228234438002              1.6666666666670000              1.6666666666670000
       0.53250000               1.0002776047601720              0.0004041754662254              1.0005269258658553              1.5007903887980325              1.6666666666670000              1.6666666666670000
       0.53750000               1.0003580282965514              0.0005093876386534              1.0006644554724555              1.5009966832079329              1.6666666666670000              1.6666666666670000
       0.54250000               1.0004564258948838              0.0006388141642302              1.0008316657667202              1.5012474986493298              1.6666666666670000              1.6666666666670000
       0.54750000               1.0005762400432179              0.0007973305714833              1.0010326972047032              1.5015490458063039              1.6666666666670000              1.6666666666670000
       0.55250000               1.0007212755404893              0.0009880724990770              1.0012748224160699              1.5019122336233537              1.6666666666670000              1.6666666666670000
       0.55750000               1.0008947390680707              0.0012142916776042              1.0015658822092568              1.5023488233131339              1.6666666666670000              1.6666666666670000
       0.56250000               1.0011001797322041              0.0014803100095718              1.0019128210397696              1.5028692315589027              1.6666666666670000              1.6666666666670000
       0.56750000               1.0013432909345632              0.0017922835443580              1.0023204132401362              1.5034806198594526              1.6666666666670000              1.6666666666670000
       0.57250000               1.0016268453634689              0.0021561798279296              1.0027935463153386              1.5041903194722557              1.6666666666670000              1.6666666666670000
       0.57750000               1.0019526262394394              0.0025771330840736              1.0033377046481482              1.5050065569714699              1.6666666666670000              1.6666666666670000
       0.58250000               1.0023229045257398              0.0030590419359666              1.0039591400977703              1.5059387101459025              1.6666666666670000              1.6666666666670000
       0.58750000               1.0027432060237493              0.0036051913343451              1.0046637495427855              1.5069956243134246              1.6666666666670000              1.6666666666670000
       0.59250000               1.0032173389507637              0.0042179730398904              1.0054571656019211              1.5081857484021273              1.6666666666670000              1.6666666666670000
       0.59750000               1.0037469605935971              0.0048993884220564              1.0063439027432581              1.5095158541141325              1.6666666666670000              1.6666666666670000
       0.60250000               1.0043318541841832              0.0056529009718916              1.0073248224397984              1.5109872336589421              1.6666666666670000              1.6666666666670000
       0.60750000               1.0049739505285564              0.0064809112176375              1.0084003607449936              1.5126005411167340              1.6666666666670000              1.6666666666670000
       0.61250000               1.0056736970929407              0.0073838659360106              1.0095717196738576              1.5143575795100293              1.6666666666670000              1.6666666666670000
       0.61750000               1.0064301238551616              0.0083610693605647              1.0108399124759695              1.5162598687131963              1.6666666666670000              1.6666666666670000
       0.62250000               1.0072437806108048              0.0094105695267695              1.0122060622950133              1.5183090934417607              1.6666666666670000              1.6666666666670000
       0.62750000               1.0081166860871309              0.0105305184693704              1.0136698187127986              1.5205047280684376              1.6666666666670000              1.6666666666670000
       0.63250000               1.0090455178190680              0.0117209550852615              1.0152272232179778              1.5228408348262050              1.6666666666670000              1.6666666666670000
       0.63750000               1.0100266545586392              0.0129805294754071              1.0168751720698561              1.5253127581040216              1.6666666666670000              1.6666666666670000
       0.64250000               1.0110577513862660              0.0143070206693451              1.0186109541411539              1.5279164312109668              1.6666666666670000              1.6666666666670000
       0.64750000               1.0121393003330126              0.0156975381484752              1.0204321636688907              1.5306482455025707              1.6666666666670000              1.6666666666670000
       0.65250000               1.0132697017667280              0.0171480367431349              1.0223375334721754              1.5335063002074960              1.6666666666670000              1.6666666666670000
       0.65750000               1.0144450316685731              0.0186553823963581              1.0243243277549767              1.5364864916316967              1.6666666666670000              1.6666666666670000
       0.66250000               1.0156555518359482              0.0202189534528722              1.0263863956571977              1.5395795934850267              1.6666666666670000              1.6666666666670000
       0.66750000               1.0168806509439199              0.0218366039413833              1.0285194628191474              1.5427791942279498              1.6666666666670000              1.6666666666670000
       0.67250000               1.0181692453673654              0.0235055783805995              1.0307201633493297              1.5460802450232214              1.6666666666670000              1.6666666666670000
       0.67750000               1.0195241509343109              0.0252223549597532              1.0329863247178797              1.5494794870760447              1.6666666666670000              1.6666666666670000
       0.68250000               1.0209120736968744              0.0269828609383367              1.0353166076724767              1.5529749115079385              1.6666666666670000              1.6666666666670000
       0.68750000               1.0223330847433190              0.0287832421426656              1.0377095537628311              1.5565643306434684              1.6666666666670000              1.6666666666670000
       0.69250000               1.0237921910534546              0.0306221994568808              1.0401605330241559              1.5602407995354537              1.6666666666670000              1.6666666666670000
       0.69750000               1.0252917172832134              0.0324981539343831              1.0426654990752575              1.5639982486121040              1.6666666666670000              1.6666666666670000
       0.70250000               1.0268234488285373              0.0344091680506301              1.0452211148005324              1.5678316722000145              1.6666666666670000              1.6666666666670000
       0.70750000               1.0283618369071772              0.0363529580009883              1.0478246658851411              1.5717369988269256              1.6666666666670000              1.6666666666670000
       0.71250000               1.0299119930620397              0.0383265142773344              1.0504746070665236              1.5757119105989974              1.6666666666670000              1.6666666666670000
       0.71750000               1.0314913711506613              0.0403277561820896              1.0531684050217200              1.5797526075317900              1.6666666666670000              1.6666666666670000
       0.72250000               1.0331011316640624              0.0423561340439343              1.0559016879629999              1.5838525319437078              1.6666666666670000              1.6666666666670000
       0.72750000               1.0347284346538081              0.0444104364991357              1.0586711395530310              1.5880067093287524              1.6666666666670000              1.6666666666670000
       0.73250000               1.0363669099874686              0.0464887773056201              1.0614744874194184              1.5922117311283317              1.6666666666670000              1.6666666666670000
       0.73750000               1.0380259259603828              0.0485881048788134              1.0643112207695136              1.5964668311534720              1.6666666666670000              1.6666666666670000
       0.74250000               1.0397059274979124              0.0507037463802496              1.0671831983775253              1.6007747975654874              1.6666666666670000              1.6666666666670000
       0.74750000               1.0414033582059445              0.0528338297615851              1.0700886289213267              1.6051329433811874              1.6666666666670000              1.6666666666670000
       0.75250000               1.0431130022667878              0.0549791312939232              1.0730221971883314              1.6095332957816924              1.6666666666670000              1.6666666666670000
       0.75750000               1.0448362083816405              0.0571393625118860              1.0759801193534073              1.6139701790293040              1.6666666666670000              1.6666666666670000
       0.76250000               1.0465712422673339              0.0593136103917450              1.0789595244212780              1.6184392866311077              1.6666666666670000              1.6666666666670000
       0.76750000               1.0483147013197243              0.0615000314203316              1.0819588668781706              1.6229383003164444              1.6666666666670000              1.6666666666670000
       0.77250000               1.0500676130292874              0.0636951847294486              1.0849788445397064              1.6274682668087457              1.6666666666670000              1.6666666666670000
       0.77750000               1.0518336059169846              0.0658973741029342              1.0880177878047550              1.6320266817063165              1.6666666666670000              1.6666666666670000
       0.78250000               1.0536090363084367              0.0681064137035720              1.0910719578145438              1.6366079367209971              1.6666666666670000              1.6666666666670000
       0.78750000               1.0553879094075187              0.0703211674974470              1.0941388667295568              1.6412083000935147              1.6666666666670000              1.6666666666670000
       0.79250000               1.0571639667244901              0.0725400671580717              1.0972165625607082              1.6458248438402394              1.6666666666670000              1.6666666666670000
       0.79750000               1.0589447204868794              0.0747609566232305              1.1003038433493109              1.6504557650231408              1.6666666666670000              1.6666666666670000
       0.80250000               1.0607309999165928              0.0769800829476761              1.1034016975953951              1.6551025463922651              1.6666666666670000              1.6666666666670000
       0.80750000               1.0625198181664031              0.0791953652765862              1.1065085510255834              1.6597628265375450              1.6666666666670000              1.6666666666670000
       0.81250000               1.0643094894363658              0.0814081791728833              1.1096180338103936              1.6644270507147583              1.6666666666670000              1.6666666666670000
       0.81750000               1.0660972557007398              0.0836188882613982              1.1127247220640997              1.6690870830953151              1.6666666666670000              1.6666666666670000
       0.82250000               1.0678771872690804              0.0858262562316012              1.1158252327309306              1.6737378490955590              1.6666666666670000              1.6666666666670000
       0.82750000               1.0696510525943987              0.0880266603623831              1.1189195716392268              1.6783793574580010              1.6666666666670000              1.6666666666670000
       0.83250000               1.0714225113455871              0.0902135451992553              1.1220107976936819              1.6830161965396817              1.6666666666670000              1.6666666666670000
       0.83750000               1.0731874796365426              0.0923862333900787              1.1250942964011832              1.6876414446009307              1.6666666666670000              1.6666666666670000
       0.84250000               1.0749390708543640              0.0945443565880985              1.1281635659759122              1.6922453489630218              1.6666666666670000              1.6666666666670000
       0.84750000               1.0766827892751782              0.0966867585731342              1.1312134170116674              1.6968201255166526              1.6666666666670000              1.6666666666670000
       0.85250000               1.0784101852088692              0.0988107881580280              1.1342384820715987              1.7013577231065473              1.6666666666670000              1.6666666666670000
       0.85750000               1.0801184616762038              0.1009135140498762              1.1372359021420961              1.7058538532122911              1.6666666666670000              1.6666666666670000
       0.86250000               1.0818023420094078              0.1029890648703968              1.1402036134465361              1.7103054201689489              1.6666666666670000              1.6666666666670000
       0.86750000               1.0834760520521256              0.1050276446340881              1.1431407662725594              1.7147111494079819              1.6666666666670000              1.6666666666670000
       0.87250000               1.0851190032383977              0.1070336942814629              1.1460386526979958              1.7190579790461340              1.6666666666670000              1.6666666666670000
       0.87750000               1.0867280739761602              0.1090055021751849              1.1488799916443229              1.7233199874656226              1.6666666666670000              1.6666666666670000
       0.88250000               1.0882967943389952              0.1109326002883203              1.1516505380931128              1.7274758071388054              1.6666666666670000              1.6666666666670000
       0.88750000               1.0898186270381138              0.1128038076434454              1.1543511075186468              1.7315266612771043              1.6666666666670000              1.6666666666670000
       0.89250000               1.0912949610598548              0.1146152808497539              1.1569692511566561              1.7354538767341161              1.6666666666670000              1.6666666666670000
       0.89750000               1.0927000689140931              0.1163442404593772              1.1594706226333600              1.7392059339491701              1.6666666666670000              1.6666666666670000
       0.90250000               1.0940782831655764              0.1180016219003365              1.1618992877715049              1.7428489316563855              1.6666666666670000              1.6666666666670000
       0.90750000               1.0955137691217740              0.1196897600605121              1.1644064097009992              1.7466096145506256              1.6666666666670000              1.6666666666670000
       0.91250000               1.0969537137009289              0.1214662059224746              1.1669678945167425              1.7504518417742385              1.6666666666670000              1.6666666666670000
       0.91750000               1.0982027448545923              0.1230233548476295              1.1691680679788430              1.7537521019673876              1.6666666666670000              1.6666666666670000
       0.92250000               1.0988097921056599              0.1237053721006896              1.1702304432579791              1.7553456648860910              1.6666666666670000              1.6666666666670000
       0.92750000               1.0980425995849026              0.1226781287913559              1.1688593870952551              1.7532890806420058              1.6666666666670000              1.6666666666670000
       0.93250000               1.0930504470177382              0.1168312188174385              1.1600358792544436              1.7400538188807955              1.6666666666670000              1.6666666666670000
       0.93750000               1.0806441886210820              0.1014561722103567              1.1381578057903059              1.7072367086846054              1.6666666666670000              1.6666666666670000
       0.94250000               1.0523480795190017              0.0664819833115436              1.0888496750358927              1.6332745125530224              1.6666666666670000              1.6666666666670000
       0.94750000               1.0225798499201961              0.0288838732989513              1.0379212098921957              1.5568818148375152              1.6666666666670000              1.6666666666670000
       0.95250000               1.0084091465062517              0.0108241755394901              1.0140516212387947              1.5210774318574312              1.6666666666670000              1.6666666666670000
       0.95750000               1.0047135400954659              0.0060777704052408              1.0078696902435171              1.5118045353645200              1.6666666666670000              1.6666666666670000
       0.96250000               1.0032772367404059              0.0042281304137403              1.0054685128572713              1.5082027692851530              1.6666666666670000              1.6666666666670000
       0.96750000               1.0025469209665103              0.0032871374028107              1.0042489183201846              1.5063733774795236              1.6666666666670000              1.6666666666670000
       0.97250000               1.0020555192854901              0.0026536625861023              1.0034286687713421              1.5051430031562605              1.6666666666670000              1.6666666666670000
       0.97750000               1.0016509429275975              0.0021319018070911              1.0027535467747697              1.5041303201614022              1.6666666666670000              1.6666666666670000
       0.98250000               1.0013038932478504              0.0016841763157592              1.0021745702416773              1.5032618553617643              1.6666666666670000              1.6666666666670000
       0.98750000               1.0010250708881168              0.0013243613752630              1.0017095201446886              1.5025642802162817              1.6666666666670000              1.6666666666670000
       0.99250000               1.0008111235448611              0.0010482145227603              1.0013527369172222              1.5020291053750823              1.6666666666670000              1.6666666666670000
       0.99750000               1.0006436310095725              0.0008320346017064              1.0010734556589098              1.5016101834876139              1.6666666666670000              1.6666666666670000
