       0.00250000               0.9998993341521106             -0.0000044603158333              1.0000057591887017              1.5000086387823024              1.6666666666670000              1.6666666666670000
       0.00750000               0.9998971519176767             -0.0000035794193568              1.0000046227981960              1.5000069341965439              1.6666666666670000              1.6666666666670000
       0.01250000               0.9998958961815304             -0.0000021582681391              1.0000027893673933              1.5000041840503400              1.6666666666670000              1.6666666666670000
       0.01750000               0.9998952189239266             -0.0000007407173392              1.0000009610907528              1.5000014416353791              1.6666666666670000              1.6666666666670000
       0.02250000               0.9998942790585100              0.0000000434915550              0.9999999511904372              1.4999999267849058              1.6666666666670000              1.6666666666670000
       0.02750000               0.9998938544208061             -0.0000006376126748              1.0000008341070217              1.5000012511597824              1.6666666666670000              1.6666666666670000
       0.03250000               0.9998945338390307             -0.0000023597152342              1.0000030627441281              1.5000045941154421              1.6666666666670000              1.6666666666670000
       0.03750000               0.9998949313196903             -0.0000042316858209              1.0000054876609190              1.5000082314906285              1.6666666666670000              1.6666666666670000
       0.04250000               0.9998949866826335             -0.0000056073137552              1.0000072759764644              1.5000109139639468              1.6666666666670000              1.6666666666670000
       0.04750000               0.9998952755414239             -0.0000062129131170              1.0000080762662789              1.5000121143986684              1.6666666666670000              1.6666666666670000
       0.05250000               0.9998949025393362             -0.0000061084199174              1.0000079685916035              1.5000119528866553              1.6666666666670000              1.6666666666670000
       0.05750000               0.9998936675105752             -0.0000053534110723              1.0000070337010030              1.5000105505507542              1.6666666666670000              1.6666666666670000
       0.06250000               0.9998931417911956             -0.0000039681752241              1.0000053032494127              1.5000079548733689              1.6666666666670000              1.6666666666670000
       0.06750000               0.9998916800493289             -0.0000021434265796              1.0000030311699202              1.5000045467541301              1.6666666666670000              1.6666666666670000
       0.07250000               0.9998892013109415             -0.0000002998705844              1.0000007714457377              1.5000011571678566              1.6666666666670000              1.6666666666670000
       0.07750000               0.9998891984534090              0.0000009832097625              0.9999992870803892              1.4999989306198338              1.6666666666670000              1.6666666666670000
       0.08250000               0.9998902655290630              0.0000009212808496              0.9999996119326806              1.4999994178982707              1.6666666666670000              1.6666666666670000
       0.08750000               0.9998915077535635             -0.0000008161163367              1.0000022016818628              1.5000033025220443              1.6666666666670000              1.6666666666670000
       0.09250000               0.9998939204929288             -0.0000030449784533              1.0000055677258941              1.5000083515880913              1.6666666666670000              1.6666666666670000
       0.09750000               0.9998960745988453             -0.0000045330125543              1.0000081735529938              1.5000122603287405              1.6666666666670000              1.6666666666670000
       0.10250000               0.9998958132875548             -0.0000044547687919              1.0000090270842608              1.5000135406256412              1.6666666666670000              1.6666666666670000
       0.10750000               0.9998946991232369             -0.0000032175278347              1.0000087530989463              1.5000131296476695              1.6666666666670000              1.6666666666670000
       0.11250000               0.9998938840811070             -0.0000011822782076              1.0000079501377015              1.5000119252058020              1.6666666666670000              1.6666666666670000
       0.11750000               0.9998931423504250              0.0000012477436507              1.0000073150630984              1.5000109725938977              1.6666666666670000              1.6666666666670000
       0.12250000               0.9998925717868913              0.0000037109118671              1.0000075478126405              1.5000113217182105              1.6666666666670000              1.6666666666670000
       0.12750000               0.9998932565349280              0.0000061007169753              1.0000090921199847              1.5000136381792268              1.6666666666670000              1.6666666666670000
       0.13250000               0.9998946758762024              0.0000085702571469              1.0000121500734716              1.5000182251094571              1.6666666666670000              1.6666666666670000
       0.13750000               0.9998971273856059              0.0000113261302829              1.0000169732653241              1.5000254598972362              1.6666666666670000              1.6666666666670000
       0.14250000               0.9999017059573140              0.0000146260657710              1.0000238964687320              1.5000358447023481              1.6666666666670000              1.6666666666670000
       0.14750000               0.9999067897617087              0.0000190025557060              1.0000330858250452              1.5000496287368179              1.6666666666670000              1.6666666666670000
       0.15250000               0.9999129117443971              0.0000253212320458              1.0000445073680015              1.5000667610512521              1.6666666666670000              1.6666666666670000
       0.15750000               0.9999220531790827              0.0000346473516213              1.0000581508341819              1.5000872262505229              1.6666666666670000              1.6666666666670000
       0.16250000               0.9999318987888682              0.0000485500182531              1.0000736961041814              1.5001105441555220              1.6666666666670000              1.6666666666670000
       0.16750000               0.9999426234448405              0.0000673359928974              1.0000928599309800              1.5001392898957198              1.6666666666670000              1.6666666666670000
       0.17250000               0.9999589574916493              0.0000906592788997              1.0001186823053905              1.5001780234573354              1.6666666666670000              1.6666666666670000
       0.17750000               0.9999812901604689              0.0001186211104920              1.0001541839954462              1.5002312759924192              1.6666666666670000              1.6666666666670000
       0.18250000               1.0000091592441915              0.0001531984805873              1.0002006006571049              1.5003009009849071              1.6666666666670000              1.6666666666670000
       0.18750000               1.0000447438780504              0.0001966181093895              1.0002595565434356              1.5003893348144031              1.6666666666670000              1.6666666666670000
       0.19250000               1.0000889599340694              0.0002515265602611              1.0003329086163328              1.5004993629237489              1.6666666666670000              1.6666666666670000
       0.19750000               1.0001421535414978              0.0003205981306927              1.0004232970080844              1.5006349455113761              1.6666666666670000              1.6666666666670000
       0.20250000               1.0002077163045104              0.0004063429282852              1.0005344083700936              1.5008016125543902              1.6666666666670000              1.6666666666670000
       0.20750000               1.0002888624723651              0.0005116495991741              1.0006702514422567              1.5010053771626346              1.6666666666670000              1.6666666666670000
       0.21250000               1.0003872017726085              0.0006398034078087              1.0008350614729959              1.5012525922087432              1.6666666666670000              1.6666666666670000
       0.21750000               1.0005056005821422              0.0007945462329655              1.0010330959685212              1.5015496439520311              1.6666666666670000              1.6666666666670000
       0.22250000               1.0006472371714121              0.0009798440296520              1.0012687530145445              1.5019031295210656              1.6666666666670000              1.6666666666670000
       0.22750000               1.0008137913830684              0.0011990374647193              1.0015474354959186              1.5023211532431267              1.6666666666670000              1.6666666666670000
       0.23250000               1.0010096870993235              0.0014550678647365              1.0018749878716307              1.5028124818066948              1.6666666666670000              1.6666666666670000
       0.23750000               1.0012394806076659              0.0017505149495927              1.0022573559638210              1.5033860339449798              1.6666666666670000              1.6666666666670000
       0.24250000               1.0015044495807619              0.0020878111012710              1.0027000179282555              1.5040500268916313              1.6666666666670000              1.6666666666670000
       0.24750000               1.0018058336647320              0.0024718835908037              1.0032042953739662              1.5048064430601968              1.6666666666670000              1.6666666666670000
       0.25250000               1.0021465970300028              0.0029067730483427              1.0037715014788133              1.5056572522174672              1.6666666666670000              1.6666666666670000
       0.25750000               1.0025263164718041              0.0033947376784854              1.0044039384180612              1.5066059076263385              1.6666666666670000              1.6666666666670000
       0.26250000               1.0029453444441494              0.0039366714196461              1.0051042623280688              1.5076563934913494              1.6666666666670000              1.6666666666670000
       0.26750000               1.0034072535231999              0.0045331297266313              1.0058741367462150              1.5088112051185678              1.6666666666670000              1.6666666666670000
       0.27250000               1.0039110936106668              0.0051839337760897              1.0067147863333281              1.5100721794992373              1.6666666666670000              1.6666666666670000
       0.27750000               1.0044560643890137              0.0058884255808700              1.0076267606408058              1.5114401409604530              1.6666666666670000              1.6666666666670000
       0.28250000               1.0050435413169110              0.0066459196776074              1.0086094859247954              1.5129142288864368              1.6666666666670000              1.6666666666670000
       0.28750000               1.0056726224529224              0.0074555869129556              1.0096615755845300              1.5144923633760374              1.6666666666670000              1.6666666666670000
       0.29250000               1.0063412324697998              0.0083160721014287              1.0107814977883398              1.5161722466817515              1.6666666666670000              1.6666666666670000
       0.29750000               1.0070490956314095              0.0092249835833228              1.0119684135353919              1.5179526203023288              1.6666666666670000              1.6666666666670000
       0.30250000               1.0077961187008182              0.0101802620497562              1.0132205626151520              1.5198308439219683              1.6666666666670000              1.6666666666670000
       0.30750000               1.0085789888042858              0.0111815725756737              1.0145335859913354              1.5218003789862418              1.6666666666670000              1.6666666666670000
       0.31250000               1.0093954640926375              0.0122281176338376              1.0159035002582739              1.5238552503866487              1.6666666666670000              1.6666666666670000
       0.31750000               1.0102438531595075              0.0133186392358667              1.0173268062825451              1.5259902094230546              1.6666666666670000              1.6666666666670000
       0.32250000               1.0111219600114023              0.0144504088873335              1.0188019027880566              1.5282028541813206              1.6666666666670000              1.6666666666670000
       0.32750000               1.0120301385739661              0.0156198279291203              1.0203283803403995              1.5304925705098342              1.6666666666670000              1.6666666666670000
       0.33250000               1.0129693970791642              0.0168233264491278              1.0219059079404009              1.5328588619098347              1.6666666666670000              1.6666666666670000
       0.33750000               1.0139356338669165              0.0180593700248352              1.0235316279866422              1.5352974419791958              1.6666666666670000              1.6666666666670000
       0.34250000               1.0149273072534120              0.0193269435639385              1.0252021634865496              1.5378032452290555              1.6666666666670000              1.6666666666670000
       0.34750000               1.0159451884068298              0.0206247821497911              1.0269146533872002              1.5403719800800300              1.6666666666670000              1.6666666666670000
       0.35250000               1.0169857460814435              0.0219514389071528              1.0286666724398803              1.5430000086590490              1.6666666666670000              1.6666666666670000
       0.35750000               1.0180468733208576              0.0233052382693283              1.0304562955091743              1.5456844432629884              1.6666666666670000              1.6666666666670000
       0.36250000               1.0191299172923576              0.0246839374415127              1.0322825562882654              1.5484238344316237              1.6666666666670000              1.6666666666670000
       0.36750000               1.0202321705947055              0.0260863419377674              1.0341433062666607              1.5512149593992155              1.6666666666670000              1.6666666666670000
       0.37250000               1.0213506664171987              0.0275120979323630              1.0360354690948730              1.5540532036415324              1.6666666666670000              1.6666666666670000
       0.37750000               1.0224860081370846              0.0289606272687692              1.0379564493098485              1.5569346739639942              1.6666666666670000              1.6666666666670000
       0.38250000               1.0236372686956863              0.0304305572403498              1.0399048839802045              1.5598573259695268              1.6666666666670000              1.6666666666670000
       0.38750000               1.0248035817514691              0.0319189872123742              1.0418816191572557              1.5628224287351020              1.6666666666670000              1.6666666666670000
       0.39250000               1.0259869455296009              0.0334216654494299              1.0438894816306494              1.5658342224451909              1.6666666666670000              1.6666666666670000
       0.39750000               1.0271867740612641              0.0349386188056158              1.0459257544844596              1.5688886317259048              1.6666666666670000              1.6666666666670000
       0.40250000               1.0283994634492941              0.0364713261683571              1.0479859041429687              1.5719788562136670              1.6666666666670000              1.6666666666670000
       0.40750000               1.0296236881128087              0.0380201202757491              1.0500670422179688              1.5751005633261654              1.6666666666670000              1.6666666666670000
       0.41250000               1.0308591432598708              0.0395840379895772              1.0521681366509621              1.5782522049756540              1.6666666666670000              1.6666666666670000
       0.41750000               1.0321043150803744              0.0411615413311417              1.0542890376484673              1.5814335564719100              1.6666666666670000              1.6666666666670000
       0.42250000               1.0333608765849271              0.0427508529987993              1.0564300327395240              1.5846450491084936              1.6666666666670000              1.6666666666670000
       0.42750000               1.0346280139071002              0.0443518266846914              1.0585893097811629              1.5878839646709506              1.6666666666670000              1.6666666666670000
       0.43250000               1.0359029356248568              0.0459640151229517              1.0607655460822691              1.5911483191226081              1.6666666666670000              1.6666666666670000
       0.43750000               1.0371857089213168              0.0475867401931529              1.0629578021205688              1.5944367031800559              1.6666666666670000              1.6666666666670000
       0.44250000               1.0384791797579098              0.0492187683584739              1.0651659768241981              1.5977489652354984              1.6666666666670000              1.6666666666670000
       0.44750000               1.0397803057974304              0.0508582947193926              1.0673908099556755              1.6010862149327125              1.6666666666670000              1.6666666666670000
       0.45250000               1.0410913114874245              0.0525018207508281              1.0696354217477353              1.6044531326208007              1.6666666666670000              1.6666666666670000
       0.45750000               1.0424112314732963              0.0541504175982112              1.0718967766112271              1.6078451649160364              1.6666666666670000              1.6666666666670000
       0.46250000               1.0437357587889406              0.0558070380267912              1.0741692959239009              1.6112539438850455              1.6666666666670000              1.6666666666670000
       0.46750000               1.0450626788257862              0.0574728999296114              1.0764497769686718              1.6146746654522002              1.6666666666670000              1.6666666666670000
       0.47250000               1.0463944074365588              0.0591467268912158              1.0787384584083946              1.6181076876117826              1.6666666666670000              1.6666666666670000
       0.47750000               1.0477303687802739              0.0608269400114711              1.0810360393699472              1.6215540590541100              1.6666666666670000              1.6666666666670000
       0.48250000               1.0490702711336584              0.0625106507844499              1.0833450374051703              1.6250175561069431              1.6666666666670000              1.6666666666670000
       0.48750000               1.0504168590832796              0.0641964325324738              1.0856660192566623              1.6284990288841792              1.6666666666670000              1.6666666666670000
       0.49250000               1.0517679316538260              0.0658849701799765              1.0879966376710117              1.6319949565057013              1.6666666666670000              1.6666666666670000
       0.49750000               1.0531212391352627              0.0675764704533922              1.0903352125952699              1.6355028188920868              1.6666666666670000              1.6666666666670000
       0.50250000               1.0544787860477194              0.0692706951189539              1.0926806719969842              1.6390210079946566              1.6666666666670000              1.6666666666670000
       0.50750000               1.0558389940125159              0.0709669622338366              1.0950325399348906              1.6425488099015144              1.6666666666670000              1.6666666666670000
       0.51250000               1.0572001831296731              0.0726632553092693              1.0973922265283400              1.6460883397916868              1.6666666666670000              1.6666666666670000
       0.51750000               1.0585679818436617              0.0743581112903610              1.0997602838827611              1.6496404258233168              1.6666666666670000              1.6666666666670000
       0.52250000               1.0599364384522418              0.0760541235265484              1.1021317331794787              1.6531975997683914              1.6666666666670000              1.6666666666670000
       0.52750000               1.0613001194202798              0.0777530014207790              1.1045025745482435              1.6567538618215369              1.6666666666670000              1.6666666666670000
       0.53250000               1.0626647815186565              0.0794547779828427              1.1068712708954853              1.6603069063423976              1.6666666666670000              1.6666666666670000
       0.53750000               1.0640299645996241              0.0811555269725960              1.1092416925984134              1.6638625388967880              1.6666666666670000              1.6666666666670000
       0.54250000               1.0653945789885004              0.0828514919444704              1.1116174016964500              1.6674261025438413              1.6666666666670000              1.6666666666670000
       0.54750000               1.0667630851547654              0.0845404970717393              1.1139999759793129              1.6709999639681339              1.6666666666670000              1.6666666666670000
       0.55250000               1.0681314289603878              0.0862251427899578              1.1163836242382454              1.6745754363565311              1.6666666666670000              1.6666666666670000
       0.55750000               1.0694926331840429              0.0879073253604942              1.1187643807849064              1.6781465711765204              1.6666666666670000              1.6666666666670000
       0.56250000               1.0708546066592153              0.0895872102126623              1.1211390247087529              1.6817085370622884              1.6666666666670000              1.6666666666670000
       0.56750000               1.0722114332530608              0.0912641951064242              1.1235071774504140              1.6852607661747785              1.6666666666670000              1.6666666666670000
       0.57250000               1.0735582778876178              0.0929337918097076              1.1258716882599575              1.6888075323890919              1.6666666666670000              1.6666666666670000
       0.57750000               1.0749109111239228              0.0945935443062862              1.1282339089669207              1.6923508634495346              1.6666666666670000              1.6666666666670000
       0.58250000               1.0762574079933991              0.0962466876926671              1.1305885560109901              1.6958828340156369              1.6666666666670000              1.6666666666670000
       0.58750000               1.0775882220269937              0.0978950075528631              1.1329319146270334              1.6993978719397003              1.6666666666670000              1.6666666666670000
       0.59250000               1.0789221046108832              0.0995382642699796              1.1352665990955009              1.7028998986424000              1.6666666666670000              1.6666666666670000
       0.59750000               1.0802449804225771              0.1011668560612504              1.1375857076435245              1.7063785614644336              1.6666666666670000              1.6666666666670000
       0.60250000               1.0815493710737687              0.1027787180532919              1.1398892846359221              1.7098339269530280              1.6666666666670000              1.6666666666670000
       0.60750000               1.0828468324516267              0.1043552156939069              1.1421664681983590              1.7132497022966819              1.6666666666670000              1.6666666666670000
       0.61250000               1.0841186983889535              0.1058790249422669              1.1443986462364568              1.7165979693538269              1.6666666666670000              1.6666666666670000
       0.61750000               1.0853688917845796              0.1074018836922364              1.1466054188080896              1.7199081282112743              1.6666666666670000              1.6666666666670000
       0.62250000               1.0867491579840509              0.1091249351723016              1.1490397235821583              1.7235595853723757              1.6666666666670000              1.6666666666670000
       0.62750000               1.0884257984040440              0.1111734168380578              1.1519891967161509              1.7279837950733621              1.6666666666670000              1.6666666666670000
       0.63250000               1.0900842946701910              0.1131895102599967              1.1549249564972346              1.7323874347449857              1.6666666666670000              1.6666666666670000
       0.63750000               1.0910019187657178              0.1143191853218604              1.1565488469746759              1.7348232704611461              1.6666666666670000              1.6666666666670000
       0.64250000               1.0905605176617199              0.1138248688369407              1.1557592164118646              1.7336388246169299              1.6666666666670000              1.6666666666670000
       0.64750000               1.0857099503630605              0.1077682494978260              1.1472394504966361              1.7208591757440936              1.6666666666670000              1.6666666666670000
       0.65250000               1.0724690597697726              0.0917230937668914              1.1239912460884509              1.6859868691318332              1.6666666666670000              1.6666666666670000
       0.65750000               1.0445112781062136              0.0566856391397720              1.0755107520779066              1.6132661281160534              1.6666666666670000              1.6666666666670000
       0.66250000               1.0154229478664667              0.0198832377895823              1.0259867209470483              1.5389800814198031              1.6666666666670000              1.6666666666670000
       0.66750000               1.0038261257901380              0.0050913223616471              1.0065955609511057              1.5098933414259035              1.6666666666670000              1.6666666666670000
       0.67250000               1.0011908160321106              0.0017222605407082              1.0022343541206225              1.5033515311801819              1.6666666666670000              1.6666666666670000
       0.67750000               1.0004524162183006              0.0007538640324674              1.0009851876205849              1.5014777814301263              1.6666666666670000              1.6666666666670000
       0.68250000               1.0002147016863241              0.0004350318032209              1.0005734541118638              1.5008601811670452              1.6666666666670000              1.6666666666670000
       0.68750000               1.0001188696691685              0.0003049438319280              1.0004042777333328              1.5006064165992490              1.6666666666670000              1.6666666666670000
       0.69250000               1.0000716009466448              0.0002344025860128              1.0003110996577638              1.5004666494858951              1.6666666666670000              1.6666666666670000
       0.69750000               1.0000489566109507              0.0001844734264429              1.0002441825536994              1.5003662738297989              1.6666666666670000              1.6666666666670000
       0.70250000               1.0000397585298173              0.0001426907776592              1.0001880369547429              1.5002820554313641              1.6666666666670000              1.6666666666670000
       0.70750000               1.0000234143308036              0.0001077817553772              1.0001416372652852              1.5002124558971774              1.6666666666670000              1.6666666666670000
       0.71250000               0.9999951726018019              0.0000807148210878              1.0001069779642504              1.5001604669456252              1.6666666666670000              1.6666666666670000
       0.71750000               0.9999739778760881              0.0000601236584470              1.0000829021579121              1.5001243532361177              1.6666666666670000              1.6666666666670000
       0.72250000               0.9999657240294501              0.0000438776637419              1.0000655924392070              1.5000983886580606              1.6666666666670000              1.6666666666670000
       0.72750000               0.9999614121742909              0.0000308686280684              1.0000522319525671              1.5000783479281006              1.6666666666670000              1.6666666666670000
       0.73250000               0.9999526606882970              0.0000210230186668              1.0000414079449651              1.5000621119166975              1.6666666666670000              1.6666666666670000
       0.73750000               0.9999438638018701              0.0000146904928253              1.0000318557181986              1.5000477835765480              1.6666666666670000              1.6666666666670000
       0.74250000               0.9999380870743361              0.0000112525007478              1.0000231601289069              1.5000347401926102              1.6666666666670000              1.6666666666670000
       0.74750000               0.9999336301440253              0.0000094776043995              1.0000156219641547              1.5000234329454818              1.6666666666670000              1.6666666666670000
       0.75250000               0.9999293650980053              0.0000083479708623              1.0000096591273366              1.5000144886902551              1.6666666666670000              1.6666666666670000
       0.75750000               0.9999250954836139              0.0000071310493680              1.0000056803983077              1.5000085205967113              1.6666666666670000              1.6666666666670000
       0.76250000               0.9999230670146109              0.0000055052702487              1.0000036958548364              1.5000055437815047              1.6666666666670000              1.6666666666670000
       0.76750000               0.9999225388106225              0.0000035777477613              1.0000031985649498              1.5000047978466746              1.6666666666670000              1.6666666666670000
       0.77250000               0.9999217366138669              0.0000014875683318              1.0000037078063269              1.5000055617087400              1.6666666666670000              1.6666666666670000
       0.77750000               0.9999217716303356             -0.0000005213968337              1.0000046979225654              1.5000070468830979              1.6666666666670000              1.6666666666670000
       0.78250000               0.9999240229069928             -0.0000020810978213              1.0000055483486867              1.5000083225222800              1.6666666666670000              1.6666666666670000
       0.78750000               0.9999292546605087             -0.0000027702881672              1.0000056033517735              1.5000084050269100              1.6666666666670000              1.6666666666670000
       0.79250000               0.9999297237436036             -0.0000024275920005              1.0000045644552780              1.5000068466821670              1.6666666666670000              1.6666666666670000
       0.79750000               0.9999258475094308             -0.0000014764251612              1.0000029103676176              1.5000043655506763              1.6666666666670000              1.6666666666670000
       0.80250000               0.9999221789794565             -0.0000004118842460              1.0000012325672036              1.5000018488500557              1.6666666666670000              1.6666666666670000
       0.80750000               0.9999197535057115              0.0000002283539235              1.0000001915730110              1.5000002873587663              1.6666666666670000              1.6666666666670000
       0.81250000               0.9999181696235528             -0.0000000123766953              1.0000003520194685              1.5000005280284527              1.6666666666670000              1.6666666666670000
       0.81750000               0.9999177781490103             -0.0000008745291193              1.0000013601395799              1.5000020402086196              1.6666666666670000              1.6666666666670000
       0.82250000               0.9999185599358517             -0.0000020245151774              1.0000027717347206              1.5000041576013312              1.6666666666670000              1.6666666666670000
       0.82750000               0.9999193190368628             -0.0000031268879843              1.0000041442774183              1.5000062164153773              1.6666666666670000              1.6666666666670000
       0.83250000               0.9999185654637249             -0.0000038826731176              1.0000050851699127              1.5000076277541190              1.6666666666670000              1.6666666666670000
       0.83750000               0.9999172911919785             -0.0000041212738981              1.0000053694418887              1.5000080541620830              1.6666666666670000              1.6666666666670000
       0.84250000               0.9999161062995106             -0.0000038775656214              1.0000050387169366              1.5000075580746548              1.6666666666670000              1.6666666666670000
       0.84750000               0.9999140903293902             -0.0000032580706245              1.0000042280967250              1.5000063421443373              1.6666666666670000              1.6666666666670000
       0.85250000               0.9999121328744850             -0.0000024001709529              1.0000031132561431              1.5000046698834646              1.6666666666670000              1.6666666666670000
       0.85750000               0.9999114144231607             -0.0000015080219400              1.0000019565924674              1.5000029348879509              1.6666666666670000              1.6666666666670000
       0.86250000               0.9999109803054358             -0.0000008407631582              1.0000010918643343              1.5000016377957515              1.6666666666670000              1.6666666666670000
       0.86750000               0.9999095939042906             -0.0000006710752113              1.0000008705686649              1.5000013058522472              1.6666666666670000              1.6666666666670000
       0.87250000               0.9999081095596295             -0.0000014738225914              1.0000019053559834              1.5000028580332250              1.6666666666670000              1.6666666666670000
       0.87750000               0.9999077519338488             -0.0000029710089799              1.0000038371090090              1.5000057556627633              1.6666666666670000              1.6666666666670000
       0.88250000               0.9999071737545951             -0.0000044382638180              1.0000057305697603              1.5000085958538905              1.6666666666670000              1.6666666666670000
       0.88750000               0.9999045461842686             -0.0000052555457170              1.0000067852417613              1.5000101778618917              1.6666666666670000              1.6666666666670000
       0.89250000               0.9999006215114972             -0.0000051728595501              1.0000066783127890              1.5000100174684334              1.6666666666670000              1.6666666666670000
       0.89750000               0.9998957839749423             -0.0000044626361552              1.0000057613656816              1.5000086420477723              1.6666666666670000              1.6666666666670000
       0.90250000               0.9998871677211890             -0.0000033725045543              1.0000043540256867              1.5000065310377799              1.6666666666670000              1.6666666666670000
       0.90750000               0.9998792054435466             -0.0000021768221552              1.0000028104468739              1.5000042156695608              1.6666666666670000              1.6666666666670000
       0.91250000               0.9998801163645112             -0.0000011385583335              1.0000014700726900              1.5000022051082849              1.6666666666670000              1.6666666666670000
       0.91750000               0.9998861256951649             -0.0000004778074012              1.0000006170114801              1.5000009255164704              1.6666666666670000              1.6666666666670000
       0.92250000               0.9998895242323680             -0.0000004080433585              1.0000005268545737              1.5000007902811106              1.6666666666670000              1.6666666666670000
       0.92750000               0.9998945626233697             -0.0000012261532058              1.0000015828908904              1.5000023743355853              1.6666666666670000              1.6666666666670000
       0.93250000               0.9999019932579843             -0.0000027048367502              1.0000034917196372              1.5000052375787056              1.6666666666670000              1.6666666666670000
       0.93750000               0.9999107342665009             -0.0000042464223705              1.0000054818175692              1.5000082227256035              1.6666666666670000              1.6666666666670000
       0.94250000               0.9999133638685989             -0.0000051703174789              1.0000066745580543              1.5000100118363315              1.6666666666670000              1.6666666666670000
       0.94750000               0.9999118665351125             -0.0000049336168879              1.0000063690565424              1.5000095535840634              1.6666666666670000              1.6666666666670000
       0.95250000               0.9999088455175275             -0.0000039647437176              1.0000051183678516              1.5000076775510274              1.6666666666670000              1.6666666666670000
       0.95750000               0.9999060750570889             -0.0000027402727745              1.0000035376883851              1.5000053065318277              1.6666666666670000              1.6666666666670000
       0.96250000               0.9999046999846808             -0.0000018241296809              1.0000023550191763              1.5000035325280145              1.6666666666670000              1.6666666666670000
       0.96750000               0.9999045477669803             -0.0000016246065444              1.0000020974529338              1.5000031461786505              1.6666666666670000              1.6666666666670000
       0.97250000               0.9999043138756371             -0.0000019545197679              1.0000025233546235              1.5000037850311851              1.6666666666670000              1.6666666666670000
       0.97750000               0.9999018546866999             -0.0000026119469083              1.0000033720635091              1.5000050580945135              1.6666666666670000              1.6666666666670000
       0.98250000               0.9999003066515815             -0.0000033875252568              1.0000043733085513              1.5000065599620769              1.6666666666670000              1.6666666666670000
       0.98750000               0.9999002651031864             -0.0000040702347585              1.0000052547139613              1.5000078820701919              1.6666666666670000              1.6666666666670000
       0.99250000               0.9999004657436201             -0.0000045261549949              1.0000058434189500              1.5000087651276752              1.6666666666670000              1.6666666666670000
       0.99750000               0.9999003464912817             -0.0000046866561683              1.0000060508724826              1.5000090763079736              1.6666666666670000              1.6666666666670000
