       0.00250000               1.0000000064645898              0.0000000083457484              1.0000000107743146              1.5000000161607219              1.6666666666670000              1.6666666666670000
       0.00750000               1.0000000042928610              0.0000000055420609              1.0000000071547694              1.5000000107314042              1.6666666666670000              1.6666666666670000
       0.01250000               1.0000000028364899              0.0000000036618937              1.0000000047274846              1.5000000070904771              1.6666666666670000              1.6666666666670000
       0.01750000               1.0000000018648596              0.0000000024075226              1.0000000031080978              1.5000000046613968              1.6666666666670000              1.6666666666670000
       0.02250000               1.0000000012199390              0.0000000015749346              1.0000000020332311              1.5000000030490970              1.6666666666670000              1.6666666666670000
       0.02750000               1.0000000007940624              0.0000000010251307              1.0000000013234378              1.5000000019844069              1.6666666666670000              1.6666666666670000
       0.03250000               1.0000000005142888              0.0000000006639435              1.0000000008571479              1.5000000012849721              1.6666666666670000              1.6666666666670000
       0.03750000               1.0000000003314340              0.0000000004278780              1.0000000005523884              1.5000000008278322              1.6666666666670000              1.6666666666670000
       0.04250000               1.0000000002125122              0.0000000002743508              1.0000000003541856              1.5000000005305285              1.6666666666670000              1.6666666666670000
       0.04750000               1.0000000001355782              0.0000000001750299              1.0000000002259632              1.5000000003381948              1.6666666666670000              1.6666666666670000
       0.05250000               1.0000000000860860              0.0000000001111358              1.0000000001434768              1.5000000002144653              1.6666666666670000              1.6666666666670000
       0.05750000               1.0000000000543869              0.0000000000702116              1.0000000000906448              1.5000000001352172              1.6666666666670000              1.6666666666670000
       0.06250000               1.0000000000341596              0.0000000000440959              1.0000000000569327              1.5000000000846492              1.6666666666670000              1.6666666666670000
       0.06750000               1.0000000000213531              0.0000000000275618              1.0000000000355884              1.5000000000526328              1.6666666666670000              1.6666666666670000
       0.07250000               1.0000000000133260              0.0000000000171924              1.0000000000222093              1.5000000000325640              1.6666666666670000              1.6666666666670000
       0.07750000               1.0000000000082745              0.0000000000106626              1.0000000000137910              1.5000000000199365              1.6666666666670000              1.6666666666670000
       0.08250000               1.0000000000050426              0.0000000000064749              1.0000000000084042              1.5000000000118561              1.6666666666670000              1.6666666666670000
       0.08750000               1.0000000000030236              0.0000000000038402              1.0000000000050395              1.5000000000068094              1.6666666666670000              1.6666666666670000
       0.09250000               1.0000000000019911              0.0000000000024586              1.0000000000033178              1.5000000000042266              1.6666666666670000              1.6666666666670000
       0.09750000               1.0000000000018929              0.0000000000022479              1.0000000000031557              1.5000000000039835              1.6666666666670000              1.6666666666670000
       0.10250000               1.0000000000027325              0.0000000000031861              1.0000000000045528              1.5000000000060791              1.6666666666670000              1.6666666666670000
       0.10750000               1.0000000000045581              0.0000000000053003              1.0000000000075975              1.5000000000106459              1.6666666666670000              1.6666666666670000
       0.11250000               1.0000000000075893              0.0000000000088041              1.0000000000126477              1.5000000000182214              1.6666666666670000              1.6666666666670000
       0.11750000               1.0000000000123539              0.0000000000142890              1.0000000000205891              1.5000000000301337              1.6666666666670000              1.6666666666670000
       0.12250000               1.0000000000198697              0.0000000000228973              1.0000000000331173              1.5000000000489260              1.6666666666670000              1.6666666666670000
       0.12750000               1.0000000000317997              0.0000000000365389              1.0000000000529976              1.5000000000787463              1.6666666666670000              1.6666666666670000
       0.13250000               1.0000000000507006              0.0000000000581440              1.0000000000845015              1.5000000001260023              1.6666666666670000              1.6666666666670000
       0.13750000               1.0000000000804623              0.0000000000921660              1.0000000001341025              1.5000000002004037              1.6666666666670000              1.6666666666670000
       0.14250000               1.0000000001269955              0.0000000001454164              1.0000000002116596              1.5000000003167393              1.6666666666670000              1.6666666666670000
       0.14750000               1.0000000001993310              0.0000000002283506              1.0000000003322180              1.5000000004975769              1.6666666666670000              1.6666666666670000
       0.15250000               1.0000000003111660              0.0000000003569349              1.0000000005186089              1.5000000007771637              1.6666666666670000              1.6666666666670000
       0.15750000               1.0000000004831300              0.0000000005553940              1.0000000008052152              1.5000000012070727              1.6666666666670000              1.6666666666670000
       0.16250000               1.0000000007460967              0.0000000008602600              1.0000000012434918              1.5000000018644877              1.6666666666670000              1.6666666666670000
       0.16750000               1.0000000011460097              0.0000000013263516              1.0000000019100117              1.5000000028642675              1.6666666666670000              1.6666666666670000
       0.17250000               1.0000000017508799              0.0000000020354949              1.0000000029181269              1.5000000043764401              1.6666666666670000              1.6666666666670000
       0.17750000               1.0000000026608169              0.0000000031091895              1.0000000044346777              1.5000000066512666              1.6666666666670000              1.6666666666670000
       0.18250000               1.0000000040223536              0.0000000047268299              1.0000000067038952              1.5000000100550928              1.6666666666670000              1.6666666666670000
       0.18750000               1.0000000060488725              0.0000000071517606              1.0000000100814053              1.5000000151213577              1.6666666666670000              1.6666666666670000
       0.19250000               1.0000000090494119              0.0000000107683652              1.0000000150822681              1.5000000226226520              1.6666666666670000              1.6666666666670000
       0.19750000               1.0000000134691034              0.0000000161345575              1.0000000224483558              1.5000000336717838              1.6666666666670000              1.6666666666670000
       0.20250000               1.0000000199457855              0.0000000240553039              1.0000000332427172              1.5000000498633259              1.6666666666670000              1.6666666666670000
       0.20750000               1.0000000293889673              0.0000000356847553              1.0000000489811687              1.5000000734710028              1.6666666666670000              1.6666666666670000
       0.21250000               1.0000000430886629              0.0000000526680006              1.0000000718136910              1.5000001077197864              1.6666666666670000              1.6666666666670000
       0.21750000               1.0000000628642887              0.0000000773368387              1.0000001047725662              1.5000001571580992              1.6666666666670000              1.6666666666670000
       0.22250000               1.0000000912688503              0.0000001129761232              1.0000001521126867              1.5000002281682798              1.6666666666670000              1.6666666666670000
       0.22750000               1.0000001318679455              0.0000001641828091              1.0000002197765376              1.5000003296640565              1.6666666666670000              1.6666666666670000
       0.23250000               1.0000001896144837              0.0000002373520653              1.0000003160186925              1.5000004740272890              1.6666666666670000              1.6666666666670000
       0.23750000               1.0000002713471055              0.0000003413331535              1.0000004522364767              1.5000006783539650              1.6666666666670000              1.6666666666670000
       0.24250000               1.0000003864575921              0.0000004882970915              1.0000006440822566              1.5000009661226352              1.6666666666670000              1.6666666666670000
       0.24750000               1.0000005477823086              0.0000006948720655              1.0000009129490921              1.5000013694228880              1.6666666666670000              1.6666666666670000
       0.25250000               1.0000007727672826              0.0000009836415232              1.0000012879124429              1.5000019318679143              1.6666666666670000              1.6666666666670000
       0.25750000               1.0000010849719283              0.0000013851184526              1.0000018082362414              1.5000027123536119              1.6666666666670000              1.6666666666670000
       0.26250000               1.0000015160265427              0.0000019402896030              1.0000025266352324              1.5000037899520984              1.6666666666670000              1.6666666666670000
       0.26750000               1.0000021081852195              0.0000027038419424              1.0000035135296510              1.5000052702937265              1.6666666666670000              1.6666666666670000
       0.27250000               1.0000029175839058              0.0000037482844264              1.0000048624751479              1.5000072937119717              1.6666666666670000              1.6666666666670000
       0.27750000               1.0000040183089165              0.0000051692519014              1.0000066969435120              1.5000100454145178              1.6666666666670000              1.6666666666670000
       0.28250000               1.0000055074980465              0.0000070922001841              1.0000091788244607              1.5000137682359409              1.6666666666670000              1.6666666666670000
       0.28750000               1.0000075117751452              0.0000096806805559              1.0000125191501592              1.5000187787244887              1.6666666666670000              1.6666666666670000
       0.29250000               1.0000101952668861              0.0000131465290989              1.0000169914570740              1.5000254871848608              1.6666666666670000              1.6666666666670000
       0.29750000               1.0000137693618676              0.0000177625064710              1.0000229480525216              1.5000344220780324              1.6666666666670000              1.6666666666670000
       0.30250000               1.0000185045990464              0.0000238777008712              1.0000308398313276              1.5000462597462414              1.6666666666670000              1.6666666666670000
       0.30750000               1.0000247450481721              0.0000319361139055              1.0000412402479162              1.5000618603711242              1.6666666666670000              1.6666666666670000
       0.31250000               1.0000329255182194              0.0000424989118380              1.0000548740050164              1.5000823110067745              1.6666666666670000              1.6666666666670000
       0.31750000               1.0000435920060020              0.0000562707677451              1.0000726511479490              1.5001089767211733              1.6666666666670000              1.6666666666670000
       0.32250000               1.0000574256566357              0.0000741308338338              1.0000957070200693              1.5001435605293538              1.6666666666670000              1.6666666666670000
       0.32750000               1.0000752705536622              0.0000971688021137              1.0001254486134725              1.5001881729194586              1.6666666666670000              1.6666666666670000
       0.33250000               1.0000981657116654              0.0001267261912776              1.0001636079426148              1.5002454119131723              1.6666666666670000              1.6666666666670000
       0.33750000               1.0001273814369900              0.0001644431577257              1.0002123027263488              1.5003184540887726              1.6666666666670000              1.6666666666670000
       0.34250000               1.0001644598844350              0.0002123110099647              1.0002741041045884              1.5004111561561322              1.6666666666670000              1.6666666666670000
       0.34750000               1.0002112596259789              0.0002727304328312              1.0003521111022824              1.5005281666526731              1.6666666666670000              1.6666666666670000
       0.35250000               1.0002700048452864              0.0003485733707451              1.0004500328894639              1.5006750493334458              1.6666666666670000              1.6666666666670000
       0.35750000               1.0003433347078838              0.0004432528758141              1.0005722714563861              1.5008584071838287              1.6666666666670000              1.6666666666670000
       0.36250000               1.0004343548223695              0.0005607952588358              1.0007240079417721              1.5010860119119076              1.6666666666670000              1.6666666666670000
       0.36750000               1.0005466996434520              0.0007059001089446              1.0009113074362519              1.5013669611536271              1.6666666666670000              1.6666666666670000
       0.37250000               1.0006845927846533              0.0008839989799488              1.0011412206165644              1.5017118309240955              1.6666666666670000              1.6666666666670000
       0.37750000               1.0008529014465559              0.0011013132442755              1.0014218759967619              1.5021328139943917              1.6666666666670000              1.6666666666670000
       0.38250000               1.0010571773691819              0.0013649108306319              1.0017625502470873              1.5026438253698795              1.6666666666670000              1.6666666666670000
       0.38750000               1.0013037075199216              0.0016827275687982              1.0021737554583607              1.5032606331867893              1.6666666666670000              1.6666666666670000
       0.39250000               1.0015993721543979              0.0020637984879740              1.0026670058923768              1.5040005088378132              1.6666666666670000              1.6666666666670000
       0.39750000               1.0019518054027445              0.0025180592675393              1.0032550903047275              1.5048826354563387              1.6666666666670000              1.6666666666670000
       0.40250000               1.0023693712690975              0.0030563235011571              1.0039520375826565              1.5059280563732318              1.6666666666670000              1.6666666666670000
       0.40750000               1.0028612515536048              0.0036900619727290              1.0047732707063006              1.5071599060586973              1.6666666666670000              1.6666666666670000
       0.41250000               1.0034369317856728              0.0044318704006036              1.0057347569230457              1.5086021353838139              1.6666666666670000              1.6666666666670000
       0.41750000               1.0041067818340259              0.0052944670132447              1.0068539873301259              1.5102809809944338              1.6666666666670000              1.6666666666670000
       0.42250000               1.0048810745811372              0.0062915959307924              1.0081483488709424              1.5122225233056574              1.6666666666670000              1.6666666666670000
       0.42750000               1.0057711341585112              0.0074361389079984              1.0096370565660777              1.5144555848483592              1.6666666666670000              1.6666666666670000
       0.43250000               1.0067870704036310              0.0087425031439623              1.0113373784794606              1.5170060677184325              1.6666666666670000              1.6666666666670000
       0.43750000               1.0079401065489406              0.0102230845719293              1.0132685435992264              1.5199028153980794              1.6666666666670000              1.6666666666670000
       0.44250000               1.0092394148321784              0.0118916748093929              1.0154464572844979              1.5231696859259849              1.6666666666670000              1.6666666666670000
       0.44750000               1.0106956324792573              0.0137583278300213              1.0178896048822994              1.5268344073226858              1.6666666666670000              1.6666666666670000
       0.45250000               1.0123157031435330              0.0158352558408151              1.0206104108469554              1.5309156162696675              1.6666666666670000              1.6666666666670000
       0.45750000               1.0141086421070633              0.0181288211795425              1.0236249210758088              1.5354373816129452              1.6666666666670000              1.6666666666670000
       0.46250000               1.0160784703802417              0.0206478942528492              1.0269409342091722              1.5404114013129879              1.6666666666670000              1.6666666666670000
       0.46750000               1.0182311265456492              0.0233944732349192              1.0305696203970234              1.5458544305947619              1.6666666666670000              1.6666666666670000
       0.47250000               1.0205671337218409              0.0263724851230725              1.0345131633286799              1.5517697449922441              1.6666666666670000              1.6666666666670000
       0.47750000               1.0230877944316976              0.0295794766023106              1.0387751813475379              1.5581627720205278              1.6666666666670000              1.6666666666670000
       0.48250000               1.0257901194410104              0.0330127010955680              1.0433521410868765              1.5650282116295322              1.6666666666670000              1.6666666666670000
       0.48750000               1.0286701024858118              0.0366647116478209              1.0482388570988974              1.5723582856475598              1.6666666666670000              1.6666666666670000
       0.49250000               1.0317206249712332              0.0405258583044582              1.0534248933352950              1.5801373400021521              1.6666666666670000              1.6666666666670000
       0.49750000               1.0349325665913114              0.0445828012778716              1.0588964124593943              1.5883446186882972              1.6666666666670000              1.6666666666670000
       0.50250000               1.0382940078232270              0.0488195460630015              1.0646347346757885              1.5969521020128843              1.6666666666670000              1.6666666666670000
       0.50750000               1.0417906571762490              0.0532169684638412              1.0706170201274297              1.6059255301903415              1.6666666666670000              1.6666666666670000
       0.51250000               1.0454057950023143              0.0577530167267958              1.0768161159278284              1.6152241738909350              1.6666666666670000              1.6666666666670000
       0.51750000               1.0491202928628949              0.0624028867033751              1.0832005016824353              1.6248007525228403              1.6666666666670000              1.6666666666670000
       0.52250000               1.0529126792569161              0.0671391605703702              1.0897343352329703              1.6346015028486380              1.6666666666670000              1.6666666666670000
       0.52750000               1.0567593751518483              0.0719317732387980              1.0963777803516834              1.6445666705267028              1.6666666666670000              1.6666666666670000
       0.53250000               1.0606347127536178              0.0767482540390865              1.1030869988290737              1.6546304982427831              1.6666666666670000              1.6666666666670000
       0.53750000               1.0645109636587509              0.0815539757571539              1.1098141613547234              1.6647212420312529              1.6666666666670000              1.6666666666670000
       0.54250000               1.0683583416660036              0.0863124816229005              1.1165073917764436              1.6747610876638277              1.6666666666670000              1.6666666666670000
       0.54750000               1.0721455689260351              0.0909851429778643              1.1231116969163490              1.6846675453736812              1.6666666666670000              1.6666666666670000
       0.55250000               1.0758393777295170              0.0955321512525079              1.1295680950633671              1.6943521425942036              1.6666666666670000              1.6666666666670000
       0.55750000               1.0794054326478237              0.0999117978751268              1.1358152334151266              1.7037228501218378              1.6666666666670000              1.6666666666670000
       0.56250000               1.0828074953173421              0.1040820103203167              1.1417879344068622              1.7126819016094368              1.6666666666670000              1.6666666666670000
       0.56750000               1.0860097167593077              0.1079981371185673              1.1474212324400841              1.7211318486592655              1.6666666666670000              1.6666666666670000
       0.57250000               1.0889736833815107              0.1116172557766388              1.1526452732891384              1.7289679099328430              1.6666666666670000              1.6666666666670000
       0.57750000               1.0916628476247496              0.1148935881273525              1.1573931848217240              1.7360897772317179              1.6666666666670000              1.6666666666670000
       0.58250000               1.0940382673247602              0.1177847438328404              1.1615936578859689              1.7423904868280820              1.6666666666670000              1.6666666666670000
       0.58750000               1.0960641717834927              0.1202461740824343              1.1651808838243505              1.7477713257356515              1.6666666666670000              1.6666666666670000
       0.59250000               1.0977042632014635              0.1222371420517157              1.1680881987623921              1.7521322981427121              1.6666666666670000              1.6666666666670000
       0.59750000               1.0989253280953568              0.1237179703285475              1.1702546116669168              1.7553819174994976              1.6666666666670000              1.6666666666670000
       0.60250000               1.0996967266685886              0.1246530450058692              1.1716240593630729              1.7574360890437306              1.6666666666670000              1.6666666666670000
       0.60750000               1.0999923212712841              0.1250112616545517              1.1721489943698036              1.7582234915538264              1.6666666666670000              1.6666666666670000
       0.61250000               1.0997907492761896              0.1247671063576358              1.1717910427359739              1.7576865641030821              1.6666666666670000              1.6666666666670000
       0.61750000               1.0990765873867017              0.1239011672067247              1.1705231179167166              1.7557846768741969              1.6666666666670000              1.6666666666670000
       0.62250000               1.0978414018612146              0.1224043398950676              1.1683314628016037              1.7524971942015291              1.6666666666670000              1.6666666666670000
       0.62750000               1.0960882540769290              0.1202746570297468              1.1652235835756382              1.7478353753625833              1.6666666666670000              1.6666666666670000
       0.63250000               1.0938249670713658              0.1175272030377429              1.1612162734778368              1.7418244102158844              1.6666666666670000              1.6666666666670000
       0.63750000               1.0910773502375277              0.1141793008228742              1.1563588443899080              1.7345382665839948              1.6666666666670000              1.6666666666670000
       0.64250000               1.0878710526135373              0.1102743916827824              1.1507008356417041              1.7260512534616932              1.6666666666670000              1.6666666666670000
       0.64750000               1.0842556843999813              0.1058520279320389              1.1443342614989021              1.7165013922474948              1.6666666666670000              1.6666666666670000
       0.65250000               1.0802751915629625              0.1009828691321847              1.1373410684113689              1.7060116026162002              1.6666666666670000              1.6666666666670000
       0.65750000               1.0759993176283327              0.0957263079152284              1.1298480288616017              1.6947720432915550              1.6666666666670000              1.6666666666670000
       0.66250000               1.0714846551639998              0.0901740627145808              1.1219580599800414              1.6829370899692204              1.6666666666670000              1.6666666666670000
       0.66750000               1.0668112192115118              0.0843989138950810              1.1138139198848784              1.6707208798264821              1.6666666666670000              1.6666666666670000
       0.67250000               1.0620432038720169              0.0784967986242340              1.1055294438807095              1.6582941658202350              1.6666666666670000              1.6666666666670000
       0.67750000               1.0572548136858653              0.0725479216022485              1.0972344853333498              1.6458517279992015              1.6666666666670000              1.6666666666670000
       0.68250000               1.0525093496106253              0.0666364323926775              1.0890385658032007              1.6335578487039841              1.6666666666670000              1.6666666666670000
       0.68750000               1.0478670166533841              0.0608353149136133              1.0810445714650796              1.6215668571968087              1.6666666666670000              1.6666666666670000
       0.69250000               1.0433783925429285              0.0552104851451902              1.0733376824116410              1.6100065236166561              1.6666666666670000              1.6666666666670000
       0.69750000               1.0390860730218205              0.0498161896147215              1.0659884937058630              1.5989827405579951              1.6666666666670000              1.6666666666670000
       0.70250000               1.0350229531551163              0.0446960918670289              1.0590503584368698              1.5885755376545103              1.6666666666670000              1.6666666666670000
       0.70750000               1.0312124500079332              0.0398832826849753              1.0525600687194143              1.5788401030783321              1.6666666666670000              1.6666666666670000
       0.71250000               1.0276713564310831              0.0353979730462424              1.0465429712966317              1.5698144569441626              1.6666666666670000              1.6666666666670000
       0.71750000               1.0244054892077283              0.0312550930531434              1.0410057835856765              1.5615086753777341              1.6666666666670000              1.6666666666670000
       0.72250000               1.0214187573265385              0.0274553005472680              1.0359521546936679              1.5539282320397247              1.6666666666670000              1.6666666666670000
       0.72750000               1.0187045223409368              0.0239986675257493              1.0313681340308829              1.5470522010455507              1.6666666666670000              1.6666666666670000
       0.73250000               1.0162563934526800              0.0208736604509441              1.0272405130399180              1.5408607695591066              1.6666666666670000              1.6666666666670000
       0.73750000               1.0140613609491029              0.0180684187480691              1.0235452521283184              1.5353178781917098              1.6666666666670000              1.6666666666670000
       0.74250000               1.0121055955429792              0.0155656953563167              1.0202572779759234              1.5303859169631198              1.6666666666670000              1.6666666666670000
       0.74750000               1.0103736480209387              0.0133458795489636              1.0173491136497126              1.5260236704738059              1.6666666666670000              1.6666666666670000
       0.75250000               1.0088479604444252              0.0113893699759933              1.0147900380085777              1.5221850570121052              1.6666666666670000              1.6666666666670000
       0.75750000               1.0075122060251356              0.0096737189314923              1.0125516592368362              1.5188274888544948              1.6666666666670000              1.6666666666670000
       0.76250000               1.0063483924926009              0.0081785160766000              1.0106030208250980              1.5159045312368888              1.6666666666670000              1.6666666666670000
       0.76750000               1.0053402716428654              0.0068819279644722              1.0089162811328916              1.5133744216985807              1.6666666666670000              1.6666666666670000
       0.77250000               1.0044714007099718              0.0057638914390113              1.0074634320484270              1.5111951480718848              1.6666666666670000              1.6666666666670000
       0.77750000               1.0037264596731328              0.0048049417198339              1.0062184743485059              1.5093277115220041              1.6666666666670000              1.6666666666670000
       0.78250000               1.0030912435518802              0.0039865839228778              1.0051573770871454              1.5077360656299641              1.6666666666670000              1.6666666666670000
       0.78750000               1.0025522076832172              0.0032921140918088              1.0042572954115048              1.5063859431165039              1.6666666666670000              1.6666666666670000
       0.79250000               1.0020972987186954              0.0027056758754311              1.0034979396976806              1.5052469095457681              1.6666666666670000              1.6666666666670000
       0.79750000               1.0017152925714115              0.0022131548821785              1.0028604542818980              1.5042906814220949              1.6666666666670000              1.6666666666670000
       0.80250000               1.0013961881223907              0.0018016439359286              1.0023280623440352              1.5034920935153007              1.6666666666670000              1.6666666666670000
       0.80750000               1.0011310315713298              0.0014595883359305              1.0018857627521547              1.5028286441274805              1.6666666666670000              1.6666666666670000
       0.81250000               1.0009118146864910              0.0011767957068327              1.0015201526693029              1.5022802290032029              1.6666666666670000              1.6666666666670000
       0.81750000               1.0007315493817643              0.0009441888031446              1.0012195460395072              1.5018293190585101              1.6666666666670000              1.6666666666670000
       0.82250000               1.0005840714597802              0.0007538878043217              1.0009736417937776              1.5014604626899157              1.6666666666670000              1.6666666666670000
       0.82750000               1.0004640596344139              0.0005990028224893              1.0007735522577348              1.5011603283858515              1.6666666666670000              1.6666666666670000
       0.83250000               1.0003669046720343              0.0004736143644926              1.0006115825059061              1.5009173737581085              1.6666666666670000              1.6666666666670000
       0.83750000               1.0002886705831728              0.0003726350009259              1.0004811638886306              1.5007217458321958              1.6666666666670000              1.6666666666670000
       0.84250000               1.0002260017088158              0.0002917451581606              1.0003766978618742              1.5005650467920613              1.6666666666670000              1.6666666666670000
       0.84750000               1.0001760673720665              0.0002272881020498              1.0002934628238362              1.5004401942350039              1.6666666666670000              1.6666666666670000
       0.85250000               1.0001364886631547              0.0001761981474390              1.0002274914432212              1.5003412371640816              1.6666666666670000              1.6666666666670000
       0.85750000               1.0001052841653748              0.0001359163304125              1.0001754797599325              1.5002632196391483              1.6666666666670000              1.6666666666670000
       0.86250000               1.0000808115592634              0.0001043243885564              1.0001346895557024              1.5002020343328033              1.6666666666670000              1.6666666666670000
       0.86750000               1.0000617199085398              0.0000796784621021              1.0001028686278071              1.5001543029409605              1.6666666666670000              1.6666666666670000
       0.87250000               1.0000469047401999              0.0000605527519114              1.0000781757875994              1.5001172636806490              1.6666666666670000              1.6666666666670000
       0.87750000               1.0000354686469979              0.0000457892967545              1.0000591151095763              1.5000886726636145              1.6666666666670000              1.6666666666670000
       0.88250000               1.0000266875243513              0.0000344531223541              1.0000444796023464              1.5000667194027695              1.6666666666670000              1.6666666666670000
       0.88750000               1.0000199804680809              0.0000257945002677              1.0000333010015787              1.5000499515016181              1.6666666666670000              1.6666666666670000
       0.89250000               1.0000148845586994              0.0000192157861385              1.0000248077207199              1.5000372115803295              1.6666666666670000              1.6666666666670000
       0.89750000               1.0000110331173233              0.0000142436375096              1.0000183885963825              1.5000275828938237              1.6666666666670000              1.6666666666670000
       0.90250000               1.0000081375114389              0.0000105054546484              1.0000135625557895              1.5000203438329343              1.6666666666670000              1.6666666666670000
       0.90750000               1.0000059719444356              0.0000077097306071              1.0000099532605033              1.5000149298900050              1.6666666666670000              1.6666666666670000
       0.91250000               1.0000043608386802              0.0000056298102534              1.0000072680750121              1.5000109021117680              1.6666666666670000              1.6666666666670000
       0.91750000               1.0000031685033288              0.0000040905158936              1.0000052808444462              1.5000079212659192              1.6666666666670000              1.6666666666670000
       0.92250000               1.0000022906984929              0.0000029572765924              1.0000038178337305              1.5000057267498457              1.6666666666670000              1.6666666666670000
       0.92750000               1.0000016478249094              0.0000021273316814              1.0000027463763557              1.5000041195637837              1.6666666666670000              1.6666666666670000
       0.93250000               1.0000011794607251              0.0000015226766072              1.0000019657686459              1.5000029486522188              1.6666666666670000              1.6666666666670000
       0.93750000               1.0000008400111371              0.0000010844494011              1.0000014000189525              1.5000021000276786              1.6666666666670000              1.6666666666670000
       0.94250000               1.0000005952723148              0.0000007684931046              1.0000009921207216              1.5000014881803323              1.6666666666670000              1.6666666666670000
       0.94750000               1.0000004197351684              0.0000005418756890              1.0000006995587114              1.5000010493373168              1.6666666666670000              1.6666666666670000
       0.95250000               1.0000002944855677              0.0000003801791971              1.0000004908093283              1.5000007362132424              1.6666666666670000              1.6666666666670000
       0.95750000               1.0000002055803690              0.0000002654030962              1.0000003426339719              1.5000005139502077              1.6666666666670000              1.6666666666670000
       0.96250000               1.0000001428000012              0.0000001843539998              1.0000002380000128              1.5000003569992690              1.6666666666670000              1.6666666666670000
       0.96750000               1.0000000986969446              0.0000001274172040              1.0000001644949137              1.5000002467416202              1.6666666666670000              1.6666666666670000
       0.97250000               1.0000000678747325              0.0000000876259006              1.0000001131245562              1.5000001696860843              1.6666666666670000              1.6666666666670000
       0.97750000               1.0000000464452641              0.0000000599605767              1.0000000774087747              1.5000001161124121              1.6666666666670000              1.6666666666670000
       0.98250000               1.0000000316230417              0.0000000408251708              1.0000000527050699              1.5000000790568548              1.6666666666670000              1.6666666666670000
       0.98750000               1.0000000214237117              0.0000000276578932              1.0000000357061867              1.5000000535585301              1.6666666666670000              1.6666666666670000
       0.99250000               1.0000000144415755              0.0000000186439933              1.0000000240692923              1.5000000361031884              1.6666666666670000              1.6666666666670000
       0.99750000               1.0000000096864190              0.0000000125051136              1.0000000161440321              1.5000000242152982              1.6666666666670000              1.6666666666670000
