       0.00250000               1.1389096050144920              0.9999999999999994              0.5999999999998814              0.8999999999993721              1.6666666666670000              1.6666666666670000
       0.00750000               1.1203952811789828              0.9999999999999984              0.5999999999998822              0.8999999999993732              1.6666666666670000              1.6666666666670000
       0.01250000               1.1038275742182739              1.0000000000000007              0.5999999999998791              0.8999999999993686              1.6666666666670000              1.6666666666670000
       0.01750000               1.0890927183132277              1.0000000000000038              0.5999999999998772              0.8999999999993658              1.6666666666670000              1.6666666666670000
       0.02250000               1.0760673432225274              1.0000000000000004              0.5999999999998795              0.8999999999993693              1.6666666666670000              1.6666666666670000
       0.02750000               1.0646221153741797              0.9999999999999967              0.5999999999998842              0.8999999999993763              1.6666666666670000              1.6666666666670000
       0.03250000               1.0546249940807995              1.0000000000000002              0.5999999999998802              0.8999999999993702              1.6666666666670000              1.6666666666670000
       0.03750000               1.0459440688467043              1.0000000000000027              0.5999999999998784              0.8999999999993676              1.6666666666670000              1.6666666666670000
       0.04250000               1.0384499622645911              1.0000000000000002              0.5999999999998806              0.8999999999993709              1.6666666666670000              1.6666666666670000
       0.04750000               1.0320177993002986              1.0000000000000009              0.5999999999998799              0.8999999999993697              1.6666666666670000              1.6666666666670000
       0.05250000               1.0265287575175386              1.0000000000000018              0.5999999999998783              0.8999999999993674              1.6666666666670000              1.6666666666670000
       0.05750000               1.0218712238481293              0.9999999999999998              0.5999999999998804              0.8999999999993706              1.6666666666670000              1.6666666666670000
       0.06250000               1.0179415918523833              0.9999999999999980              0.5999999999998822              0.8999999999993732              1.6666666666670000              1.6666666666670000
       0.06750000               1.0146447391396276              0.9999999999999989              0.5999999999998816              0.8999999999993725              1.6666666666670000              1.6666666666670000
       0.07250000               1.0118942279302576              0.9999999999999996              0.5999999999998809              0.8999999999993713              1.6666666666670000              1.6666666666670000
       0.07750000               1.0096122729150194              0.9999999999999998              0.5999999999998802              0.8999999999993703              1.6666666666670000              1.6666666666670000
       0.08250000               1.0077295199327225              1.0000000000000013              0.5999999999998789              0.8999999999993682              1.6666666666670000              1.6666666666670000
       0.08750000               1.0061846768976190              1.0000000000000004              0.5999999999998802              0.8999999999993702              1.6666666666670000              1.6666666666670000
       0.09250000               1.0049240352170188              0.9999999999999984              0.5999999999998821              0.8999999999993730              1.6666666666670000              1.6666666666670000
       0.09750000               1.0039009159857908              0.9999999999999996              0.5999999999998811              0.8999999999993714              1.6666666666670000              1.6666666666670000
       0.10250000               1.0030750708334810              1.0000000000000016              0.5999999999998787              0.8999999999993681              1.6666666666670000              1.6666666666670000
       0.10750000               1.0024120626993978              0.9999999999999996              0.5999999999998810              0.8999999999993715              1.6666666666670000              1.6666666666670000
       0.11250000               1.0018826472436231              1.0000000000000011              0.5999999999998795              0.8999999999993692              1.6666666666670000              1.6666666666670000
       0.11750000               1.0014621712441147              0.9999999999999984              0.5999999999998825              0.8999999999993739              1.6666666666670000              1.6666666666670000
       0.12250000               1.0011300003119521              0.9999999999999987              0.5999999999998817              0.8999999999993726              1.6666666666670000              1.6666666666670000
       0.12750000               1.0008689846672432              1.0000000000000029              0.5999999999998777              0.8999999999993665              1.6666666666670000              1.6666666666670000
       0.13250000               1.0006649686061986              0.9999999999999996              0.5999999999998809              0.8999999999993712              1.6666666666670000              1.6666666666670000
       0.13750000               1.0005063466742785              0.9999999999999984              0.5999999999998815              0.8999999999993723              1.6666666666670000              1.6666666666670000
       0.14250000               1.0003836674327871              1.0000000000000022              0.5999999999998780              0.8999999999993669              1.6666666666670000              1.6666666666670000
       0.14750000               1.0002892840389355              1.0000000000000000              0.5999999999998806              0.8999999999993709              1.6666666666670000              1.6666666666670000
       0.15250000               1.0002170496112628              1.0000000000000009              0.5999999999998796              0.8999999999993693              1.6666666666670000              1.6666666666670000
       0.15750000               1.0001620544731402              1.0000000000000013              0.5999999999998796              0.8999999999993693              1.6666666666670000              1.6666666666670000
       0.16250000               1.0001204018023822              1.0000000000000004              0.5999999999998802              0.8999999999993703              1.6666666666670000              1.6666666666670000
       0.16750000               1.0000890179106132              1.0000000000000011              0.5999999999998790              0.8999999999993683              1.6666666666670000              1.6666666666670000
       0.17250000               1.0000654932787032              1.0000000000000000              0.5999999999998796              0.8999999999993694              1.6666666666670000              1.6666666666670000
       0.17750000               1.0000479505359279              1.0000000000000002              0.5999999999998800              0.8999999999993699              1.6666666666670000              1.6666666666670000
       0.18250000               1.0000349357475600              0.9999999999999982              0.5999999999998816              0.8999999999993723              1.6666666666670000              1.6666666666670000
       0.18750000               1.0000253296314823              1.0000000000000000              0.5999999999998794              0.8999999999993692              1.6666666666670000              1.6666666666670000
       0.19250000               1.0000182756287954              1.0000000000000022              0.5999999999998777              0.8999999999993665              1.6666666666670000              1.6666666666670000
       0.19750000               1.0000131220813360              1.0000000000000007              0.5999999999998795              0.8999999999993692              1.6666666666670000              1.6666666666670000
       0.20250000               1.0000093761014821              1.0000000000000007              0.5999999999998792              0.8999999999993687              1.6666666666670000              1.6666666666670000
       0.20750000               1.0000066670421615              0.9999999999999987              0.5999999999998815              0.8999999999993722              1.6666666666670000              1.6666666666670000
       0.21250000               1.0000047177781439              1.0000000000000018              0.5999999999998790              0.8999999999993683              1.6666666666670000              1.6666666666670000
       0.21750000               1.0000033222880196              1.0000000000000013              0.5999999999998789              0.8999999999993683              1.6666666666670000              1.6666666666670000
       0.22250000               1.0000023282761432              1.0000000000000009              0.5999999999998793              0.8999999999993690              1.6666666666670000              1.6666666666670000
       0.22750000               1.0000016237940905              1.0000000000000002              0.5999999999998799              0.8999999999993696              1.6666666666670000              1.6666666666670000
       0.23250000               1.0000011270110480              0.9999999999999993              0.5999999999998813              0.8999999999993720              1.6666666666670000              1.6666666666670000
       0.23750000               1.0000007784438918              1.0000000000000022              0.5999999999998781              0.8999999999993670              1.6666666666670000              1.6666666666670000
       0.24250000               1.0000005350935126              0.9999999999999996              0.5999999999998807              0.8999999999993711              1.6666666666670000              1.6666666666670000
       0.24750000               1.0000003660474055              1.0000000000000000              0.5999999999998801              0.8999999999993701              1.6666666666670000              1.6666666666670000
       0.25250000               1.0000002492028810              0.9999999999999976              0.5999999999998832              0.8999999999993746              1.6666666666670000              1.6666666666670000
       0.25750000               1.0000001688413371              0.9999999999999993              0.5999999999998810              0.8999999999993714              1.6666666666670000              1.6666666666670000
       0.26250000               1.0000001138447285              0.9999999999999998              0.5999999999998804              0.8999999999993707              1.6666666666670000              1.6666666666670000
       0.26750000               1.0000000763923160              0.9999999999999991              0.5999999999998809              0.8999999999993713              1.6666666666670000              1.6666666666670000
       0.27250000               1.0000000510133757              1.0000000000000000              0.5999999999998800              0.8999999999993700              1.6666666666670000              1.6666666666670000
       0.27750000               1.0000000339017847              0.9999999999999996              0.5999999999998805              0.8999999999993707              1.6666666666670000              1.6666666666670000
       0.28250000               1.0000000224228134              0.9999999999999989              0.5999999999998810              0.8999999999993713              1.6666666666670000              1.6666666666670000
       0.28750000               1.0000000147610952              0.9999999999999996              0.5999999999998810              0.8999999999993714              1.6666666666670000              1.6666666666670000
       0.29250000               1.0000000096718624              0.9999999999999987              0.5999999999998807              0.8999999999993711              1.6666666666670000              1.6666666666670000
       0.29750000               1.0000000063065793              0.9999999999999980              0.5999999999998817              0.8999999999993726              1.6666666666670000              1.6666666666670000
       0.30250000               1.0000000040909405              0.9999999999999989              0.5999999999998807              0.8999999999993711              1.6666666666670000              1.6666666666670000
       0.30750000               1.0000000026391658              0.9999999999999989              0.5999999999998809              0.8999999999993713              1.6666666666670000              1.6666666666670000
       0.31250000               1.0000000016935240              1.0000000000000002              0.5999999999998796              0.8999999999993693              1.6666666666670000              1.6666666666670000
       0.31750000               1.0000000010820673              0.9999999999999998              0.5999999999998803              0.8999999999993704              1.6666666666670000              1.6666666666670000
       0.32250000               1.0000000006897740              0.9999999999999993              0.5999999999998811              0.8999999999993715              1.6666666666670000              1.6666666666670000
       0.32750000               1.0000000004395448              1.0000000000000002              0.5999999999998792              0.8999999999993686              1.6666666666670000              1.6666666666670000
       0.33250000               1.0000000002800058              1.0000000000000016              0.5999999999998776              0.8999999999993664              1.6666666666670000              1.6666666666670000
       0.33750000               1.0000000001775482              1.0000000000000036              0.5999999999998761              0.8999999999993642              1.6666666666670000              1.6666666666670000
       0.34250000               1.0000000001108873              0.9999999999999973              0.5999999999998830              0.8999999999993744              1.6666666666670000              1.6666666666670000
       0.34750000               1.0000000000671383              1.0000000000000004              0.5999999999998794              0.8999999999993691              1.6666666666670000              1.6666666666670000
       0.35250000               1.0000000000390883              1.0000000000000000              0.5999999999998802              0.8999999999993702              1.6666666666670000              1.6666666666670000
       0.35750000               1.0000000000231501              1.0000000000000018              0.5999999999998785              0.8999999999993676              1.6666666666670000              1.6666666666670000
       0.36250000               1.0000000000179490              0.9999999999999962              0.5999999999998845              0.8999999999993767              1.6666666666670000              1.6666666666670000
       0.36750000               1.0000000000232689              0.9999999999999984              0.5999999999998816              0.8999999999993724              1.6666666666670000              1.6666666666670000
       0.37250000               1.0000000000397353              0.9999999999999980              0.5999999999998820              0.8999999999993729              1.6666666666670000              1.6666666666670000
       0.37750000               1.0000000000692237              0.9999999999999987              0.5999999999998807              0.8999999999993711              1.6666666666670000              1.6666666666670000
       0.38250000               1.0000000001158724              0.9999999999999993              0.5999999999998802              0.8999999999993701              1.6666666666670000              1.6666666666670000
       0.38750000               1.0000000001874934              1.0000000000000007              0.5999999999998791              0.8999999999993685              1.6666666666670000              1.6666666666670000
       0.39250000               1.0000000002975928              0.9999999999999993              0.5999999999998804              0.8999999999993705              1.6666666666670000              1.6666666666670000
       0.39750000               1.0000000004682721              1.0000000000000009              0.5999999999998793              0.8999999999993689              1.6666666666670000              1.6666666666670000
       0.40250000               1.0000000007344800              1.0000000000000013              0.5999999999998793              0.8999999999993689              1.6666666666670000              1.6666666666670000
       0.40750000               1.0000000011501535              0.9999999999999984              0.5999999999998820              0.8999999999993730              1.6666666666670000              1.6666666666670000
       0.41250000               1.0000000017972177              0.9999999999999993              0.5999999999998807              0.8999999999993710              1.6666666666670000              1.6666666666670000
       0.41750000               1.0000000027989742              0.9999999999999980              0.5999999999998817              0.8999999999993725              1.6666666666670000              1.6666666666670000
       0.42250000               1.0000000043400958              0.9999999999999991              0.5999999999998805              0.8999999999993709              1.6666666666670000              1.6666666666670000
       0.42750000               1.0000000066965453              1.0000000000000016              0.5999999999998789              0.8999999999993683              1.6666666666670000              1.6666666666670000
       0.43250000               1.0000000102796658              0.9999999999999991              0.5999999999998812              0.8999999999993716              1.6666666666670000              1.6666666666670000
       0.43750000               1.0000000157002900              0.9999999999999971              0.5999999999998832              0.8999999999993749              1.6666666666670000              1.6666666666670000
       0.44250000               1.0000000238609339              1.0000000000000011              0.5999999999998791              0.8999999999993685              1.6666666666670000              1.6666666666670000
       0.44750000               1.0000000360873982              0.9999999999999967              0.5999999999998834              0.8999999999993750              1.6666666666670000              1.6666666666670000
       0.45250000               1.0000000543157492              0.9999999999999987              0.5999999999998806              0.8999999999993709              1.6666666666670000              1.6666666666670000
       0.45750000               1.0000000813572685              0.9999999999999991              0.5999999999998809              0.8999999999993713              1.6666666666670000              1.6666666666670000
       0.46250000               1.0000001212719016              1.0000000000000004              0.5999999999998793              0.8999999999993690              1.6666666666670000              1.6666666666670000
       0.46750000               1.0000001798918503              0.9999999999999969              0.5999999999998825              0.8999999999993737              1.6666666666670000              1.6666666666670000
       0.47250000               1.0000002655507221              1.0000000000000004              0.5999999999998793              0.8999999999993690              1.6666666666670000              1.6666666666670000
       0.47750000               1.0000003900924022              1.0000000000000016              0.5999999999998782              0.8999999999993672              1.6666666666670000              1.6666666666670000
       0.48250000               1.0000005702578845              1.0000000000000013              0.5999999999998777              0.8999999999993666              1.6666666666670000              1.6666666666670000
       0.48750000               1.0000008295801848              0.9999999999999996              0.5999999999998794              0.8999999999993692              1.6666666666670000              1.6666666666670000
       0.49250000               1.0000012009576305              0.9999999999999982              0.5999999999998814              0.8999999999993721              1.6666666666670000              1.6666666666670000
       0.49750000               1.0000017301268289              1.0000000000000000              0.5999999999998789              0.8999999999993682              1.6666666666670000              1.6666666666670000
       0.50250000               1.0000024803201690              0.9999999999999996              0.5999999999998800              0.8999999999993699              1.6666666666670000              1.6666666666670000
       0.50750000               1.0000035384715145              1.0000000000000009              0.5999999999998782              0.8999999999993673              1.6666666666670000              1.6666666666670000
       0.51250000               1.0000050234307358              0.9999999999999973              0.5999999999998820              0.8999999999993729              1.6666666666670000              1.6666666666670000
       0.51750000               1.0000070967654433              0.9999999999999987              0.5999999999998802              0.8999999999993702              1.6666666666670000              1.6666666666670000
       0.52250000               1.0000099768699957              1.0000000000000009              0.5999999999998789              0.8999999999993683              1.6666666666670000              1.6666666666670000
       0.52750000               1.0000139572693592              0.9999999999999987              0.5999999999998804              0.8999999999993705              1.6666666666670000              1.6666666666670000
       0.53250000               1.0000194302014613              0.9999999999999984              0.5999999999998801              0.8999999999993701              1.6666666666670000              1.6666666666670000
       0.53750000               1.0000269167870954              0.9999999999999998              0.5999999999998802              0.8999999999993703              1.6666666666670000              1.6666666666670000
       0.54250000               1.0000371053516268              1.0000000000000000              0.5999999999998791              0.8999999999993686              1.6666666666670000              1.6666666666670000
       0.54750000               1.0000508997463982              1.0000000000000007              0.5999999999998791              0.8999999999993686              1.6666666666670000              1.6666666666670000
       0.55250000               1.0000694798254701              0.9999999999999980              0.5999999999998810              0.8999999999993714              1.6666666666670000              1.6666666666670000
       0.55750000               1.0000943765584791              1.0000000000000018              0.5999999999998779              0.8999999999993668              1.6666666666670000              1.6666666666670000
       0.56250000               1.0001275645923500              1.0000000000000011              0.5999999999998785              0.8999999999993679              1.6666666666670000              1.6666666666670000
       0.56750000               1.0001715753984985              1.0000000000000004              0.5999999999998797              0.8999999999993695              1.6666666666670000              1.6666666666670000
       0.57250000               1.0002296344385133              0.9999999999999987              0.5999999999998803              0.8999999999993704              1.6666666666670000              1.6666666666670000
       0.57750000               1.0003058260232023              0.9999999999999989              0.5999999999998806              0.8999999999993709              1.6666666666670000              1.6666666666670000
       0.58250000               1.0004052896957745              1.0000000000000009              0.5999999999998787              0.8999999999993681              1.6666666666670000              1.6666666666670000
       0.58750000               1.0005344520015889              1.0000000000000011              0.5999999999998783              0.8999999999993674              1.6666666666670000              1.6666666666670000
       0.59250000               1.0007012973717271              1.0000000000000002              0.5999999999998797              0.8999999999993695              1.6666666666670000              1.6666666666670000
       0.59750000               1.0009156814962381              1.0000000000000007              0.5999999999998787              0.8999999999993680              1.6666666666670000              1.6666666666670000
       0.60250000               1.0011896899405373              0.9999999999999984              0.5999999999998816              0.8999999999993724              1.6666666666670000              1.6666666666670000
       0.60750000               1.0015380438083625              1.0000000000000002              0.5999999999998792              0.8999999999993687              1.6666666666670000              1.6666666666670000
       0.61250000               1.0019785529250658              0.9999999999999993              0.5999999999998804              0.8999999999993705              1.6666666666670000              1.6666666666670000
       0.61750000               1.0025326152609042              1.0000000000000002              0.5999999999998792              0.8999999999993687              1.6666666666670000              1.6666666666670000
       0.62250000               1.0032257590985532              1.0000000000000013              0.5999999999998782              0.8999999999993672              1.6666666666670000              1.6666666666670000
       0.62750000               1.0040882217415037              0.9999999999999996              0.5999999999998803              0.8999999999993704              1.6666666666670000              1.6666666666670000
       0.63250000               1.0051555553498426              0.9999999999999993              0.5999999999998799              0.8999999999993699              1.6666666666670000              1.6666666666670000
       0.63750000               1.0064692468019951              1.0000000000000000              0.5999999999998792              0.8999999999993687              1.6666666666670000              1.6666666666670000
       0.64250000               1.0080773343872502              0.9999999999999991              0.5999999999998806              0.8999999999993710              1.6666666666670000              1.6666666666670000
       0.64750000               1.0100349997421225              0.9999999999999987              0.5999999999998814              0.8999999999993720              1.6666666666670000              1.6666666666670000
       0.65250000               1.0124051088808994              0.9999999999999984              0.5999999999998822              0.8999999999993732              1.6666666666670000              1.6666666666670000
       0.65750000               1.0152586715902217              0.9999999999999991              0.5999999999998806              0.8999999999993710              1.6666666666670000              1.6666666666670000
       0.66250000               1.0186751840759241              0.9999999999999998              0.5999999999998804              0.8999999999993705              1.6666666666670000              1.6666666666670000
       0.66750000               1.0227428158786303              1.0000000000000000              0.5999999999998797              0.8999999999993694              1.6666666666670000              1.6666666666670000
       0.67250000               1.0275583990899380              0.9999999999999987              0.5999999999998806              0.8999999999993711              1.6666666666670000              1.6666666666670000
       0.67750000               1.0332271761585734              0.9999999999999998              0.5999999999998800              0.8999999999993699              1.6666666666670000              1.6666666666670000
       0.68250000               1.0398622623448701              1.0000000000000000              0.5999999999998797              0.8999999999993695              1.6666666666670000              1.6666666666670000
       0.68750000               1.0475837803891916              0.9999999999999996              0.5999999999998809              0.8999999999993712              1.6666666666670000              1.6666666666670000
       0.69250000               1.0565176285197477              1.0000000000000011              0.5999999999998790              0.8999999999993683              1.6666666666670000              1.6666666666670000
       0.69750000               1.0667938489912896              0.9999999999999992              0.5999999999998807              0.8999999999993711              1.6666666666670000              1.6666666666670000
       0.70250000               1.0785445733457373              0.9999999999999996              0.5999999999998801              0.8999999999993701              1.6666666666670000              1.6666666666670000
       0.70750000               1.0919015326046271              0.9999999999999990              0.5999999999998806              0.8999999999993709              1.6666666666670000              1.6666666666670000
       0.71250000               1.1069931352191023              0.9999999999999988              0.5999999999998813              0.8999999999993720              1.6666666666670000              1.6666666666670000
       0.71750000               1.1239411321314461              1.0000000000000007              0.5999999999998791              0.8999999999993686              1.6666666666670000              1.6666666666670000
       0.72250000               1.1428569063259342              1.0000000000000004              0.5999999999998800              0.8999999999993697              1.6666666666670000              1.6666666666670000
       0.72750000               1.1638374439105543              0.9999999999999998              0.5999999999998799              0.8999999999993696              1.6666666666670000              1.6666666666670000
       0.73250000               1.1869610653451703              0.9999999999999991              0.5999999999998802              0.8999999999993703              1.6666666666670000              1.6666666666670000
       0.73750000               1.2122830182969180              1.0000000000000002              0.5999999999998799              0.8999999999993697              1.6666666666670000              1.6666666666670000
       0.74250000               1.2398310555567873              0.9999999999999998              0.5999999999998797              0.8999999999993696              1.6666666666670000              1.6666666666670000
       0.74750000               1.2696011392963462              0.9999999999999993              0.5999999999998810              0.8999999999993714              1.6666666666670000              1.6666666666670000
       0.75250000               1.3015534243831424              0.9999999999999997              0.5999999999998802              0.8999999999993703              1.6666666666670000              1.6666666666670000
       0.75750000               1.3356086789162620              1.0000000000000000              0.5999999999998799              0.8999999999993697              1.6666666666670000              1.6666666666670000
       0.76250000               1.3716453025405464              0.9999999999999996              0.5999999999998804              0.8999999999993705              1.6666666666670000              1.6666666666670000
       0.76750000               1.4094971051149379              0.9999999999999999              0.5999999999998797              0.8999999999993695              1.6666666666670000              1.6666666666670000
       0.77250000               1.4489520085339325              0.9999999999999996              0.5999999999998807              0.8999999999993710              1.6666666666670000              1.6666666666670000
       0.77750000               1.4897518260200702              1.0000000000000000              0.5999999999998796              0.8999999999993694              1.6666666666670000              1.6666666666670000
       0.78250000               1.5315932470193205              1.0000000000000000              0.5999999999998795              0.8999999999993693              1.6666666666670000              1.6666666666670000
       0.78750000               1.5741301080536287              1.0000000000000002              0.5999999999998791              0.8999999999993686              1.6666666666670000              1.6666666666670000
       0.79250000               1.6169769679086190              1.0000000000000002              0.5999999999998796              0.8999999999993693              1.6666666666670000              1.6666666666670000
       0.79750000               1.6597139474257732              1.0000000000000009              0.5999999999998796              0.8999999999993694              1.6666666666670000              1.6666666666670000
       0.80250000               1.7018927591811419              1.0000000000000004              0.5999999999998794              0.8999999999993692              1.6666666666670000              1.6666666666670000
       0.80750000               1.7430438468919762              1.0000000000000002              0.5999999999998800              0.8999999999993699              1.6666666666670000              1.6666666666670000
       0.81250000               1.7826845627996843              1.0000000000000000              0.5999999999998800              0.8999999999993700              1.6666666666670000              1.6666666666670000
       0.81750000               1.8203282995858718              0.9999999999999994              0.5999999999998809              0.8999999999993713              1.6666666666670000              1.6666666666670000
       0.82250000               1.8554944275961347              0.9999999999999996              0.5999999999998805              0.8999999999993707              1.6666666666670000              1.6666666666670000
       0.82750000               1.8877187581614219              0.9999999999999997              0.5999999999998804              0.8999999999993705              1.6666666666670000              1.6666666666670000
       0.83250000               1.9165640887200182              0.9999999999999998              0.5999999999998805              0.8999999999993706              1.6666666666670000              1.6666666666670000
       0.83750000               1.9416302493265505              0.9999999999999997              0.5999999999998811              0.8999999999993715              1.6666666666670000              1.6666666666670000
       0.84250000               1.9625630388366411              0.9999999999999998              0.5999999999998803              0.8999999999993705              1.6666666666670000              1.6666666666670000
       0.84750000               1.9790615731173480              0.9999999999999997              0.5999999999998805              0.8999999999993709              1.6666666666670000              1.6666666666670000
       0.85250000               1.9908839085104633              1.0000000000000002              0.5999999999998801              0.8999999999993701              1.6666666666670000              1.6666666666670000
       0.85750000               1.9978514432574297              1.0000000000000002              0.5999999999998801              0.8999999999993702              1.6666666666670000              1.6666666666670000
       0.86250000               1.9998538111804225              1.0000000000000004              0.5999999999998802              0.8999999999993703              1.6666666666670000              1.6666666666670000
       0.86750000               1.9968569667376899              0.9999999999999989              0.5999999999998811              0.8999999999993714              1.6666666666670000              1.6666666666670000
       0.87250000               1.9889091575421520              0.9999999999999984              0.5999999999998814              0.8999999999993721              1.6666666666670000              1.6666666666670000
       0.87750000               1.9761345873824796              0.9999999999999991              0.5999999999998814              0.8999999999993720              1.6666666666670000              1.6666666666670000
       0.88250000               1.9587257021314020              0.9999999999999997              0.5999999999998809              0.8999999999993712              1.6666666666670000              1.6666666666670000
       0.88750000               1.9369378336545771              0.9999999999999999              0.5999999999998810              0.8999999999993714              1.6666666666670000              1.6666666666670000
       0.89250000               1.9110840491822927              1.0000000000000002              0.5999999999998796              0.8999999999993693              1.6666666666670000              1.6666666666670000
       0.89750000               1.8815288877656433              1.0000000000000004              0.5999999999998791              0.8999999999993685              1.6666666666670000              1.6666666666670000
       0.90250000               1.8486806436267369              1.0000000000000007              0.5999999999998790              0.8999999999993684              1.6666666666670000              1.6666666666670000
       0.90750000               1.8129823342808298              1.0000000000000009              0.5999999999998781              0.8999999999993671              1.6666666666670000              1.6666666666670000
       0.91250000               1.7749017604578354              1.0000000000000009              0.5999999999998784              0.8999999999993678              1.6666666666670000              1.6666666666670000
       0.91750000               1.7349211594727703              1.0000000000000007              0.5999999999998789              0.8999999999993683              1.6666666666670000              1.6666666666670000
       0.92250000               1.6935269322357664              1.0000000000000013              0.5999999999998781              0.8999999999993672              1.6666666666670000              1.6666666666670000
       0.92750000               1.6511998378814274              1.0000000000000013              0.5999999999998782              0.8999999999993672              1.6666666666670000              1.6666666666670000
       0.93250000               1.6084059457190598              1.0000000000000004              0.5999999999998791              0.8999999999993685              1.6666666666670000              1.6666666666670000
       0.93750000               1.5655885442477326              1.0000000000000020              0.5999999999998776              0.8999999999993664              1.6666666666670000              1.6666666666670000
       0.94250000               1.5231611435191930              1.0000000000000007              0.5999999999998792              0.8999999999993686              1.6666666666670000              1.6666666666670000
       0.94750000               1.4815016662696576              0.9999999999999994              0.5999999999998802              0.8999999999993703              1.6666666666670000              1.6666666666670000
       0.95250000               1.4409478931493651              0.9999999999999992              0.5999999999998805              0.8999999999993706              1.6666666666670000              1.6666666666670000
       0.95750000               1.4017941969392929              1.0000000000000002              0.5999999999998795              0.8999999999993693              1.6666666666670000              1.6666666666670000
       0.96250000               1.3642895644886550              0.9999999999999993              0.5999999999998802              0.8999999999993703              1.6666666666670000              1.6666666666670000
       0.96750000               1.3286368642289323              0.9999999999999977              0.5999999999998826              0.8999999999993740              1.6666666666670000              1.6666666666670000
       0.97250000               1.2949932763683436              0.9999999999999984              0.5999999999998814              0.8999999999993722              1.6666666666670000              1.6666666666670000
       0.97750000               1.2634717676030036              0.9999999999999986              0.5999999999998811              0.8999999999993716              1.6666666666670000              1.6666666666670000
       0.98250000               1.2341434659189059              0.9999999999999991              0.5999999999998806              0.8999999999993710              1.6666666666670000              1.6666666666670000
       0.98750000               1.2070407748135459              1.0000000000000002              0.5999999999998796              0.8999999999993695              1.6666666666670000              1.6666666666670000
       0.99250000               1.1821610591701286              0.9999999999999992              0.5999999999998812              0.8999999999993717              1.6666666666670000              1.6666666666670000
       0.99750000               1.1594707354254425              0.9999999999999998              0.5999999999998801              0.8999999999993700              1.6666666666670000              1.6666666666670000
