       0.00250000               1.2398572277729132              0.9999999999999989              0.5999999999998802              0.8999999999993702              1.6666666666670000              1.6666666666670000
       0.00750000               1.2696318184126265              0.9999999999999997              0.5999999999998797              0.8999999999993695              1.6666666666670000              1.6666666666670000
       0.01250000               1.3015883269608113              1.0000000000000007              0.5999999999998794              0.8999999999993690              1.6666666666670000              1.6666666666670000
       0.01750000               1.3356473118847254              1.0000000000000007              0.5999999999998791              0.8999999999993685              1.6666666666670000              1.6666666666670000
       0.02250000               1.3716869328078609              1.0000000000000009              0.5999999999998786              0.8999999999993680              1.6666666666670000              1.6666666666670000
       0.02750000               1.4095407439992620              1.0000000000000011              0.5999999999998782              0.8999999999993673              1.6666666666670000              1.6666666666670000
       0.03250000               1.4489964324168760              1.0000000000000009              0.5999999999998784              0.8999999999993675              1.6666666666670000              1.6666666666670000
       0.03750000               1.4897956428220340              1.0000000000000011              0.5999999999998780              0.8999999999993669              1.6666666666670000              1.6666666666670000
       0.04250000               1.5316349932741986              1.0000000000000011              0.5999999999998779              0.8999999999993668              1.6666666666670000              1.6666666666670000
       0.04750000               1.5741683377780438              1.0000000000000007              0.5999999999998792              0.8999999999993687              1.6666666666670000              1.6666666666670000
       0.05250000               1.6170102906331565              1.0000000000000009              0.5999999999998780              0.8999999999993670              1.6666666666670000              1.6666666666670000
       0.05750000               1.6597409986171190              1.0000000000000004              0.5999999999998789              0.8999999999993682              1.6666666666670000              1.6666666666670000
       0.06250000               1.7019121331939380              1.0000000000000002              0.5999999999998787              0.8999999999993682              1.6666666666670000              1.6666666666670000
       0.06750000               1.7430540642957792              1.0000000000000002              0.5999999999998805              0.8999999999993707              1.6666666666670000              1.6666666666670000
       0.07250000               1.7826841502937407              1.0000000000000002              0.5999999999998792              0.8999999999993689              1.6666666666670000              1.6666666666670000
       0.07750000               1.8203160172127799              0.9999999999999997              0.5999999999998800              0.8999999999993700              1.6666666666670000              1.6666666666670000
       0.08250000               1.8554695986404164              1.0000000000000000              0.5999999999998794              0.8999999999993690              1.6666666666670000              1.6666666666670000
       0.08750000               1.8876815812901750              0.9999999999999993              0.5999999999998803              0.8999999999993704              1.6666666666670000              1.6666666666670000
       0.09250000               1.9165157843784575              0.9999999999999992              0.5999999999998803              0.8999999999993704              1.6666666666670000              1.6666666666670000
       0.09750000               1.9415729375078699              0.9999999999999991              0.5999999999998811              0.8999999999993715              1.6666666666670000              1.6666666666670000
       0.10250000               1.9624993502551358              0.9999999999999991              0.5999999999998804              0.8999999999993706              1.6666666666670000              1.6666666666670000
       0.10750000               1.9789941135689335              0.9999999999999993              0.5999999999998802              0.8999999999993702              1.6666666666670000              1.6666666666670000
       0.11250000               1.9908147686884399              0.9999999999999997              0.5999999999998803              0.8999999999993704              1.6666666666670000              1.6666666666670000
       0.11750000               1.9977819366260996              0.9999999999999998              0.5999999999998802              0.8999999999993702              1.6666666666670000              1.6666666666670000
       0.12250000               1.9997845425987633              1.0000000000000000              0.5999999999998800              0.8999999999993700              1.6666666666670000              1.6666666666670000
       0.12750000               1.9967882371135639              0.9999999999999993              0.5999999999998806              0.8999999999993709              1.6666666666670000              1.6666666666670000
       0.13250000               1.9888415351126185              0.9999999999999989              0.5999999999998815              0.8999999999993722              1.6666666666670000              1.6666666666670000
       0.13750000               1.9760692872069916              0.9999999999999990              0.5999999999998817              0.8999999999993725              1.6666666666670000              1.6666666666670000
       0.14250000               1.9586646330437758              0.9999999999999989              0.5999999999998811              0.8999999999993715              1.6666666666670000              1.6666666666670000
       0.14750000               1.9368833485451762              0.9999999999999992              0.5999999999998809              0.8999999999993713              1.6666666666670000              1.6666666666670000
       0.15250000               1.9110385174366835              0.9999999999999996              0.5999999999998803              0.8999999999993703              1.6666666666670000              1.6666666666670000
       0.15750000               1.8814942504818855              1.0000000000000000              0.5999999999998794              0.8999999999993691              1.6666666666670000              1.6666666666670000
       0.16250000               1.8486580946596964              0.9999999999999998              0.5999999999998800              0.8999999999993700              1.6666666666670000              1.6666666666670000
       0.16750000               1.8129722023568922              1.0000000000000002              0.5999999999998792              0.8999999999993687              1.6666666666670000              1.6666666666670000
       0.17250000               1.7749035847989207              0.9999999999999999              0.5999999999998800              0.8999999999993699              1.6666666666670000              1.6666666666670000
       0.17750000               1.7349338893940962              0.9999999999999994              0.5999999999998800              0.8999999999993699              1.6666666666670000              1.6666666666670000
       0.18250000               1.6935491600194970              0.9999999999999990              0.5999999999998814              0.8999999999993721              1.6666666666670000              1.6666666666670000
       0.18750000               1.6512299922766889              0.9999999999999994              0.5999999999998809              0.8999999999993712              1.6666666666670000              1.6666666666670000
       0.19250000               1.6084424130627404              0.9999999999999996              0.5999999999998809              0.8999999999993712              1.6666666666670000              1.6666666666670000
       0.19750000               1.5656297233707304              0.9999999999999997              0.5999999999998803              0.8999999999993704              1.6666666666670000              1.6666666666670000
       0.20250000               1.5232054635433150              0.9999999999999999              0.5999999999998804              0.8999999999993706              1.6666666666670000              1.6666666666670000
       0.20750000               1.4815475988510274              0.9999999999999999              0.5999999999998802              0.8999999999993701              1.6666666666670000              1.6666666666670000
       0.21250000               1.4409939785086241              0.9999999999999997              0.5999999999998809              0.8999999999993713              1.6666666666670000              1.6666666666670000
       0.21750000               1.4018390864490116              1.0000000000000002              0.5999999999998794              0.8999999999993691              1.6666666666670000              1.6666666666670000
       0.22250000               1.3643320704695208              1.0000000000000009              0.5999999999998797              0.8999999999993695              1.6666666666670000              1.6666666666670000
       0.22750000               1.3286760037773471              0.9999999999999997              0.5999999999998804              0.8999999999993706              1.6666666666670000              1.6666666666670000
       0.23250000               1.2950282993060507              1.0000000000000000              0.5999999999998805              0.8999999999993707              1.6666666666670000              1.6666666666670000
       0.23750000               1.2635021650666949              1.0000000000000004              0.5999999999998799              0.8999999999993696              1.6666666666670000              1.6666666666670000
       0.24250000               1.2341689617947336              0.9999999999999997              0.5999999999998806              0.8999999999993709              1.6666666666670000              1.6666666666670000
       0.24750000               1.2070613050860026              1.0000000000000013              0.5999999999998785              0.8999999999993678              1.6666666666670000              1.6666666666670000
       0.25250000               1.1821767443043592              1.0000000000000000              0.5999999999998799              0.8999999999993697              1.6666666666670000              1.6666666666670000
       0.25750000               1.1594818494061687              0.9999999999999994              0.5999999999998813              0.8999999999993719              1.6666666666670000              1.6666666666670000
       0.26250000               1.1389165430398815              1.0000000000000009              0.5999999999998793              0.8999999999993690              1.6666666666670000              1.6666666666670000
       0.26750000               1.1203985270719214              0.9999999999999990              0.5999999999998807              0.8999999999993711              1.6666666666670000              1.6666666666670000
       0.27250000               1.1038276684442185              0.9999999999999956              0.5999999999998838              0.8999999999993757              1.6666666666670000              1.6666666666670000
       0.27750000               1.0890902277026921              0.9999999999999992              0.5999999999998803              0.8999999999993704              1.6666666666670000              1.6666666666670000
       0.28250000               1.0760628336526541              0.9999999999999998              0.5999999999998799              0.8999999999993696              1.6666666666670000              1.6666666666670000
       0.28750000               1.0646161285402718              0.9999999999999964              0.5999999999998828              0.8999999999993742              1.6666666666670000              1.6666666666670000
       0.29250000               1.0546180291044471              1.0000000000000002              0.5999999999998792              0.8999999999993687              1.6666666666670000              1.6666666666670000
       0.29750000               1.0459365689797231              1.0000000000000002              0.5999999999998793              0.8999999999993689              1.6666666666670000              1.6666666666670000
       0.30250000               1.0384423065160284              0.9999999999999991              0.5999999999998806              0.8999999999993709              1.6666666666670000              1.6666666666670000
       0.30750000               1.0320102985183104              1.0000000000000020              0.5999999999998780              0.8999999999993669              1.6666666666670000              1.6666666666670000
       0.31250000               1.0265216542970967              1.0000000000000000              0.5999999999998793              0.8999999999993689              1.6666666666670000              1.6666666666670000
       0.31750000               1.0218646955663941              0.9999999999999972              0.5999999999998824              0.8999999999993735              1.6666666666670000              1.6666666666670000
       0.32250000               1.0179357561135003              0.9999999999999982              0.5999999999998817              0.8999999999993726              1.6666666666670000              1.6666666666670000
       0.32750000               1.0146396609188628              1.0000000000000024              0.5999999999998772              0.8999999999993656              1.6666666666670000              1.6666666666670000
       0.33250000               1.0118899277414923              0.9999999999999987              0.5999999999998810              0.8999999999993714              1.6666666666670000              1.6666666666670000
       0.33750000               1.0096087353889938              0.9999999999999993              0.5999999999998802              0.8999999999993702              1.6666666666670000              1.6666666666670000
       0.34250000               1.0077267022845464              0.9999999999999942              0.5999999999998863              0.8999999999993793              1.6666666666670000              1.6666666666670000
       0.34750000               1.0061825168714822              1.0000000000000000              0.5999999999998797              0.8999999999993696              1.6666666666670000              1.6666666666670000
       0.35250000               1.0049224582117586              0.9999999999999973              0.5999999999998823              0.8999999999993734              1.6666666666670000              1.6666666666670000
       0.35750000               1.0038998411744608              1.0000000000000002              0.5999999999998793              0.8999999999993689              1.6666666666670000              1.6666666666670000
       0.36250000               1.0030744161870060              0.9999999999999991              0.5999999999998803              0.8999999999993704              1.6666666666670000              1.6666666666670000
       0.36750000               1.0024117489042319              0.9999999999999967              0.5999999999998825              0.8999999999993737              1.6666666666670000              1.6666666666670000
       0.37250000               1.0018826005662329              0.9999999999999996              0.5999999999998806              0.8999999999993709              1.6666666666670000              1.6666666666670000
       0.37750000               1.0014623254408130              0.9999999999999984              0.5999999999998820              0.8999999999993729              1.6666666666670000              1.6666666666670000
       0.38250000               1.0011302977126777              1.0000000000000009              0.5999999999998793              0.8999999999993690              1.6666666666670000              1.6666666666670000
       0.38750000               1.0008693765775118              0.9999999999999978              0.5999999999998828              0.8999999999993743              1.6666666666670000              1.6666666666670000
       0.39250000               1.0006654151747785              1.0000000000000000              0.5999999999998814              0.8999999999993721              1.6666666666670000              1.6666666666670000
       0.39750000               1.0005068163678872              1.0000000000000000              0.5999999999998811              0.8999999999993715              1.6666666666670000              1.6666666666670000
       0.40250000               1.0003841362454309              1.0000000000000013              0.5999999999998797              0.8999999999993697              1.6666666666670000              1.6666666666670000
       0.40750000               1.0002897345458528              1.0000000000000011              0.5999999999998800              0.8999999999993699              1.6666666666670000              1.6666666666670000
       0.41250000               1.0002174699575970              1.0000000000000036              0.5999999999998770              0.8999999999993655              1.6666666666670000              1.6666666666670000
       0.41750000               1.0001624373675173              0.9999999999999982              0.5999999999998824              0.8999999999993735              1.6666666666670000              1.6666666666670000
       0.42250000               1.0001207435667421              1.0000000000000004              0.5999999999998801              0.8999999999993701              1.6666666666670000              1.6666666666670000
       0.42750000               1.0000893176207062              1.0000000000000000              0.5999999999998807              0.8999999999993711              1.6666666666670000              1.6666666666670000
       0.43250000               1.0000657520147422              1.0000000000000013              0.5999999999998797              0.8999999999993695              1.6666666666670000              1.6666666666670000
       0.43750000               1.0000481707511260              1.0000000000000013              0.5999999999998799              0.8999999999993699              1.6666666666670000              1.6666666666670000
       0.44250000               1.0000351207533642              1.0000000000000000              0.5999999999998811              0.8999999999993715              1.6666666666670000              1.6666666666670000
       0.44750000               1.0000254831925384              0.9999999999999978              0.5999999999998831              0.8999999999993746              1.6666666666670000              1.6666666666670000
       0.45250000               1.0000184016569278              0.9999999999999991              0.5999999999998815              0.8999999999993723              1.6666666666670000              1.6666666666670000
       0.45750000               1.0000132244154589              0.9999999999999998              0.5999999999998807              0.8999999999993712              1.6666666666670000              1.6666666666670000
       0.46250000               1.0000094583588199              0.9999999999999978              0.5999999999998830              0.8999999999993743              1.6666666666670000              1.6666666666670000
       0.46750000               1.0000067325259847              1.0000000000000000              0.5999999999998800              0.8999999999993700              1.6666666666670000              1.6666666666670000
       0.47250000               1.0000047694287393              0.9999999999999971              0.5999999999998836              0.8999999999993754              1.6666666666670000              1.6666666666670000
       0.47750000               1.0000033626660101              1.0000000000000016              0.5999999999998790              0.8999999999993684              1.6666666666670000              1.6666666666670000
       0.48250000               1.0000023595698841              1.0000000000000013              0.5999999999998792              0.8999999999993687              1.6666666666670000              1.6666666666670000
       0.48750000               1.0000016478438059              0.9999999999999958              0.5999999999998846              0.8999999999993769              1.6666666666670000              1.6666666666670000
       0.49250000               1.0000011453427831              1.0000000000000000              0.5999999999998805              0.8999999999993707              1.6666666666670000              1.6666666666670000
       0.49750000               1.0000007923071714              1.0000000000000004              0.5999999999998795              0.8999999999993693              1.6666666666670000              1.6666666666670000
       0.50250000               1.0000005454983583              1.0000000000000002              0.5999999999998800              0.8999999999993699              1.6666666666670000              1.6666666666670000
       0.50750000               1.0000003737992857              0.9999999999999989              0.5999999999998815              0.8999999999993724              1.6666666666670000              1.6666666666670000
       0.51250000               1.0000002549357199              0.9999999999999984              0.5999999999998820              0.8999999999993730              1.6666666666670000              1.6666666666670000
       0.51750000               1.0000001730488255              0.9999999999999984              0.5999999999998817              0.8999999999993726              1.6666666666670000              1.6666666666670000
       0.52250000               1.0000001169088235              0.9999999999999996              0.5999999999998804              0.8999999999993706              1.6666666666670000              1.6666666666670000
       0.52750000               1.0000000786072636              1.0000000000000007              0.5999999999998793              0.8999999999993690              1.6666666666670000              1.6666666666670000
       0.53250000               1.0000000526043029              0.9999999999999996              0.5999999999998800              0.8999999999993699              1.6666666666670000              1.6666666666670000
       0.53750000               1.0000000350385727              0.9999999999999991              0.5999999999998809              0.8999999999993712              1.6666666666670000              1.6666666666670000
       0.54250000               1.0000000232311412              0.9999999999999993              0.5999999999998803              0.8999999999993705              1.6666666666670000              1.6666666666670000
       0.54750000               1.0000000153322437              1.0000000000000000              0.5999999999998801              0.8999999999993701              1.6666666666670000              1.6666666666670000
       0.55250000               1.0000000100716997              1.0000000000000011              0.5999999999998791              0.8999999999993687              1.6666666666670000              1.6666666666670000
       0.55750000               1.0000000065831576              1.0000000000000000              0.5999999999998799              0.8999999999993697              1.6666666666670000              1.6666666666670000
       0.56250000               1.0000000042799910              0.9999999999999989              0.5999999999998809              0.8999999999993713              1.6666666666670000              1.6666666666670000
       0.56750000               1.0000000027674436              0.9999999999999976              0.5999999999998821              0.8999999999993731              1.6666666666670000              1.6666666666670000
       0.57250000               1.0000000017806909              1.0000000000000004              0.5999999999998792              0.8999999999993687              1.6666666666670000              1.6666666666670000
       0.57750000               1.0000000011419306              0.9999999999999964              0.5999999999998827              0.8999999999993740              1.6666666666670000              1.6666666666670000
       0.58250000               1.0000000007314658              1.0000000000000000              0.5999999999998796              0.8999999999993694              1.6666666666670000              1.6666666666670000
       0.58750000               1.0000000004688387              1.0000000000000022              0.5999999999998771              0.8999999999993655              1.6666666666670000              1.6666666666670000
       0.59250000               1.0000000003004963              1.0000000000000000              0.5999999999998797              0.8999999999993696              1.6666666666670000              1.6666666666670000
       0.59750000               1.0000000001915330              1.0000000000000000              0.5999999999998795              0.8999999999993693              1.6666666666670000              1.6666666666670000
       0.60250000               1.0000000001199427              0.9999999999999996              0.5999999999998803              0.8999999999993704              1.6666666666670000              1.6666666666670000
       0.60750000               1.0000000000724758              0.9999999999999964              0.5999999999998828              0.8999999999993742              1.6666666666670000              1.6666666666670000
       0.61250000               1.0000000000417097              1.0000000000000000              0.5999999999998799              0.8999999999993697              1.6666666666670000              1.6666666666670000
       0.61750000               1.0000000000239964              0.9999999999999984              0.5999999999998814              0.8999999999993722              1.6666666666670000              1.6666666666670000
       0.62250000               1.0000000000179197              1.0000000000000007              0.5999999999998795              0.8999999999993692              1.6666666666670000              1.6666666666670000
       0.62750000               1.0000000000232956              1.0000000000000027              0.5999999999998767              0.8999999999993651              1.6666666666670000              1.6666666666670000
       0.63250000               1.0000000000407712              0.9999999999999993              0.5999999999998810              0.8999999999993714              1.6666666666670000              1.6666666666670000
       0.63750000               1.0000000000722586              1.0000000000000002              0.5999999999998801              0.8999999999993700              1.6666666666670000              1.6666666666670000
       0.64250000               1.0000000001219675              1.0000000000000018              0.5999999999998782              0.8999999999993672              1.6666666666670000              1.6666666666670000
       0.64750000               1.0000000001978275              1.0000000000000044              0.5999999999998762              0.8999999999993642              1.6666666666670000              1.6666666666670000
       0.65250000               1.0000000003135578              1.0000000000000004              0.5999999999998796              0.8999999999993694              1.6666666666670000              1.6666666666670000
       0.65750000               1.0000000004916281              1.0000000000000031              0.5999999999998764              0.8999999999993646              1.6666666666670000              1.6666666666670000
       0.66250000               1.0000000007676857              1.0000000000000007              0.5999999999998799              0.8999999999993696              1.6666666666670000              1.6666666666670000
       0.66750000               1.0000000011969028              0.9999999999999993              0.5999999999998801              0.8999999999993701              1.6666666666670000              1.6666666666670000
       0.67250000               1.0000000018633268              1.0000000000000007              0.5999999999998793              0.8999999999993689              1.6666666666670000              1.6666666666670000
       0.67750000               1.0000000028935441              0.9999999999999998              0.5999999999998797              0.8999999999993695              1.6666666666670000              1.6666666666670000
       0.68250000               1.0000000044768673              0.9999999999999996              0.5999999999998804              0.8999999999993704              1.6666666666670000              1.6666666666670000
       0.68750000               1.0000000068952941              0.9999999999999993              0.5999999999998805              0.8999999999993706              1.6666666666670000              1.6666666666670000
       0.69250000               1.0000000105676849              1.0000000000000000              0.5999999999998794              0.8999999999993691              1.6666666666670000              1.6666666666670000
       0.69750000               1.0000000161142937              0.9999999999999993              0.5999999999998803              0.8999999999993703              1.6666666666670000              1.6666666666670000
       0.70250000               1.0000000244498839              0.9999999999999993              0.5999999999998809              0.8999999999993713              1.6666666666670000              1.6666666666670000
       0.70750000               1.0000000369168216              1.0000000000000040              0.5999999999998762              0.8999999999993642              1.6666666666670000              1.6666666666670000
       0.71250000               1.0000000554739472              0.9999999999999969              0.5999999999998828              0.8999999999993742              1.6666666666670000              1.6666666666670000
       0.71750000               1.0000000829631621              0.9999999999999989              0.5999999999998805              0.8999999999993706              1.6666666666670000              1.6666666666670000
       0.72250000               1.0000001234844684              0.9999999999999987              0.5999999999998811              0.8999999999993715              1.6666666666670000              1.6666666666670000
       0.72750000               1.0000001829208081              0.9999999999999998              0.5999999999998801              0.8999999999993701              1.6666666666670000              1.6666666666670000
       0.73250000               1.0000002696688273              0.9999999999999978              0.5999999999998816              0.8999999999993724              1.6666666666670000              1.6666666666670000
       0.73750000               1.0000003956498604              0.9999999999999991              0.5999999999998802              0.8999999999993702              1.6666666666670000              1.6666666666670000
       0.74250000               1.0000005776995755              0.9999999999999973              0.5999999999998823              0.8999999999993734              1.6666666666670000              1.6666666666670000
       0.74750000               1.0000008394656930              0.9999999999999982              0.5999999999998820              0.8999999999993729              1.6666666666670000              1.6666666666670000
       0.75250000               1.0000012139834871              0.9999999999999989              0.5999999999998803              0.8999999999993704              1.6666666666670000              1.6666666666670000
       0.75750000               1.0000017471496017              0.9999999999999978              0.5999999999998811              0.8999999999993716              1.6666666666670000              1.6666666666670000
       0.76250000               1.0000025023786276              1.0000000000000004              0.5999999999998792              0.8999999999993687              1.6666666666670000              1.6666666666670000
       0.76750000               1.0000035668058527              0.9999999999999969              0.5999999999998823              0.8999999999993734              1.6666666666670000              1.6666666666670000
       0.77250000               1.0000050594961287              1.0000000000000000              0.5999999999998792              0.8999999999993686              1.6666666666670000              1.6666666666670000
       0.77750000               1.0000071422364727              0.9999999999999993              0.5999999999998796              0.8999999999993694              1.6666666666670000              1.6666666666670000
       0.78250000               1.0000100336308542              1.0000000000000013              0.5999999999998781              0.8999999999993671              1.6666666666670000              1.6666666666670000
       0.78750000               1.0000140273835332              0.9999999999999998              0.5999999999998801              0.8999999999993701              1.6666666666670000              1.6666666666670000
       0.79250000               1.0000195158530190              1.0000000000000011              0.5999999999998783              0.8999999999993675              1.6666666666670000              1.6666666666670000
       0.79750000               1.0000270201846184              1.0000000000000007              0.5999999999998792              0.8999999999993687              1.6666666666670000              1.6666666666670000
       0.80250000               1.0000372285848513              1.0000000000000016              0.5999999999998785              0.8999999999993678              1.6666666666670000              1.6666666666670000
       0.80750000               1.0000510445850905              0.9999999999999998              0.5999999999998797              0.8999999999993696              1.6666666666670000              1.6666666666670000
       0.81250000               1.0000696474501085              0.9999999999999996              0.5999999999998800              0.8999999999993700              1.6666666666670000              1.6666666666670000
       0.81750000               1.0000945672133352              0.9999999999999996              0.5999999999998805              0.8999999999993706              1.6666666666670000              1.6666666666670000
       0.82250000               1.0001277771534958              0.9999999999999980              0.5999999999998820              0.8999999999993729              1.6666666666670000              1.6666666666670000
       0.82750000               1.0001718068526662              0.9999999999999991              0.5999999999998803              0.8999999999993703              1.6666666666670000              1.6666666666670000
       0.83250000               1.0002298792738333              0.9999999999999996              0.5999999999998806              0.8999999999993709              1.6666666666670000              1.6666666666670000
       0.83750000               1.0003060755407658              0.9999999999999996              0.5999999999998802              0.8999999999993702              1.6666666666670000              1.6666666666670000
       0.84250000               1.0004055312618034              0.9999999999999991              0.5999999999998809              0.8999999999993712              1.6666666666670000              1.6666666666670000
       0.84750000               1.0005346682725946              0.9999999999999996              0.5999999999998799              0.8999999999993697              1.6666666666670000              1.6666666666670000
       0.85250000               1.0007014655378097              0.9999999999999989              0.5999999999998809              0.8999999999993712              1.6666666666670000              1.6666666666670000
       0.85750000               1.0009157726008600              0.9999999999999991              0.5999999999998804              0.8999999999993705              1.6666666666670000              1.6666666666670000
       0.86250000               1.0011896683512405              0.9999999999999993              0.5999999999998806              0.8999999999993710              1.6666666666670000              1.6666666666670000
       0.86750000               1.0015378669333979              0.9999999999999998              0.5999999999998802              0.8999999999993702              1.6666666666670000              1.6666666666670000
       0.87250000               1.0019781712906810              1.0000000000000000              0.5999999999998800              0.8999999999993700              1.6666666666670000              1.6666666666670000
       0.87750000               1.0025319730732478              1.0000000000000009              0.5999999999998779              0.8999999999993668              1.6666666666670000              1.6666666666670000
       0.88250000               1.0032247954070779              0.9999999999999989              0.5999999999998802              0.8999999999993702              1.6666666666670000              1.6666666666670000
       0.88750000               1.0040868723062599              0.9999999999999993              0.5999999999998800              0.8999999999993699              1.6666666666670000              1.6666666666670000
       0.89250000               1.0051537553088563              1.0000000000000004              0.5999999999998795              0.8999999999993693              1.6666666666670000              1.6666666666670000
       0.89750000               1.0064669342370505              0.9999999999999989              0.5999999999998806              0.8999999999993709              1.6666666666670000              1.6666666666670000
       0.90250000               1.0080744548668470              0.9999999999999998              0.5999999999998800              0.8999999999993700              1.6666666666670000              1.6666666666670000
       0.90750000               1.0100315118406602              1.0000000000000002              0.5999999999998799              0.8999999999993697              1.6666666666670000              1.6666666666670000
       0.91250000               1.0124009905371725              0.9999999999999991              0.5999999999998811              0.8999999999993716              1.6666666666670000              1.6666666666670000
       0.91750000               1.0152539270445318              0.9999999999999993              0.5999999999998807              0.8999999999993711              1.6666666666670000              1.6666666666670000
       0.92250000               1.0186698510919994              1.0000000000000000              0.5999999999998801              0.8999999999993701              1.6666666666670000              1.6666666666670000
       0.92750000               1.0227369730020472              0.9999999999999976              0.5999999999998821              0.8999999999993731              1.6666666666670000              1.6666666666670000
       0.93250000               1.0275521726811698              0.9999999999999989              0.5999999999998807              0.8999999999993711              1.6666666666670000              1.6666666666670000
       0.93750000               1.0332207467206151              0.9999999999999981              0.5999999999998816              0.8999999999993724              1.6666666666670000              1.6666666666670000
       0.94250000               1.0398558692881095              0.9999999999999996              0.5999999999998795              0.8999999999993692              1.6666666666670000              1.6666666666670000
       0.94750000               1.0475777241429816              0.9999999999999993              0.5999999999998806              0.8999999999993709              1.6666666666670000              1.6666666666670000
       0.95250000               1.0565122691425466              0.9999999999999991              0.5999999999998796              0.8999999999993695              1.6666666666670000              1.6666666666670000
       0.95750000               1.0667896011206608              1.0000000000000004              0.5999999999998791              0.8999999999993686              1.6666666666670000              1.6666666666670000
       0.96250000               1.0785418979172712              0.9999999999999981              0.5999999999998809              0.8999999999993713              1.6666666666670000              1.6666666666670000
       0.96750000               1.0919009255724579              0.9999999999999996              0.5999999999998797              0.8999999999993696              1.6666666666670000              1.6666666666670000
       0.97250000               1.1069951124570379              0.9999999999999988              0.5999999999998801              0.8999999999993702              1.6666666666670000              1.6666666666670000
       0.97750000               1.1239462087302012              0.9999999999999994              0.5999999999998794              0.8999999999993691              1.6666666666670000              1.6666666666670000
       0.98250000               1.1428655690493434              0.9999999999999992              0.5999999999998811              0.8999999999993715              1.6666666666670000              1.6666666666670000
       0.98750000               1.1638501181740808              0.9999999999999997              0.5999999999998794              0.8999999999993690              1.6666666666670000              1.6666666666670000
       0.99250000               1.1869780813497754              1.0000000000000000              0.5999999999998792              0.8999999999993687              1.6666666666670000              1.6666666666670000
       0.99750000               1.2123045820878444              0.9999999999999997              0.5999999999998799              0.8999999999993699              1.6666666666670000              1.6666666666670000
