       0.00250000               1.0001420207950313              0.0002596381408771              1.0002710277529654              2.5006775693824141              1.3999999999999999              1.3999999999999999
       0.00750000               1.0000868902736497              0.0001958469465580              1.0001940709476411              2.5004851773691033              1.3999999999999999              1.3999999999999999
       0.01250000               1.0000531342045398              0.0001564531250187              1.0001463983291792              2.5003659958229485              1.3999999999999999              1.3999999999999999
       0.01750000               1.0000268669058661              0.0001254425834824              1.0001097680413946              2.5002744201034868              1.3999999999999999              1.3999999999999999
       0.02250000               1.0000041502965609              0.0000985692396416              1.0000791785372423              2.5001979463431061              1.3999999999999999              1.3999999999999999
       0.02750000               0.9999864847932106              0.0000767642577156              1.0000550188354937              2.5001375470887348              1.3999999999999999              1.3999999999999999
       0.03250000               0.9999739749615076              0.0000607403979290              1.0000373836602974              2.5000934591507438              1.3999999999999999              1.3999999999999999
       0.03750000               0.9999647046953845              0.0000494508235167              1.0000242971022810              2.5000607427557031              1.3999999999999999              1.3999999999999999
       0.04250000               0.9999566159749065              0.0000413281783865              1.0000136907121928              2.5000342267804827              1.3999999999999999              1.3999999999999999
       0.04750000               0.9999491184044521              0.0000353009618694              1.0000048591723532              2.5000121479308834              1.3999999999999999              1.3999999999999999
       0.05250000               0.9999433260023595              0.0000309268412745              0.9999977409140588              2.4999943522851478              1.3999999999999999              1.3999999999999999
       0.05750000               0.9999395092069521              0.0000278419944171              0.9999922978200004              2.4999807445500015              1.3999999999999999              1.3999999999999999
       0.06250000               0.9999368996459306              0.0000255912614756              0.9999883043522372              2.4999707608805934              1.3999999999999999              1.3999999999999999
       0.06750000               0.9999344047006504              0.0000237534005250              0.9999855216985416              2.4999638042463546              1.3999999999999999              1.3999999999999999
       0.07250000               0.9999326938594271              0.0000219921506432              0.9999838817075311              2.4999597042688282              1.3999999999999999              1.3999999999999999
       0.07750000               0.9999322875818144              0.0000201928718466              0.9999832525562043              2.4999581313905113              1.3999999999999999              1.3999999999999999
       0.08250000               0.9999321999129739              0.0000184711317627              0.9999832854234177              2.4999582135585450              1.3999999999999999              1.3999999999999999
       0.08750000               0.9999321319558633              0.0000170506722721              0.9999835157428542              2.4999587893571360              1.3999999999999999              1.3999999999999999
       0.09250000               0.9999320836989615              0.0000162157078384              0.9999834476045663              2.4999586190114158              1.3999999999999999              1.3999999999999999
       0.09750000               0.9999312370886886              0.0000162701649837              0.9999826149061755              2.4999565372654389              1.3999999999999999              1.3999999999999999
       0.10250000               0.9999292872566368              0.0000168865020027              0.9999813338520382              2.4999533346300966              1.3999999999999999              1.3999999999999999
       0.10750000               0.9999285749517408              0.0000175551388996              0.9999801514844945              2.4999503787112367              1.3999999999999999              1.3999999999999999
       0.11250000               0.9999281758081344              0.0000178783010682              0.9999794924680135              2.4999487311700346              1.3999999999999999              1.3999999999999999
       0.11750000               0.9999277931709823              0.0000177764885385              0.9999794166875273              2.4999485417188190              1.3999999999999999              1.3999999999999999
       0.12250000               0.9999280188906401              0.0000174100981484              0.9999797113151619              2.4999492782879056              1.3999999999999999              1.3999999999999999
       0.12750000               0.9999285487861016              0.0000169095218321              0.9999802063312038              2.4999505158280102              1.3999999999999999              1.3999999999999999
       0.13250000               0.9999284320179759              0.0000164288393464              0.9999807077025329              2.4999517692563327              1.3999999999999999              1.3999999999999999
       0.13750000               0.9999284093129484              0.0000161047520400              0.9999810447071517              2.4999526117678794              1.3999999999999999              1.3999999999999999
       0.14250000               0.9999287048178395              0.0000160153848389              0.9999811184190416              2.4999527960476042              1.3999999999999999              1.3999999999999999
       0.14750000               0.9999281585437674              0.0000161619790461              0.9999809229475928              2.4999523073689822              1.3999999999999999              1.3999999999999999
       0.15250000               0.9999273949860391              0.0000165044691683              0.9999805026881090              2.4999512567202729              1.3999999999999999              1.3999999999999999
       0.15750000               0.9999270846358131              0.0000169733830598              0.9999799377071319              2.4999498442678298              1.3999999999999999              1.3999999999999999
       0.16250000               0.9999264596709335              0.0000174528036318              0.9999793636201901              2.4999484090504760              1.3999999999999999              1.3999999999999999
       0.16750000               0.9999256613357446              0.0000177855400403              0.9999789653343228              2.4999474133358075              1.3999999999999999              1.3999999999999999
       0.17250000               0.9999259692489475              0.0000177792696088              0.9999789696679579              2.4999474241698949              1.3999999999999999              1.3999999999999999
       0.17750000               0.9999264361325685              0.0000171962584156              0.9999796574085182              2.4999491435212962              1.3999999999999999              1.3999999999999999
       0.18250000               0.9999265007327554              0.0000163432890585              0.9999806652510589              2.4999516631276477              1.3999999999999999              1.3999999999999999
       0.18750000               0.9999275111766031              0.0000156642270525              0.9999814678040876              2.4999536695102194              1.3999999999999999              1.3999999999999999
       0.19250000               0.9999280145225659              0.0000155945142610              0.9999815497117954              2.4999538742794893              1.3999999999999999              1.3999999999999999
       0.19750000               0.9999268563360686              0.0000163818731864              0.9999806177703521              2.4999515444258811              1.3999999999999999              1.3999999999999999
       0.20250000               0.9999257279606734              0.0000175193622079              0.9999792717025158              2.4999481792562901              1.3999999999999999              1.3999999999999999
       0.20750000               0.9999251080598401              0.0000185538437599              0.9999780475931090              2.4999451189827733              1.3999999999999999              1.3999999999999999
       0.21250000               0.9999241495144841              0.0000191849630650              0.9999773007773911              2.4999432519434786              1.3999999999999999              1.3999999999999999
       0.21750000               0.9999236672430912              0.0000193415912598              0.9999771153901232              2.4999427884753085              1.3999999999999999              1.3999999999999999
       0.22250000               0.9999240087076847              0.0000191337378379              0.9999773612623606              2.4999434031559020              1.3999999999999999              1.3999999999999999
       0.22750000               0.9999240936650653              0.0000186552859680              0.9999779273136619              2.4999448182841553              1.3999999999999999              1.3999999999999999
       0.23250000               0.9999242279535435              0.0000180206975331              0.9999786781168838              2.4999466952922100              1.3999999999999999              1.3999999999999999
       0.23750000               0.9999251362734820              0.0000173877266596              0.9999794270169969              2.4999485675424928              1.3999999999999999              1.3999999999999999
       0.24250000               0.9999253786815335              0.0000169502362011              0.9999799446395990              2.4999498615989979              1.3999999999999999              1.3999999999999999
       0.24750000               0.9999247711949523              0.0000169341779521              0.9999799636430075              2.4999499091075190              1.3999999999999999              1.3999999999999999
       0.25250000               0.9999246355369014              0.0000177024316563              0.9999790546825843              2.4999476367064615              1.3999999999999999              1.3999999999999999
       0.25750000               0.9999240846119661              0.0000188828003679              0.9999776581252079              2.4999441453130204              1.3999999999999999              1.3999999999999999
       0.26250000               0.9999227905009792              0.0000198217670853              0.9999765471853886              2.4999413679634719              1.3999999999999999              1.3999999999999999
       0.26750000               0.9999226723071810              0.0000199783773334              0.9999763618953921              2.4999409047384806              1.3999999999999999              1.3999999999999999
       0.27250000               0.9999233542821115              0.0000195591382374              0.9999768579255295              2.4999421448138244              1.3999999999999999              1.3999999999999999
       0.27750000               0.9999234826979125              0.0000188256121383              0.9999777258087554              2.4999443145218891              1.3999999999999999              1.3999999999999999
       0.28250000               0.9999237912142129              0.0000181021413691              0.9999785818018252              2.4999464545045638              1.3999999999999999              1.3999999999999999
       0.28750000               0.9999243100466229              0.0000176963824218              0.9999790619071757              2.4999476547679400              1.3999999999999999              1.3999999999999999
       0.29250000               0.9999239530675511              0.0000176850710816              0.9999790753455199              2.4999476883638003              1.3999999999999999              1.3999999999999999
       0.29750000               0.9999233924950763              0.0000179592417769              0.9999787510541066              2.4999468776352671              1.3999999999999999              1.3999999999999999
       0.30250000               0.9999233365304754              0.0000184424503614              0.9999781794896422              2.4999454487241057              1.3999999999999999              1.3999999999999999
       0.30750000               0.9999225991670120              0.0000190647413282              0.9999774434412401              2.4999436086031008              1.3999999999999999              1.3999999999999999
       0.31250000               0.9999214609196345              0.0000197379684553              0.9999766472375506              2.4999416180938772              1.3999999999999999              1.3999999999999999
       0.31750000               0.9999214795062831              0.0000203411463431              0.9999759340851463              2.4999398352128663              1.3999999999999999              1.3999999999999999
       0.32250000               0.9999215224613265              0.0000207149981077              0.9999754925291792              2.4999387313229482              1.3999999999999999              1.3999999999999999
       0.32750000               0.9999210467760909              0.0000206365328194              0.9999755865460636              2.4999389663651592              1.3999999999999999              1.3999999999999999
       0.33250000               0.9999220081147556              0.0000197428379349              0.9999766457291036              2.4999416143227595              1.3999999999999999              1.3999999999999999
       0.33750000               0.9999235758999069              0.0000184279365002              0.9999782042018212              2.4999455105045532              1.3999999999999999              1.3999999999999999
       0.34250000               0.9999239358392017              0.0000173708754944              0.9999794590014798              2.4999486475037003              1.3999999999999999              1.3999999999999999
       0.34750000               0.9999237575387712              0.0000173084171043              0.9999795390890736              2.4999488477226843              1.3999999999999999              1.3999999999999999
       0.35250000               0.9999229026246472              0.0000185173627101              0.9999781179379345              2.4999452948448364              1.3999999999999999              1.3999999999999999
       0.35750000               0.9999212748125369              0.0000199938861566              0.9999763846442188              2.4999409616105477              1.3999999999999999              1.3999999999999999
       0.36250000               0.9999201607622259              0.0000209471291487              0.9999752769446294              2.4999381923615740              1.3999999999999999              1.3999999999999999
       0.36750000               0.9999202905646836              0.0000211232773386              0.9999750980448889              2.4999377451122227              1.3999999999999999              1.3999999999999999
       0.37250000               0.9999202808375244              0.0000208638546120              0.9999754480104248              2.4999386200260627              1.3999999999999999              1.3999999999999999
       0.37750000               0.9999202147550945              0.0000203638547550              0.9999761019977068              2.4999402549942680              1.3999999999999999              1.3999999999999999
       0.38250000               0.9999212037522063              0.0000198601871371              0.9999767879572701              2.4999419698931757              1.3999999999999999              1.3999999999999999
       0.38750000               0.9999217772381593              0.0000195545292434              0.9999772788092236              2.4999431970230597              1.3999999999999999              1.3999999999999999
       0.39250000               0.9999213351750127              0.0000194978193209              0.9999775303203693              2.4999438258009237              1.3999999999999999              1.3999999999999999
       0.39750000               0.9999216963443036              0.0000196620592789              0.9999775977794931              2.4999439944487336              1.3999999999999999              1.3999999999999999
       0.40250000               0.9999222001555184              0.0000200876954202              0.9999774637875399              2.4999436594688502              1.3999999999999999              1.3999999999999999
       0.40750000               0.9999213612849168              0.0000209218934269              0.9999769958293574              2.4999424895733942              1.3999999999999999              1.3999999999999999
       0.41250000               0.9999207080161800              0.0000221153095448              0.9999763087814012              2.4999407719535034              1.3999999999999999              1.3999999999999999
       0.41750000               0.9999205201440359              0.0000233720603079              0.9999758289694615              2.4999395724236546              1.3999999999999999              1.3999999999999999
       0.42250000               0.9999202926808485              0.0000243494764448              0.9999760641103351              2.4999401602758384              1.3999999999999999              1.3999999999999999
       0.42750000               0.9999211595988406              0.0000244599517483              0.9999778458055155              2.4999446145137894              1.3999999999999999              1.3999999999999999
       0.43250000               0.9999232845844245              0.0000242075639180              0.9999807583455881              2.4999518958639708              1.3999999999999999              1.3999999999999999
       0.43750000               0.9999252194359486              0.0000246362524776              0.9999838044824964              2.4999595112062414              1.3999999999999999              1.3999999999999999
       0.44250000               0.9999263871722133              0.0000266220078749              0.9999862589649088              2.4999656474122727              1.3999999999999999              1.3999999999999999
       0.44750000               0.9999285369457616              0.0000299776616390              0.9999887476341941              2.4999718690854857              1.3999999999999999              1.3999999999999999
       0.45250000               0.9999308771623036              0.0000345733817748              0.9999919460558531              2.4999798651396330              1.3999999999999999              1.3999999999999999
       0.45750000               0.9999336051845156              0.0000402292142727              0.9999967361249291              2.4999918403123234              1.3999999999999999              1.3999999999999999
       0.46250000               0.9999390548850187              0.0000470535576256              1.0000038407827752              2.5000096019569384              1.3999999999999999              1.3999999999999999
       0.46750000               0.9999467103366155              0.0000556060884056              1.0000136726430489              2.5000341816076230              1.3999999999999999              1.3999999999999999
       0.47250000               0.9999556915460175              0.0000665682420975              1.0000267716585280              2.5000669291463207              1.3999999999999999              1.3999999999999999
       0.47750000               0.9999676616296004              0.0000806784786195              1.0000439358574587              2.5001098396436467              1.3999999999999999              1.3999999999999999
       0.48250000               0.9999835846753380              0.0000987378630741              1.0000662744252542              2.5001656860631365              1.3999999999999999              1.3999999999999999
       0.48750000               1.0000040206558090              0.0001216465680053              1.0000952281999216              2.5002380704998046              1.3999999999999999              1.3999999999999999
       0.49250000               1.0000298197172595              0.0001508269693201              1.0001321339972415              2.5003303349931043              1.3999999999999999              1.3999999999999999
       0.49750000               1.0000625105202148              0.0001882561234455              1.0001782484491999              2.5004456211230002              1.3999999999999999              1.3999999999999999
       0.50250000               1.0001026824389483              0.0002363443574107              1.0002349456477664              2.5005873641194167              1.3999999999999999              1.3999999999999999
       0.50750000               1.0001512539286217              0.0002979103622768              1.0003037852863206              2.5007594632158026              1.3999999999999999              1.3999999999999999
       0.51250000               1.0002122643516693              0.0003739278679222              1.0003891951241661              2.5009729878104161              1.3999999999999999              1.3999999999999999
       0.51750000               1.0002884391164324              0.0004656667891086              1.0004959214846436              2.5012398037116097              1.3999999999999999              1.3999999999999999
       0.52250000               1.0003816663494418              0.0005759334387605              1.0006275054046321              2.5015687635115804              1.3999999999999999              1.3999999999999999
       0.52750000               1.0004957864864850              0.0007083799437539              1.0007869995312264              2.5019674988280669              1.3999999999999999              1.3999999999999999
       0.53250000               1.0006320379086320              0.0008671450988182              1.0009772461537612              2.5024431153844033              1.3999999999999999              1.3999999999999999
       0.53750000               1.0007920905711871              0.0010558336413289              1.0012018961334168              2.5030047403335427              1.3999999999999999              1.3999999999999999
       0.54250000               1.0009796228865628              0.0012776499696706              1.0014650294555532              2.5036625736388833              1.3999999999999999              1.3999999999999999
       0.54750000               1.0011976538267469              0.0015355863618961              1.0017706922642931              2.5044267306607333              1.3999999999999999              1.3999999999999999
       0.55250000               1.0014483244106474              0.0018325664417705              1.0021224862618028              2.5053062156545072              1.3999999999999999              1.3999999999999999
       0.55750000               1.0017337751375093              0.0021712789919065              1.0025235430776887              2.5063088576942216              1.3999999999999999              1.3999999999999999
       0.56250000               1.0020564586664740              0.0025541936049112              1.0029763198995569              2.5074407997488928              1.3999999999999999              1.3999999999999999
       0.56750000               1.0024174476023846              0.0029832163434314              1.0034828704421803              2.5087071761054514              1.3999999999999999              1.3999999999999999
       0.57250000               1.0028178905232605              0.0034593000368814              1.0040452274858092              2.5101130687145239              1.3999999999999999              1.3999999999999999
       0.57750000               1.0032596165919552              0.0039827550816147              1.0046650137630968              2.5116625344077428              1.3999999999999999              1.3999999999999999
       0.58250000               1.0037433041475852              0.0045531401242523              1.0053436043579036              2.5133590108947597              1.3999999999999999              1.3999999999999999
       0.58750000               1.0042687016500171              0.0051697239465274              1.0060816553769154              2.5152041384422890              1.3999999999999999              1.3999999999999999
       0.59250000               1.0048351073846520              0.0058336366871631              1.0068766535231668              2.5171916338079172              1.3999999999999999              1.3999999999999999
       0.59750000               1.0054404201842873              0.0065453818239323              1.0077260016445169              2.5193150041112928              1.3999999999999999              1.3999999999999999
       0.60250000               1.0060825909053646              0.0073044051000495              1.0086276735530779              2.5215691838826952              1.3999999999999999              1.3999999999999999
       0.60750000               1.0067611085987151              0.0081083784107262              1.0095812135316440              2.5239530338291103              1.3999999999999999              1.3999999999999999
       0.61250000               1.0074764843721142              0.0089543954293279              1.0105864523044295              2.5264661307610741              1.3999999999999999              1.3999999999999999
       0.61750000               1.0082278193000693              0.0098396843080389              1.0116427803138508              2.5291069507846275              1.3999999999999999              1.3999999999999999
       0.62250000               1.0090128489073289              0.0107630418143411              1.0127475353521767              2.5318688383804417              1.3999999999999999              1.3999999999999999
       0.62750000               1.0098305423544816              0.0117232356354825              1.0138979975818716              2.5347449939546798              1.3999999999999999              1.3999999999999999
       0.63250000               1.0106787081264943              0.0127188425941541              1.0150916552697589              2.5377291381743978              1.3999999999999999              1.3999999999999999
       0.63750000               1.0115554287798576              0.0137482464418957              1.0163262659498928              2.5408156648747329              1.3999999999999999              1.3999999999999999
       0.64250000               1.0124599487876669              0.0148096362989613              1.0175999050681601              2.5439997626704010              1.3999999999999999              1.3999999999999999
       0.64750000               1.0133910890900442              0.0159006203446899              1.0189114647936672              2.5472786619841683              1.3999999999999999              1.3999999999999999
       0.65250000               1.0143470211831491              0.0170196197633235              1.0202590030094045              2.5506475075235118              1.3999999999999999              1.3999999999999999
       0.65750000               1.0153266299228954              0.0181659801365840              1.0216396192888286              2.5540990482220720              1.3999999999999999              1.3999999999999999
       0.66250000               1.0163280600966285              0.0193386844190075              1.0230510104485391              2.5576275261213484              1.3999999999999999              1.3999999999999999
       0.66750000               1.0173496878555708              0.0205359999125580              1.0244919025991650              2.5612297564979132              1.3999999999999999              1.3999999999999999
       0.67250000               1.0183913471134847              0.0217554991613763              1.0259620327241654              2.5649050818104135              1.3999999999999999              1.3999999999999999
       0.67750000               1.0194545457048083              0.0229936960450046              1.0274625944469498              2.5686564861173751              1.3999999999999999              1.3999999999999999
       0.68250000               1.0205371363054616              0.0242498159984762              1.0289916712277771              2.5724791780694432              1.3999999999999999              1.3999999999999999
       0.68750000               1.0216365442044837              0.0255250953290654              1.0305450546989761              2.5763626367474406              1.3999999999999999              1.3999999999999999
       0.69250000               1.0227507985704007              0.0268200383292813              1.0321195596988277              2.5802988992470697              1.3999999999999999              1.3999999999999999
       0.69750000               1.0238791750527150              0.0281327940493430              1.0337149951977631              2.5842874879944082              1.3999999999999999              1.3999999999999999
       0.70250000               1.0250214069474897              0.0294619780222570              1.0353307417879412              2.5883268544698534              1.3999999999999999              1.3999999999999999
       0.70750000               1.0261779447373083              0.0308056846465011              1.0369669427596342              2.5924173568990860              1.3999999999999999              1.3999999999999999
       0.71250000               1.0273479644472447              0.0321624110161746              1.0386233732855619              2.5965584332139056              1.3999999999999999              1.3999999999999999
       0.71750000               1.0285303103693293              0.0335320068313100              1.0402982648127248              2.6007456620318123              1.3999999999999999              1.3999999999999999
       0.72250000               1.0297248660590974              0.0349139943270701              1.0419903465884546              2.6049758664711371              1.3999999999999999              1.3999999999999999
       0.72750000               1.0309303080073038              0.0363077130709913              1.0436986642729313              2.6092466606823286              1.3999999999999999              1.3999999999999999
       0.73250000               1.0321453838068047              0.0377122400388711              1.0454226678966665              2.6135566697416670              1.3999999999999999              1.3999999999999999
       0.73750000               1.0333727886348076              0.0391259151296740              1.0471627996200270              2.6179069990500685              1.3999999999999999              1.3999999999999999
       0.74250000               1.0346107463162519              0.0405473965936779              1.0489191917123741              2.6222979792809364              1.3999999999999999              1.3999999999999999
       0.74750000               1.0358562516719523              0.0419778872481752              1.0506889024006614              2.6267222560016541              1.3999999999999999              1.3999999999999999
       0.75250000               1.0371093683546921              0.0434180444580572              1.0524697118213606              2.6311742795534019              1.3999999999999999              1.3999999999999999
       0.75750000               1.0383682394578284              0.0448687920707130              1.0542591173743681              2.6356477934359210              1.3999999999999999              1.3999999999999999
       0.76250000               1.0396325650560891              0.0463282302395262              1.0560581538378466              2.6401453845946170              1.3999999999999999              1.3999999999999999
       0.76750000               1.0409043597600467              0.0477930183420688              1.0578697019267884              2.6446742548169717              1.3999999999999999              1.3999999999999999
       0.77250000               1.0421858572886631              0.0492608199999683              1.0596954611236526              2.6492386528091325              1.3999999999999999              1.3999999999999999
       0.77750000               1.0434733865629142              0.0507330621237027              1.0615324907325403              2.6538312268313518              1.3999999999999999              1.3999999999999999
       0.78250000               1.0447654790989711              0.0522106887444983              1.0633784687640768              2.6584461719101924              1.3999999999999999              1.3999999999999999
       0.78750000               1.0460632505719762              0.0536942264511026              1.0652316070424910              2.6630790176062278              1.3999999999999999              1.3999999999999999
       0.79250000               1.0473658377140078              0.0551832304247774              1.0670913603565781              2.6677284008914461              1.3999999999999999              1.3999999999999999
       0.79750000               1.0486738533341020              0.0566766357686744              1.0689579622354959              2.6723949055887402              1.3999999999999999              1.3999999999999999
       0.80250000               1.0499906269818366              0.0581720222199243              1.0708333897514968              2.6770834743787422              1.3999999999999999              1.3999999999999999
       0.80750000               1.0513096729925275              0.0596700353970164              1.0727157758818264              2.6817894397045667              1.3999999999999999              1.3999999999999999
       0.81250000               1.0526319121144461              0.0611711974900000              1.0746034056661831              2.6865085141654577              1.3999999999999999              1.3999999999999999
       0.81750000               1.0539580379485269              0.0626755074887373              1.0764952398014334              2.6912380995035843              1.3999999999999999              1.3999999999999999
       0.82250000               1.0552825347369508              0.0641822992183286              1.0783910253310596              2.6959775633276490              1.3999999999999999              1.3999999999999999
       0.82750000               1.0566089340273781              0.0656901728192726              1.0802915037384371              2.7007287593460934              1.3999999999999999              1.3999999999999999
       0.83250000               1.0579415696595174              0.0671963530768503              1.0821990597404418              2.7054976493511051              1.3999999999999999              1.3999999999999999
       0.83750000               1.0592775967181227              0.0686995527960213              1.0841143144755707              2.7102857861889271              1.3999999999999999              1.3999999999999999
       0.84250000               1.0606144389110848              0.0702029758473517              1.0860320655624769              2.7150801639061930              1.3999999999999999              1.3999999999999999
       0.84750000               1.0619512514716611              0.0717089281006552              1.0879482277451467              2.7198705693628673              1.3999999999999999              1.3999999999999999
       0.85250000               1.0632845503549517              0.0732173991052399              1.0898617153205581              2.7246542883013958              1.3999999999999999              1.3999999999999999
       0.85750000               1.0646146935620733              0.0747256976184369              1.0917745286807294              2.7294363217018245              1.3999999999999999              1.3999999999999999
       0.86250000               1.0659490855361704              0.0762308682538631              1.0936895278872971              2.7342238197182436              1.3999999999999999              1.3999999999999999
       0.86750000               1.0672853140958736              0.0777304169696934              1.0956081574316767              2.7390203935791924              1.3999999999999999              1.3999999999999999
       0.87250000               1.0686180072545277              0.0792258797135382              1.0975275857093316              2.7438189642733297              1.3999999999999999              1.3999999999999999
       0.87750000               1.0699520103129510              0.0807178169053877              1.0994450960503415              2.7486127401258540              1.3999999999999999              1.3999999999999999
       0.88250000               1.0712830973825378              0.0822067688541047              1.1013583391523722              2.7533958478809315              1.3999999999999999              1.3999999999999999
       0.88750000               1.0726066221024146              0.0836926706025327              1.1032662370252797              2.7581655925631998              1.3999999999999999              1.3999999999999999
       0.89250000               1.0739303040594919              0.0851725090770306              1.1051693438766996              2.7629233596917495              1.3999999999999999              1.3999999999999999
       0.89750000               1.0752569943866115              0.0866420362083154              1.1070756171571610              2.7676890428929029              1.3999999999999999              1.3999999999999999
       0.90250000               1.0765726725866982              0.0881061608630831              1.1089762045430702              2.7724405113576762              1.3999999999999999              1.3999999999999999
       0.90750000               1.0778838848621732              0.0895712575776008              1.1108658586950351              2.7771646467375883              1.3999999999999999              1.3999999999999999
       0.91250000               1.0791852872580001              0.0910284519630968              1.1127398912921931              2.7818497282304833              1.3999999999999999              1.3999999999999999
       0.91750000               1.0804713751160862              0.0924676347570215              1.1146001595221489              2.7865003988053729              1.3999999999999999              1.3999999999999999
       0.92250000               1.0817399016564624              0.0938803361891824              1.1164330429240656              2.7910826073101647              1.3999999999999999              1.3999999999999999
       0.92750000               1.0829798122343179              0.0952537036030232              1.1182191648481781              2.7955479121204458              1.3999999999999999              1.3999999999999999
       0.93250000               1.0842263681673481              0.0966204172504646              1.1200251873239813              2.8000629683099540              1.3999999999999999              1.3999999999999999
       0.93750000               1.0856102866272634              0.0981447018187688              1.1220341077991531              2.8050852694978836              1.3999999999999999              1.3999999999999999
       0.94250000               1.0872700277591438              0.0999889953277153              1.1244283296206137              2.8110708240515350              1.3999999999999999              1.3999999999999999
       0.94750000               1.0889334153482997              0.1018606107574504              1.1268411354036396              2.8171028385090997              1.3999999999999999              1.3999999999999999
       0.95250000               1.0899364751121026              0.1029609084435412              1.1283047523672181              2.8207618809180457              1.3999999999999999              1.3999999999999999
       0.95750000               1.0898110681403455              0.1027787743937710              1.1281118436473947              2.8202796091184874              1.3999999999999999              1.3999999999999999
       0.96250000               1.0858326731634571              0.0984957958229681              1.1223605223525457              2.8059013058813647              1.3999999999999999              1.3999999999999999
       0.96750000               1.0749452343479511              0.0862388866172652              1.1066315016683652              2.7665787541709137              1.3999999999999999              1.3999999999999999
       0.97250000               1.0501780398618972              0.0583585586546989              1.0710692190879922              2.6776730477199813              1.3999999999999999              1.3999999999999999
       0.97750000               1.0204487088403524              0.0240277478404287              1.0288205055517712              2.5720512638794286              1.3999999999999999              1.3999999999999999
       0.98250000               1.0051670660484151              0.0061876580516010              1.0073093586844009              2.5182733967110025              1.3999999999999999              1.3999999999999999
       0.98750000               1.0015946701909879              0.0019741799656604              1.0023041929348153              2.5057604823370387              1.3999999999999999              1.3999999999999999
       0.99250000               1.0005775269977355              0.0007716403999467              1.0008791379671158              2.5021978449177902              1.3999999999999999              1.3999999999999999
       0.99750000               1.0002591960251956              0.0003962199085587              1.0004341327647919              2.5010853319119803              1.3999999999999999              1.3999999999999999
