       0.00250000               1.0805141687440685              0.0923387017528471              1.1145068574203083              2.7862671435507713              1.3999999999999999              1.3999999999999999
       0.00750000               1.0831046150794501              0.0952163955421883              1.1182493697545672              2.7956234243864184              1.3999999999999999              1.3999999999999999
       0.01250000               1.0856015965757886              0.0979853555559822              1.1218602413302747              2.8046506033256877              1.3999999999999999              1.3999999999999999
       0.01750000               1.0879876838891582              0.1006263674033260              1.1253138564048915              2.8132846410122294              1.3999999999999999              1.3999999999999999
       0.02250000               1.0902426403550269              0.1031185508412468              1.1285804631356491              2.8214511578391233              1.3999999999999999              1.3999999999999999
       0.02750000               1.0923440281594743              0.1054376579963495              1.1316270334529870              2.8290675836324684              1.3999999999999999              1.3999999999999999
       0.03250000               1.0942663204392742              0.1075556525685718              1.1344160098587392              2.8360400246468487              1.3999999999999999              1.3999999999999999
       0.03750000               1.0959794511120153              0.1094404975530750              1.1369031768336084              2.8422579420840215              1.3999999999999999              1.3999999999999999
       0.04250000               1.0974483792251506              0.1110543083790146              1.1390370461407420              2.8475926153518554              1.3999999999999999              1.3999999999999999
       0.04750000               1.0986306695260390              0.1123522627012964              1.1407553519714795              2.8518883799286994              1.3999999999999999              1.3999999999999999
       0.05250000               1.0994757801585315              0.1132793911404546              1.1419840693193835              2.8549601732984593              1.3999999999999999              1.3999999999999999
       0.05750000               1.0999253260760293              0.1137723178832499              1.1426378303658964              2.8565945759147415              1.3999999999999999              1.3999999999999999
       0.06250000               1.0999154860660438              0.1137610392953677              1.1426235368852655              2.8565588422131647              1.3999999999999999              1.3999999999999999
       0.06750000               1.0993650166585911              0.1131575982165236              1.1418230490446146              2.8545576226115377              1.3999999999999999              1.3999999999999999
       0.07250000               1.0981673462947616              0.1118448935674367              1.1400819478100823              2.8502048695252067              1.3999999999999999              1.3999999999999999
       0.07750000               1.0961952764958471              0.1096763611402358              1.1372167152718584              2.8430417881796464              1.3999999999999999              1.3999999999999999
       0.08250000               1.0933019037234615              0.1064959948678943              1.1330166498671788              2.8325416246679480              1.3999999999999999              1.3999999999999999
       0.08750000               1.0893485696084921              0.1021291118855155              1.1272850930367277              2.8182127325918200              1.3999999999999999              1.3999999999999999
       0.09250000               1.0842060733024417              0.0964484447156746              1.1198419262320272              2.7996048155800684              1.3999999999999999              1.3999999999999999
       0.09750000               1.0778681037066333              0.0893839596352119              1.1106878009561734              2.7767195023904341              1.3999999999999999              1.3999999999999999
       0.10250000               1.0704467489897829              0.0811112255153669              1.0999962248265811              2.7499905620664533              1.3999999999999999              1.3999999999999999
       0.10750000               1.0623277643136562              0.0719708204710578              1.0883334545818113              2.7208336364545285              1.3999999999999999              1.3999999999999999
       0.11250000               1.0539974351986845              0.0625522705112617              1.0764040977122713              2.6910102442806787              1.3999999999999999              1.3999999999999999
       0.11750000               1.0459954974808205              0.0534486158356928              1.0649805174521056              2.6624512936302644              1.3999999999999999              1.3999999999999999
       0.12250000               1.0387358718445907              0.0451321554077795              1.0546469402273617              2.6366173505684047              1.3999999999999999              1.3999999999999999
       0.12750000               1.0324162732699846              0.0378685087929592              1.0456749622866899              2.6141874057167254              1.3999999999999999              1.3999999999999999
       0.13250000               1.0270673893032405              0.0316809809604628              1.0380982730174664              2.5952456825436663              1.3999999999999999              1.3999999999999999
       0.13750000               1.0225827490450581              0.0264823943625804              1.0317579296856039              2.5793948242140101              1.3999999999999999              1.3999999999999999
       0.14250000               1.0188368004425787              0.0221200314679568              1.0264704507237568              2.5661761268093923              1.3999999999999999              1.3999999999999999
       0.14750000               1.0157016362750095              0.0184618361452209              1.0220510730722014              2.5551276826805043              1.3999999999999999              1.3999999999999999
       0.15250000               1.0130761025531447              0.0153921338353085              1.0183542711228628              2.5458856778071572              1.3999999999999999              1.3999999999999999
       0.15750000               1.0108782303814134              0.0128146360154335              1.0152625684264143              2.5381564210660366              1.3999999999999999              1.3999999999999999
       0.16250000               1.0090360293842666              0.0106533709909399              1.0126732505257794              2.5316831263144493              1.3999999999999999              1.3999999999999999
       0.16750000               1.0074935564489294              0.0088396288185632              1.0105066705374190              2.5262666763435480              1.3999999999999999              1.3999999999999999
       0.17250000               1.0062013319378933              0.0073195031428275              1.0086926136563188              2.5217315341407973              1.3999999999999999              1.3999999999999999
       0.17750000               1.0051202115381268              0.0060458082815889              1.0071756253933601              2.5179390634834005              1.3999999999999999              1.3999999999999999
       0.18250000               1.0042163883401169              0.0049805164883789              1.0059079145756498              2.5147697864391252              1.3999999999999999              1.3999999999999999
       0.18750000               1.0034622039751784              0.0040908861392345              1.0048504376542484              2.5121260941356218              1.3999999999999999              1.3999999999999999
       0.19250000               1.0028341083842334              0.0033495920369997              1.0039699981397285              2.5099249953493219              1.3999999999999999              1.3999999999999999
       0.19750000               1.0023122561320332              0.0027334426057741              1.0032386539946312              2.5080966349865785              1.3999999999999999              1.3999999999999999
       0.20250000               1.0018798850978716              0.0022227087686244              1.0026328276348719              2.5065820690871807              1.3999999999999999              1.3999999999999999
       0.20750000               1.0015227202080323              0.0018006880430291              1.0021324568813659              2.5053311422034157              1.3999999999999999              1.3999999999999999
       0.21250000               1.0012286687503555              0.0014531343236237              1.0017205585396201              2.5043013963490508              1.3999999999999999              1.3999999999999999
       0.21750000               1.0009874405575034              0.0011679454700324              1.0013826895314111              2.5034567238285286              1.3999999999999999              1.3999999999999999
       0.22250000               1.0007902947693004              0.0009348339641636              1.0011065873881266              2.5027664684703170              1.3999999999999999              1.3999999999999999
       0.22750000               1.0006298202488750              0.0007450613199424              1.0008818593084756              2.5022046482711895              1.3999999999999999              1.3999999999999999
       0.23250000               1.0004997404905249              0.0005912253478802              1.0006997065426508              2.5017492663566276              1.3999999999999999              1.3999999999999999
       0.23750000               1.0003947596508922              0.0004670645492414              1.0005527070965596              2.5013817677414001              1.3999999999999999              1.3999999999999999
       0.24250000               1.0003104186118166              0.0003673042130271              1.0004346130019370              2.5010865325048433              1.3999999999999999              1.3999999999999999
       0.24750000               1.0002429784117537              0.0002875143486262              1.0003401862780636              2.5008504656951596              1.3999999999999999              1.3999999999999999
       0.25250000               1.0001893114748670              0.0002239953980935              1.0002650460709150              2.5006626151772879              1.3999999999999999              1.3999999999999999
       0.25750000               1.0001468067257200              0.0001736789841080              1.0002055354168335              2.5005138385420844              1.3999999999999999              1.3999999999999999
       0.26250000               1.0001132989805006              0.0001340270744827              1.0001586221222247              2.5003965553055623              1.3999999999999999              1.3999999999999999
       0.26750000               1.0000870119581486              0.0001029387274450              1.0001218187983938              2.5003045469959848              1.3999999999999999              1.3999999999999999
       0.27250000               1.0000664943296951              0.0000786859621243              1.0000930932091461              2.5002327330228655              1.3999999999999999              1.3999999999999999
       0.27750000               1.0000505636390165              0.0000598588496294              1.0000707896800873              2.5001769742002189              1.3999999999999999              1.3999999999999999
       0.28250000               1.0000382631233624              0.0000453118400121              1.0000535685956833              2.5001339214892089              1.3999999999999999              1.3999999999999999
       0.28750000               1.0000288205750445              0.0000341223706307              1.0000403487721099              2.5001008719302753              1.3999999999999999              1.3999999999999999
       0.29250000               1.0000216078468416              0.0000255617818341              1.0000302507433574              2.5000756268583939              1.3999999999999999              1.3999999999999999
       0.29750000               1.0000161224140958              0.0000190517121556              1.0000225709348340              2.5000564273370856              1.3999999999999999              1.3999999999999999
       0.30250000               1.0000119643795893              0.0000141360861925              1.0000167494616721              2.5000418736541805              1.3999999999999999              1.3999999999999999
       0.30750000               1.0000088185441658              0.0000104560389182              1.0000123450223579              2.5000308625558958              1.3999999999999999              1.3999999999999999
       0.31250000               1.0000064580403065              0.0000077070864671              1.0000090399827928              2.5000225999569823              1.3999999999999999              1.3999999999999999
       0.31750000               1.0000047036314366              0.0000056554439374              1.0000065833935281              2.5000164584838207              1.3999999999999999              1.3999999999999999
       0.32250000               1.0000034103343043              0.0000041277344019              1.0000047722605896              2.5000119306514743              1.3999999999999999              1.3999999999999999
       0.32750000               1.0000024613357392              0.0000029969157617              1.0000034430291984              2.5000086075729966              1.3999999999999999              1.3999999999999999
       0.33250000               1.0000017686872740              0.0000021642630303              1.0000024725570142              2.5000061813925361              1.3999999999999999              1.3999999999999999
       0.33750000               1.0000012640597353              0.0000015565070071              1.0000017651718611              2.5000044129296533              1.3999999999999999              1.3999999999999999
       0.34250000               1.0000008939847049              0.0000011204689133              1.0000012460114482              2.5000031150286217              1.3999999999999999              1.3999999999999999
       0.34750000               1.0000006221960362              0.0000008115913106              1.0000008643037142              2.5000021607592857              1.3999999999999999              1.3999999999999999
       0.35250000               1.0000004261545918              0.0000005912178629              1.0000005885035741              2.5000014712589360              1.3999999999999999              1.3999999999999999
       0.35750000               1.0000002899074452              0.0000004297131397              1.0000003962985293              2.5000009907463236              1.3999999999999999              1.3999999999999999
       0.36250000               1.0000002072706764              0.0000002985693572              1.0000002790665443              2.5000006976663611              1.3999999999999999              1.3999999999999999
       0.36750000               1.0000001586402671              0.0000001946684874              1.0000002094139990              2.5000005235349980              1.3999999999999999              1.3999999999999999
       0.37250000               1.0000001233417830              0.0000001232453680              1.0000001584655962              2.5000003961639909              1.3999999999999999              1.3999999999999999
       0.37750000               1.0000000905354722              0.0000000831431038              1.0000001111337813              2.5000002778344537              1.3999999999999999              1.3999999999999999
       0.38250000               1.0000000612385196              0.0000000630367098              1.0000000689462756              2.5000001723656897              1.3999999999999999              1.3999999999999999
       0.38750000               1.0000000360823131              0.0000000548789094              1.0000000329081769              2.5000000822704425              1.3999999999999999              1.3999999999999999
       0.39250000               1.0000000182267870              0.0000000496887177              1.0000000075709148              2.5000000189272873              1.3999999999999999              1.3999999999999999
       0.39750000               1.0000000120691181              0.0000000385053216              0.9999999992279678              2.4999999980699199              1.3999999999999999              1.3999999999999999
       0.40250000               1.0000000135945815              0.0000000234061817              1.0000000023818176              2.5000000059545444              1.3999999999999999              1.3999999999999999
       0.40750000               1.0000000166800278              0.0000000097308428              1.0000000085826972              2.5000000214567435              1.3999999999999999              1.3999999999999999
       0.41250000               1.0000000153966866              0.0000000031766385              1.0000000096023520              2.5000000240058804              1.3999999999999999              1.3999999999999999
       0.41750000               1.0000000073779152              0.0000000056173320              1.0000000021921907              2.5000000054804770              1.3999999999999999              1.3999999999999999
       0.42250000               0.9999999960907082              0.0000000123760548              0.9999999911743699              2.4999999779359254              1.3999999999999999              1.3999999999999999
       0.42750000               0.9999999850038525              0.0000000189633292              0.9999999813727202              2.4999999534318009              1.3999999999999999              1.3999999999999999
       0.43250000               0.9999999777909885              0.0000000209041114              0.9999999777490977              2.4999999443727448              1.3999999999999999              1.3999999999999999
       0.43750000               0.9999999794700712              0.0000000121861356              0.9999999871913147              2.4999999679782872              1.3999999999999999              1.3999999999999999
       0.44250000               0.9999999857308858             -0.0000000019253481              1.0000000033169552              2.5000000082923886              1.3999999999999999              1.3999999999999999
       0.44750000               0.9999999894828994             -0.0000000129520485              1.0000000159920082              2.5000000399800206              1.3999999999999999              1.3999999999999999
       0.45250000               0.9999999840467029             -0.0000000126466789              1.0000000153897841              2.5000000384744610              1.3999999999999999              1.3999999999999999
       0.45750000               0.9999999655286479              0.0000000037215223              0.9999999958673825              2.4999999896684568              1.3999999999999999              1.3999999999999999
       0.46250000               0.9999999441331515              0.0000000244900363              0.9999999711941707              2.4999999279854275              1.3999999999999999              1.3999999999999999
       0.46750000               0.9999999295958505              0.0000000381561831              0.9999999549607050              2.4999998874017630              1.3999999999999999              1.3999999999999999
       0.47250000               0.9999999318638790              0.0000000333166584              0.9999999606467129              2.4999999016167829              1.3999999999999999              1.3999999999999999
       0.47750000               0.9999999457076225              0.0000000158646895              0.9999999812707819              2.4999999531769554              1.3999999999999999              1.3999999999999999
       0.48250000               0.9999999625366196             -0.0000000036798449              1.0000000043801147              2.5000000109502878              1.3999999999999999              1.3999999999999999
       0.48750000               0.9999999726698663             -0.0000000150709619              1.0000000178480433              2.5000000446201089              1.3999999999999999              1.3999999999999999
       0.49250000               0.9999999661372795             -0.0000000051885143              1.0000000061485903              2.5000000153714765              1.3999999999999999              1.3999999999999999
       0.49750000               0.9999999479738004              0.0000000174963219              0.9999999793039603              2.4999999482599016              1.3999999999999999              1.3999999999999999
       0.50250000               0.9999999337429957              0.0000000357934775              0.9999999576533156              2.4999998941332895              1.3999999999999999              1.3999999999999999
       0.50750000               0.9999999319044568              0.0000000414972946              0.9999999509056653              2.4999998772641638              1.3999999999999999              1.3999999999999999
       0.51250000               0.9999999371856171              0.0000000393256427              0.9999999534789202              2.4999998836973010              1.3999999999999999              1.3999999999999999
       0.51750000               0.9999999429285056              0.0000000334516503              0.9999999604358757              2.4999999010896898              1.3999999999999999              1.3999999999999999
       0.52250000               0.9999999451288375              0.0000000279263846              0.9999999669843425              2.4999999174608565              1.3999999999999999              1.3999999999999999
       0.52750000               0.9999999404042800              0.0000000285074908              0.9999999663138457              2.4999999157846147              1.3999999999999999              1.3999999999999999
       0.53250000               0.9999999237359753              0.0000000470286489              0.9999999444261184              2.4999998610652967              1.3999999999999999              1.3999999999999999
       0.53750000               0.9999999056489935              0.0000000709296604              0.9999999161883105              2.4999997904707771              1.3999999999999999              1.3999999999999999
       0.54250000               0.9999998983394847              0.0000000823264353              0.9999999027701093              2.4999997569252739              1.3999999999999999              1.3999999999999999
       0.54750000               0.9999999056288060              0.0000000727667641              0.9999999141860254              2.4999997854650640              1.3999999999999999              1.3999999999999999
       0.55250000               0.9999999212721108              0.0000000523631646              0.9999999384916516              2.4999998462291297              1.3999999999999999              1.3999999999999999
       0.55750000               0.9999999348388614              0.0000000340501535              0.9999999604143426              2.4999999010358569              1.3999999999999999              1.3999999999999999
       0.56250000               0.9999999379220130              0.0000000269281303              0.9999999692343112              2.4999999230857783              1.3999999999999999              1.3999999999999999
       0.56750000               0.9999999300646628              0.0000000297721361              0.9999999664732492              2.4999999161831239              1.3999999999999999              1.3999999999999999
       0.57250000               0.9999999186552766              0.0000000378987870              0.9999999577810487              2.4999998944526225              1.3999999999999999              1.3999999999999999
       0.57750000               0.9999999075644959              0.0000000473791904              0.9999999479680972              2.4999998699202433              1.3999999999999999              1.3999999999999999
       0.58250000               0.9999998997265782              0.0000000534888798              0.9999999428640403              2.4999998571601010              1.3999999999999999              1.3999999999999999
       0.58750000               0.9999999005844867              0.0000000481630535              0.9999999523643425              2.4999998809108566              1.3999999999999999              1.3999999999999999
       0.59250000               0.9999999130022476              0.0000000323667283              0.9999999758446156              2.4999999396115395              1.3999999999999999              1.3999999999999999
       0.59750000               0.9999999270368901              0.0000000189073041              0.9999999989051145              2.4999999972627864              1.3999999999999999              1.3999999999999999
       0.60250000               0.9999999315261233              0.0000000199767981              1.0000000082131890              2.5000000205329731              1.3999999999999999              1.3999999999999999
       0.60750000               0.9999999250447492              0.0000000367445617              1.0000000039608627              2.5000000099021573              1.3999999999999999              1.3999999999999999
       0.61250000               0.9999999178087859              0.0000000625063440              0.9999999963390233              2.4999999908475585              1.3999999999999999              1.3999999999999999
       0.61750000               0.9999999177268336              0.0000000909687014              0.9999999960128109              2.4999999900320278              1.3999999999999999              1.3999999999999999
       0.62250000               0.9999999311329748              0.0000001161558412              1.0000000146144072              2.5000000365360182              1.3999999999999999              1.3999999999999999
       0.62750000               0.9999999681906596              0.0000001299159898              1.0000000682173520              2.5000001705433808              1.3999999999999999              1.3999999999999999
       0.63250000               1.0000000261891802              0.0000001461428518              1.0000001493899588              2.5000003734748981              1.3999999999999999              1.3999999999999999
       0.63750000               1.0000000957041586              0.0000001871084961              1.0000002443296632              2.5000006108241584              1.3999999999999999              1.3999999999999999
       0.64250000               1.0000001666932854              0.0000002767819536              1.0000003420620396              2.5000008551550996              1.3999999999999999              1.3999999999999999
       0.64750000               1.0000002515689546              0.0000004194888550              1.0000004614165547              2.5000011535413873              1.3999999999999999              1.3999999999999999
       0.65250000               1.0000003748525430              0.0000006167568241              1.0000006333813318              2.5000015834533302              1.3999999999999999              1.3999999999999999
       0.65750000               1.0000005630827811              0.0000008757446462              1.0000008941389738              2.5000022353474347              1.3999999999999999              1.3999999999999999
       0.66250000               1.0000008474374920              0.0000012078387665              1.0000012906608564              2.5000032266521419              1.3999999999999999              1.3999999999999999
       0.66750000               1.0000012562847125              0.0000016472707393              1.0000018637844466              2.5000046594611169              1.3999999999999999              1.3999999999999999
       0.67250000               1.0000018166537423              0.0000022566954216              1.0000026481934285              2.5000066204835720              1.3999999999999999              1.3999999999999999
       0.67750000               1.0000025692406973              0.0000031113653819              1.0000036995616168              2.5000092489040426              1.3999999999999999              1.3999999999999999
       0.68250000               1.0000035752749576              0.0000042975592024              1.0000051071043412              2.5000127677608535              1.3999999999999999              1.3999999999999999
       0.68750000               1.0000049281251273              0.0000059164360642              1.0000070024909367              2.5000175062273420              1.3999999999999999              1.3999999999999999
       0.69250000               1.0000067499975496              0.0000081034549307              1.0000095537146836              2.5000238842867093              1.3999999999999999              1.3999999999999999
       0.69750000               1.0000091970280203              0.0000110351749755              1.0000129779370077              2.5000324448425197              1.3999999999999999              1.3999999999999999
       0.70250000               1.0000124667223116              0.0000149393695098              1.0000175552101593              2.5000438880253988              1.3999999999999999              1.3999999999999999
       0.70750000               1.0000168148777329              0.0000201078472704              1.0000236446094175              2.5000591115235444              1.3999999999999999              1.3999999999999999
       0.71250000               1.0000225720229174              0.0000269102017338              1.0000317057594053              2.5000792643985137              1.3999999999999999              1.3999999999999999
       0.71750000               1.0000301406506724              0.0000358303703804              1.0000423007356758              2.5001057518391900              1.3999999999999999              1.3999999999999999
       0.72250000               1.0000400175336224              0.0000474825766209              1.0000561286049825              2.5001403215124567              1.3999999999999999              1.3999999999999999
       0.72750000               1.0000528318545459              0.0000626253073902              1.0000740712655070              2.5001851781637683              1.3999999999999999              1.3999999999999999
       0.73250000               1.0000693756665113              0.0000821874206330              1.0000972345285473              2.5002430863213689              1.3999999999999999              1.3999999999999999
       0.73750000               1.0000906201356838              0.0001073130627490              1.0001269767491658              2.5003174418729150              1.3999999999999999              1.3999999999999999
       0.74250000               1.0001177434565791              0.0001394031488756              1.0001649512458726              2.5004123781146821              1.3999999999999999              1.3999999999999999
       0.74750000               1.0001521741679611              0.0001801553340909              1.0002131593044490              2.5005328982611230              1.3999999999999999              1.3999999999999999
       0.75250000               1.0001956411147637              0.0002315970137877              1.0002740188224979              2.5006850470562454              1.3999999999999999              1.3999999999999999
       0.75750000               1.0002502185054745              0.0002961219933671              1.0003504331186308              2.5008760827965775              1.3999999999999999              1.3999999999999999
       0.76250000               1.0003183103303801              0.0003766013419499              1.0004457729692737              2.5011144324231847              1.3999999999999999              1.3999999999999999
       0.76750000               1.0004027153516240              0.0004764049642999              1.0005639596299551              2.5014098990748885              1.3999999999999999              1.3999999999999999
       0.77250000               1.0005067044170990              0.0005993932983418              1.0007095725488258              2.5017739313720653              1.3999999999999999              1.3999999999999999
       0.77750000               1.0006340209098978              0.0007499782186380              1.0008878555486835              2.5022196388717095              1.3999999999999999              1.3999999999999999
       0.78250000               1.0007888805668732              0.0009331618176673              1.0011047214400992              2.5027618036002481              1.3999999999999999              1.3999999999999999
       0.78750000               1.0009759932403564              0.0011545271156666              1.0013667743826713              2.5034169359566785              1.3999999999999999              1.3999999999999999
       0.79250000               1.0012005901255545              0.0014201749834354              1.0016813488263874              2.5042033720659691              1.3999999999999999              1.3999999999999999
       0.79750000               1.0014683451442425              0.0017367323956158              1.0020564052931771              2.5051410132329432              1.3999999999999999              1.3999999999999999
       0.80250000               1.0017853205871234              0.0021112796982542              1.0025004605339625              2.5062511513349062              1.3999999999999999              1.3999999999999999
       0.80750000               1.0021578082786602              0.0025513539791469              1.0030223573440393              2.5075558933600988              1.3999999999999999              1.3999999999999999
       0.81250000               1.0025924202422025              0.0030645976410556              1.0036313939917478              2.5090784849793701              1.3999999999999999              1.3999999999999999
       0.81750000               1.0030957690255313              0.0036588340867279              1.0043368829730732              2.5108422074326837              1.3999999999999999              1.3999999999999999
       0.82250000               1.0036745576575916              0.0043416272634415              1.0051482845408817              2.5128707113522042              1.3999999999999999              1.3999999999999999
       0.82750000               1.0043349024815085              0.0051207268814701              1.0060742498256054              2.5151856245640145              1.3999999999999999              1.3999999999999999
       0.83250000               1.0050832290014637              0.0060026538951226              1.0071238801190925              2.5178097002977315              1.3999999999999999              1.3999999999999999
       0.83750000               1.0059248515121020              0.0069940177422356              1.0083047414277144              2.5207618535692866              1.3999999999999999              1.3999999999999999
       0.84250000               1.0068647453537929              0.0081002938344926              1.0096239540578964              2.5240598851447418              1.3999999999999999              1.3999999999999999
       0.84750000               1.0079067321806645              0.0093265196447267              1.0110870395106419              2.5277175987766056              1.3999999999999999              1.3999999999999999
       0.85250000               1.0090550393076798              0.0106752653059490              1.0127001121118160              2.5317502802795406              1.3999999999999999              1.3999999999999999
       0.85750000               1.0103109121657481              0.0121504745268521              1.0144651245117640              2.5361628112794103              1.3999999999999999              1.3999999999999999
       0.86250000               1.0116767760402146              0.0137525090801171              1.0163857176324367              2.5409642940810926              1.3999999999999999              1.3999999999999999
       0.86750000               1.0131532608013880              0.0154816645197104              1.0184630274469268              2.5461575686173177              1.3999999999999999              1.3999999999999999
       0.87250000               1.0147391478786498              0.0173382819132468              1.0206956063507961              2.5517390158769908              1.3999999999999999              1.3999999999999999
       0.87750000               1.0164345450342116              0.0193191466421616              1.0230838924439540              2.5577097311098855              1.3999999999999999              1.3999999999999999
       0.88250000               1.0182368607177779              0.0214223434417359              1.0256245437885299              2.5640613594713253              1.3999999999999999              1.3999999999999999
       0.88750000               1.0201432235022456              0.0236445994657020              1.0283138256642543              2.5707845641606366              1.3999999999999999              1.3999999999999999
       0.89250000               1.0221513296687319              0.0259804889946481              1.0311488088685949              2.5778720221714879              1.3999999999999999              1.3999999999999999
       0.89750000               1.0242563788927110              0.0284261715422164              1.0341230432413011              2.5853076081032533              1.3999999999999999              1.3999999999999999
       0.90250000               1.0264545636693874              0.0309755060347986              1.0372314830063414              2.5930787075158541              1.3999999999999999              1.3999999999999999
       0.90750000               1.0287411393084129              0.0336224706060461              1.0404677434082925              2.6011693585207318              1.3999999999999999              1.3999999999999999
       0.91250000               1.0311107498368237              0.0363609129073764              1.0438245610736745              2.6095614026841867              1.3999999999999999              1.3999999999999999
       0.91750000               1.0335582792758147              0.0391836912885620              1.0472949981269595              2.6182374953173992              1.3999999999999999              1.3999999999999999
       0.92250000               1.0360777100914618              0.0420840831439394              1.0508708254005554              2.6271770635013887              1.3999999999999999              1.3999999999999999
       0.92750000               1.0386631551549130              0.0450546845652187              1.0545439648052803              2.6363599120132015              1.3999999999999999              1.3999999999999999
       0.93250000               1.0413083644228243              0.0480880219407854              1.0583057961660876              2.6457644904152193              1.3999999999999999              1.3999999999999999
       0.93750000               1.0440069597464274              0.0511763112691686              1.0621474881643165              2.6553687204107921              1.3999999999999999              1.3999999999999999
       0.94250000               1.0467523084970611              0.0543116071904572              1.0660598201886908              2.6651495504717277              1.3999999999999999              1.3999999999999999
       0.94750000               1.0495375183713551              0.0574858088858387              1.0700331531956522              2.6750828829891309              1.3999999999999999              1.3999999999999999
       0.95250000               1.0523555282598762              0.0606905104300919              1.0740575709339917              2.6851439273349800              1.3999999999999999              1.3999999999999999
       0.95750000               1.0551990089941181              0.0639170597239554              1.0781227338015158              2.6953068345037900              1.3999999999999999              1.3999999999999999
       0.96250000               1.0580602357256588              0.0671566228458443              1.0822176974383244              2.7055442435958117              1.3999999999999999              1.3999999999999999
       0.96750000               1.0609311004031259              0.0704000843704797              1.0863309071500917              2.7158272678752300              1.3999999999999999              1.3999999999999999
       0.97250000               1.0638031580957581              0.0736378550789690              1.0904502817680786              2.7261257044201970              1.3999999999999999              1.3999999999999999
       0.97750000               1.0666675206464871              0.0768598465740901              1.0945630517504226              2.7364076293760569              1.3999999999999999              1.3999999999999999
       0.98250000               1.0695145969164530              0.0800555782825657              1.0986553869755584              2.7466384674388964              1.3999999999999999              1.3999999999999999
       0.98750000               1.0723342112853655              0.0832138404836286              1.1027125423230453              2.7567813558076142              1.3999999999999999              1.3999999999999999
       0.99250000               1.0751153553422816              0.0863226923892376              1.1067185242010125              2.7667963105025319              1.3999999999999999              1.3999999999999999
       0.99750000               1.0778464319867844              0.0893688853949770              1.1106564249948594              2.7766410624871494              1.3999999999999999              1.3999999999999999
