       0.00250000               0.9999996214759954              0.0000015232224969              0.9999998886366391              1.4999998329542088              1.6666666666670000              1.6666666666670000
       0.00750000               0.9999994446814648              0.0000013135908834              0.9999996105436644              1.4999994158147465              1.6666666666670000              1.6666666666670000
       0.01250000               0.9999993969651430              0.0000010601453236              0.9999995467502213              1.4999993201245820              1.6666666666670000              1.6666666666670000
       0.01750000               0.9999994262270930              0.0000007996101747              0.9999996059438895              1.4999994089150841              1.6666666666670000              1.6666666666670000
       0.02250000               0.9999994749344204              0.0000005736431447              0.9999997022119155              1.4999995533171231              1.6666666666670000              1.6666666666670000
       0.02750000               0.9999994998045386              0.0000004206004799              0.9999997626611290              1.4999996439909435              1.6666666666670000              1.6666666666670000
       0.03250000               0.9999994772307605              0.0000003613548242              0.9999997434363532              1.4999996151537798              1.6666666666670000              1.6666666666670000
       0.03750000               0.9999994083299237              0.0000003887359199              0.9999996416296225              1.4999994624436837              1.6666666666670000              1.6666666666670000
       0.04250000               0.9999992978109484              0.0000004818636798              0.9999994754937861              1.4999992132399291              1.6666666666670000              1.6666666666670000
       0.04750000               0.9999991649203720              0.0000006119270993              0.9999992760324571              1.4999989140479355              1.6666666666670000              1.6666666666670000
       0.05250000               0.9999990487263924              0.0000007284473872              0.9999991040341440              1.4999986560504661              1.6666666666670000              1.6666666666670000
       0.05750000               0.9999989839584201              0.0000007880917862              0.9999990123607019              1.4999985185403026              1.6666666666670000              1.6666666666670000
       0.06250000               0.9999989495612434              0.0000008080362476              0.9999989766832024              1.4999984650240534              1.6666666666670000              1.6666666666670000
       0.06750000               0.9999989321165283              0.0000008054876706              0.9999989732885554              1.4999984599320828              1.6666666666670000              1.6666666666670000
       0.07250000               0.9999989218961522              0.0000007953590679              0.9999989818870497              1.4999984728298246              1.6666666666670000              1.6666666666670000
       0.07750000               0.9999989189927453              0.0000007810896261              0.9999989973251828              1.4999984959870243              1.6666666666670000              1.6666666666670000
       0.08250000               0.9999989125452159              0.0000007677555882              0.9999990125613456              1.4999985188412683              1.6666666666670000              1.6666666666670000
       0.08750000               0.9999989049766836              0.0000007531872474              0.9999990300643941              1.4999985450958409              1.6666666666670000              1.6666666666670000
       0.09250000               0.9999989079791568              0.0000007248875381              0.9999990657431014              1.4999985986139019              1.6666666666670000              1.6666666666670000
       0.09750000               0.9999989497438297              0.0000006508964628              0.9999991607062458              1.4999987410586186              1.6666666666670000              1.6666666666670000
       0.10250000               0.9999990063402640              0.0000005532249438              0.9999992864365417              1.4999989296540623              1.6666666666670000              1.6666666666670000
       0.10750000               0.9999990425767830              0.0000004787691163              0.9999993823239420              1.4999990734851629              1.6666666666670000              1.6666666666670000
       0.11250000               0.9999990411555015              0.0000004520764520              0.9999994166331937              1.4999991249490405              1.6666666666670000              1.6666666666670000
       0.11750000               0.9999990136025400              0.0000004630907640              0.9999994023174023              1.4999991034753535              1.6666666666670000              1.6666666666670000
       0.12250000               0.9999989585214428              0.0000005046394476              0.9999993486170794              1.4999990229248690              1.6666666666670000              1.6666666666670000
       0.12750000               0.9999988705211853              0.0000005853100675              0.9999992444330981              1.4999988666488970              1.6666666666670000              1.6666666666670000
       0.13250000               0.9999987246424703              0.0000007393930062              0.9999990454885617              1.4999985682320924              1.6666666666670000              1.6666666666670000
       0.13750000               0.9999985255042770              0.0000009659669402              0.9999987529676433              1.4999981294507150              1.6666666666670000              1.6666666666670000
       0.14250000               0.9999983186179764              0.0000011974716397              0.9999984540868965              1.4999976811295948              1.6666666666670000              1.6666666666670000
       0.14750000               0.9999981782383277              0.0000013391828480              0.9999982711327775              1.4999974066984163              1.6666666666670000              1.6666666666670000
       0.15250000               0.9999982324349076              0.0000012280049965              0.9999984146594293              1.4999976219883939              1.6666666666670000              1.6666666666670000
       0.15750000               0.9999985219025330              0.0000008160855916              0.9999989464439509              1.4999984196651763              1.6666666666670000              1.6666666666670000
       0.16250000               0.9999987964648863              0.0000004177665058              0.9999994606735244              1.4999991910095365              1.6666666666670000              1.6666666666670000
       0.16750000               0.9999988586873160              0.0000002897744473              0.9999996259158980              1.4999994388730968              1.6666666666670000              1.6666666666670000
       0.17250000               0.9999987468707540              0.0000003844572145              0.9999995036904988              1.4999992555349981              1.6666666666670000              1.6666666666670000
       0.17750000               0.9999985506915957              0.0000005905352554              0.9999992376601614              1.4999988564894922              1.6666666666670000              1.6666666666670000
       0.18250000               0.9999983567905874              0.0000007873286784              0.9999989836247788              1.4999984754364182              1.6666666666670000              1.6666666666670000
       0.18750000               0.9999982879749070              0.0000008179886402              0.9999989440799162              1.4999984161191242              1.6666666666670000              1.6666666666670000
       0.19250000               0.9999983343542129              0.0000006967312440              0.9999991006805073              1.4999986510200110              1.6666666666670000              1.6666666666670000
       0.19750000               0.9999984330606533              0.0000005105231571              0.9999993411655083              1.4999990117475124              1.6666666666670000              1.6666666666670000
       0.20250000               0.9999985113968314              0.0000003439578800              0.9999995563442043              1.4999993345155564              1.6666666666670000              1.6666666666670000
       0.20750000               0.9999985162332280              0.0000002676241299              0.9999996551158109              1.4999994826729661              1.6666666666670000              1.6666666666670000
       0.21250000               0.9999984408843658              0.0000002900045700              0.9999996265729407              1.4999994398586609              1.6666666666670000              1.6666666666670000
       0.21750000               0.9999983138522575              0.0000003812571602              0.9999995093075053              1.4999992639605080              1.6666666666670000              1.6666666666670000
       0.22250000               0.9999981488607033              0.0000005138198531              0.9999993390013335              1.4999990085012502              1.6666666666670000              1.6666666666670000
       0.22750000               0.9999979762384111              0.0000006514898163              0.9999991625409339              1.4999987438106506              1.6666666666670000              1.6666666666670000
       0.23250000               0.9999978313426314              0.0000007473292277              0.9999990407445147              1.4999985611160220              1.6666666666670000              1.6666666666670000
       0.23750000               0.9999977700701183              0.0000007375119545              0.9999990563397088              1.4999985845088131              1.6666666666670000              1.6666666666670000
       0.24250000               0.9999978179969885              0.0000005791924026              0.9999992651237891              1.4999988976849337              1.6666666666670000              1.6666666666670000
       0.24750000               0.9999978848944209              0.0000003924892668              0.9999995127330649              1.4999992690988473              1.6666666666670000              1.6666666666670000
       0.25250000               0.9999978891256945              0.0000002806313863              0.9999996669315697              1.4999995003966047              1.6666666666670000              1.6666666666670000
       0.25750000               0.9999978444330768              0.0000002345841307              0.9999997408766950              1.4999996113142922              1.6666666666670000              1.6666666666670000
       0.26250000               0.9999977753173279              0.0000002164540926              0.9999997856391257              1.4999996784579386              1.6666666666670000              1.6666666666670000
       0.26750000               0.9999977043404100              0.0000002038838511              0.9999998331608622              1.4999997497405431              1.6666666666670000              1.6666666666670000
       0.27250000               0.9999976531522854              0.0000001652871773              0.9999999286019453              1.4999998929021681              1.6666666666670000              1.6666666666670000
       0.27750000               0.9999976728550185              0.0000000467104391              1.0000001478189071              1.5000002217276107              1.6666666666670000              1.6666666666670000
       0.28250000               0.9999976923525326             -0.0000000593353399              1.0000003801097503              1.5000005701638754              1.6666666666670000              1.6666666666670000
       0.28750000               0.9999976089417557             -0.0000000055435515              1.0000004475166373              1.5000006712742060              1.6666666666670000              1.6666666666670000
       0.29250000               0.9999971908787658              0.0000005102966687              0.9999999768795726              1.4999999653186087              1.6666666666670000              1.6666666666670000
       0.29750000               0.9999967013463718              0.0000011783715390              0.9999993916694083              1.4999990875033624              1.6666666666670000              1.6666666666670000
       0.30250000               0.9999965036436529              0.0000015482903720              0.9999993056574110              1.4999989584853664              1.6666666666670000              1.6666666666670000
       0.30750000               0.9999966984141954              0.0000015232144661              0.9999998880492116              1.4999998320730672              1.6666666666670000              1.6666666666670000
       0.31250000               0.9999970390463627              0.0000014577550601              1.0000007411031966              1.5000011116540448              1.6666666666670000              1.6666666666670000
       0.31750000               0.9999973946615404              0.0000016038934897              1.0000016206617193              1.5000024309918290              1.6666666666670000              1.6666666666670000
       0.32250000               0.9999976871974723              0.0000021345232966              1.0000024125134144              1.5000036187693713              1.6666666666670000              1.6666666666670000
       0.32750000               0.9999980623345448              0.0000029717021277              1.0000033627981986              1.5000050441965478              1.6666666666670000              1.6666666666670000
       0.33250000               0.9999986173900259              0.0000041343318002              1.0000046402200446              1.5000069603293167              1.6666666666670000              1.6666666666670000
       0.33750000               0.9999994993111258              0.0000056465782231              1.0000064682735692              1.5000097024096037              1.6666666666670000              1.6666666666670000
       0.34250000               1.0000008878960589              0.0000075136339643              1.0000091740957222              1.5000137611428332              1.6666666666670000              1.6666666666670000
       0.34750000               1.0000028303864144              0.0000100243482951              1.0000128196140099              1.5000192294202648              1.6666666666670000              1.6666666666670000
       0.35250000               1.0000053404318472              0.0000135947693165              1.0000174304504086              1.5000261456748627              1.6666666666670000              1.6666666666670000
       0.35750000               1.0000085134690779              0.0000186548481746              1.0000231750402726              1.5000347625596591              1.6666666666670000              1.6666666666670000
       0.36250000               1.0000128664878387              0.0000252370979888              1.0000309353616195              1.5000464030416794              1.6666666666670000              1.6666666666670000
       0.36750000               1.0000190953796697              0.0000333871476802              1.0000418242779945              1.5000627364162415              1.6666666666670000              1.6666666666670000
       0.37250000               1.0000275460350161              0.0000437760999506              1.0000564507916712              1.5000846761867566              1.6666666666670000              1.6666666666670000
       0.37750000               1.0000383994180524              0.0000575848484218              1.0000751341596279              1.5001127012386917              1.6666666666670000              1.6666666666670000
       0.38250000               1.0000522359611064              0.0000758497876141              1.0000988226026939              1.5001482339032908              1.6666666666670000              1.6666666666670000
       0.38750000               1.0000700436095076              0.0000994894859646              1.0001291416983074              1.5001937125467106              1.6666666666670000              1.6666666666670000
       0.39250000               1.0000928737136350              0.0001297439353611              1.0001679177921785              1.5002518766875177              1.6666666666670000              1.6666666666670000
       0.39750000               1.0001220892672196              0.0001680987335169              1.0002173718395773              1.5003260577586155              1.6666666666670000              1.6666666666670000
       0.40250000               1.0001592733942939              0.0002163638473628              1.0002801156114605              1.5004201734164406              1.6666666666670000              1.6666666666670000
       0.40750000               1.0002059767933205              0.0002770093486099              1.0003588127993077              1.5005382191982111              1.6666666666670000              1.6666666666670000
       0.41250000               1.0002639264235058              0.0003530821674442              1.0004563708945795              1.5006845563411191              1.6666666666670000              1.6666666666670000
       0.41750000               1.0003356610179421              0.0004475283114835              1.0005768821316343              1.5008653231967013              1.6666666666670000              1.6666666666670000
       0.42250000               1.0004242406679915              0.0005632745626189              1.0007255550568488              1.5010883325845226              1.6666666666670000              1.6666666666670000
       0.42750000               1.0005331898723735              0.0007035052966410              1.0009083543422490              1.5013625315126229              1.6666666666670000              1.6666666666670000
       0.43250000               1.0006655404099114              0.0008730193118503              1.0011301943995141              1.5016952915985202              1.6666666666670000              1.6666666666670000
       0.43750000               1.0008242301405943              0.0010773258603068              1.0013959936849088              1.5020939905266122              1.6666666666670000              1.6666666666670000
       0.44250000               1.0010123809311950              0.0013221317967508              1.0017111597077804              1.5025667395609195              1.6666666666670000              1.6666666666670000
       0.44750000               1.0012344480419133              0.0016120870389202              1.0020829701418927              1.5031244552120877              1.6666666666670000              1.6666666666670000
       0.45250000               1.0014950070195803              0.0019517206765091              1.0025190661832983              1.5037785992741957              1.6666666666670000              1.6666666666670000
       0.45750000               1.0017984344075237              0.0023455486459865              1.0030269725914840              1.5045404588864735              1.6666666666670000              1.6666666666670000
       0.46250000               1.0021496511524872              0.0027972054181157              1.0036148584165245              1.5054222876240342              1.6666666666670000              1.6666666666670000
       0.46750000               1.0025515102612066              0.0033123656421053              1.0042873920436313              1.5064310880646938              1.6666666666670000              1.6666666666670000
       0.47250000               1.0030059164339593              0.0038967375718151              1.0050479973449626              1.5075719960166902              1.6666666666670000              1.6666666666670000
       0.47750000               1.0035151891246508              0.0045543952644822              1.0059007276130050              1.5088510914187530              1.6666666666670000              1.6666666666670000
       0.48250000               1.0040820098708994              0.0052876670100610              1.0068501979637685              1.5102752969448976              1.6666666666670000              1.6666666666670000
       0.48750000               1.0047086864218837              0.0060983222490432              1.0078999121325070              1.5118498681980046              1.6666666666670000              1.6666666666670000
       0.49250000               1.0053969351074898              0.0069869937539611              1.0090529603908089              1.5135794405854563              1.6666666666670000              1.6666666666670000
       0.49750000               1.0061484036702613              0.0079523676289968              1.0103131024167344              1.5154696536243442              1.6666666666670000              1.6666666666670000
       0.50250000               1.0069621652468843              0.0089958870629355              1.0116787413747461              1.5175181120613603              1.6666666666670000              1.6666666666670000
       0.50750000               1.0078367538150281              0.0101192663059832              1.0131462881429187              1.5197194322136183              1.6666666666670000              1.6666666666670000
       0.51250000               1.0087704736842609              0.0113221144573837              1.0147134407926193              1.5220701611881675              1.6666666666670000              1.6666666666670000
       0.51750000               1.0097615591593292              0.0126021949092610              1.0163790605568785              1.5245685908345552              1.6666666666670000              1.6666666666670000
       0.52250000               1.0108101651883783              0.0139559969714360              1.0181426484058171              1.5272139726079621              1.6666666666670000              1.6666666666670000
       0.52750000               1.0119169889843613              0.0153791727960008              1.0200039902045903              1.5300059853061203              1.6666666666670000              1.6666666666670000
       0.53250000               1.0130797722613498              0.0168688327928679              1.0219603430945450              1.5329405146410509              1.6666666666670000              1.6666666666670000
       0.53750000               1.0142941410047919              0.0184235027522193              1.0240066422679424              1.5360099634011455              1.6666666666670000              1.6666666666670000
       0.54250000               1.0155587229276657              0.0200410476352161              1.0261383773292545              1.5392075659931121              1.6666666666670000              1.6666666666670000
       0.54750000               1.0168717125782389              0.0217188234347545              1.0283515267147756              1.5425272900713920              1.6666666666670000              1.6666666666670000
       0.55250000               1.0182303683543050              0.0234536892554808              1.0306426540419842              1.5459639810622035              1.6666666666670000              1.6666666666670000
       0.55750000               1.0196313746132981              0.0252412405307233              1.0330100078497730              1.5495150117738847              1.6666666666670000              1.6666666666670000
       0.56250000               1.0210738625387981              0.0270776891030366              1.0354511180282584              1.5531766770416109              1.6666666666670000              1.6666666666670000
       0.56750000               1.0225562371251575              0.0289625285991130              1.0379592916667573              1.5569389374993572              1.6666666666670000              1.6666666666670000
       0.57250000               1.0240751340639336              0.0308938273866466              1.0405298816071265              1.5607948224099093              1.6666666666670000              1.6666666666670000
       0.57750000               1.0256264182806583              0.0328687823995588              1.0431595841405241              1.5647393762100037              1.6666666666670000              1.6666666666670000
       0.58250000               1.0272082872643160              0.0348836191418206              1.0458465991789663              1.5687698987676650              1.6666666666670000              1.6666666666670000
       0.58750000               1.0288234011584272              0.0369332893128685              1.0485910681861905              1.5728866022784991              1.6666666666670000              1.6666666666670000
       0.59250000               1.0304693194447963              0.0390154271499361              1.0513897805535450              1.5770846708295292              1.6666666666670000              1.6666666666670000
       0.59750000               1.0321411398649722              0.0411293850669244              1.0542374127738663              1.5813561191600087              1.6666666666670000              1.6666666666670000
       0.60250000               1.0338375375006577              0.0432735933006627              1.0571300703180704              1.5856951054763126              1.6666666666670000              1.6666666666670000
       0.60750000               1.0355577376333285              0.0454460735412603              1.0600645918324465              1.5900968877478745              1.6666666666670000              1.6666666666670000
       0.61250000               1.0372996469704405              0.0476442611119654              1.0630387929468734              1.5945581894195131              1.6666666666670000              1.6666666666670000
       0.61750000               1.0390601126037864              0.0498642531869159              1.0660524590866280              1.5990786886291424              1.6666666666670000              1.6666666666670000
       0.62250000               1.0408413277135538              0.0521045422297512              1.0691022910590167              1.6036534365877231              1.6666666666670000              1.6666666666670000
       0.62750000               1.0426405038129458              0.0543643591752994              1.0721841018828426              1.6082761528234597              1.6666666666670000              1.6666666666670000
       0.63250000               1.0444536291573878              0.0566420325878942              1.0752950224484883              1.6129425336719261              1.6666666666670000              1.6666666666670000
       0.63750000               1.0462785517124673              0.0589351487081975              1.0784332763966566              1.6176499145941761              1.6666666666670000              1.6666666666670000
       0.64250000               1.0481178572210297              0.0612394268557865              1.0815997229845011              1.6223995844759405              1.6666666666670000              1.6666666666670000
       0.64750000               1.0499690200505163              0.0635540758678202              1.0847904961678811              1.6271857442510080              1.6666666666670000              1.6666666666670000
       0.65250000               1.0518272999451186              0.0658791406707427              1.0880005568015221              1.6320008352014672              1.6666666666670000              1.6666666666670000
       0.65750000               1.0536861081862983              0.0682134380717622              1.0912265197032487              1.6368397795540546              1.6666666666670000              1.6666666666670000
       0.66250000               1.0555273521726325              0.0705551068955531              1.0944658852435292              1.6416988278644729              1.6666666666670000              1.6666666666670000
       0.66750000               1.0573708696496056              0.0729012981632803              1.0977173543546159              1.6465760315311004              1.6666666666670000              1.6666666666670000
       0.67250000               1.0592718698457537              0.0752473769327119              1.1009823300802839              1.6514734951196002              1.6666666666670000              1.6666666666670000
       0.67750000               1.0611767380258776              0.0775905276689114              1.1042593935732581              1.6563890903590588              1.6666666666670000              1.6666666666670000
       0.68250000               1.0630724586769515              0.0799315793741868              1.1075418864379565              1.6613128296561042              1.6666666666670000              1.6666666666670000
       0.68750000               1.0649722881774846              0.0822699084104195              1.1108248315742622              1.6662372473605598              1.6666666666670000              1.6666666666670000
       0.69250000               1.0668839513319195              0.0846039218125741              1.1141043658079515              1.6711565487110915              1.6666666666670000              1.6666666666670000
       0.69750000               1.0687851343284409              0.0869310576882513              1.1173778012507576              1.6760667018752982              1.6666666666670000              1.6666666666670000
       0.70250000               1.0706660999341273              0.0892477090928934              1.1206431638307353              1.6809647457452621              1.6666666666670000              1.6666666666670000
       0.70750000               1.0725198231521771              0.0915486374623842              1.1239005724253905              1.6858508586372429              1.6666666666670000              1.6666666666670000
       0.71250000               1.0743717742895502              0.0938302198586875              1.1271471688897841              1.6907207533338307              1.6666666666670000              1.6666666666670000
       0.71750000               1.0762226503350150              0.0960932562429365              1.1303733811799992              1.6955600717691508              1.6666666666670000              1.6666666666670000
       0.72250000               1.0780514753374304              0.0983370252100987              1.1335704217215248              1.7003556325814371              1.6666666666670000              1.6666666666670000
       0.72750000               1.0798462899573600              0.1005588053534992              1.1367319518834247              1.7050979278242846              1.6666666666670000              1.6666666666670000
       0.73250000               1.0816267518902904              0.1027482028090358              1.1398604218663531              1.7097906327986745              1.6666666666670000              1.6666666666670000
       0.73750000               1.0833896590338425              0.1048984741630001              1.1429528341305277              1.7144292511949344              1.6666666666670000              1.6666666666670000
       0.74250000               1.0851169182114260              0.1070097089225527              1.1459952831377302              1.7189929247057358              1.6666666666670000              1.6666666666670000
       0.74750000               1.0868056816262235              0.1090766368124776              1.1489752654323195              1.7234628981476174              1.6666666666670000              1.6666666666670000
       0.75250000               1.0884578208917048              0.1110924155840039              1.1518864457546416              1.7278296686310983              1.6666666666670000              1.6666666666670000
       0.75750000               1.0900618387308487              0.1130505050623879              1.1547156071489337              1.7320734107225346              1.6666666666670000              1.6666666666670000
       0.76250000               1.0915998667052023              0.1149347963702417              1.1574400158157998              1.7361600237228316              1.6666666666670000              1.6666666666670000
       0.76750000               1.0930742697432798              0.1167299147488607              1.1600496872502524              1.7400745308745085              1.6666666666670000              1.6666666666670000
       0.77250000               1.0944909948565984              0.1184199437823491              1.1625393264240502              1.7438089896352036              1.6666666666670000              1.6666666666670000
       0.77750000               1.0958378101319337              0.1200420945121717              1.1649200963437343              1.7473801445147275              1.6666666666670000              1.6666666666670000
       0.78250000               1.0971292732892122              0.1216526457008682              1.1672131887850226              1.7508197831766583              1.6666666666670000              1.6666666666670000
       0.78750000               1.0983412921636810              0.1231360959109519              1.1693709733781870              1.7540564600664033              1.6666666666670000              1.6666666666670000
       0.79250000               1.0992395681790550              0.1241891797627843              1.1709715560736980              1.7564573341096685              1.6666666666670000              1.6666666666670000
       0.79750000               1.0994629472235897              0.1244944611887304              1.1713646385665197              1.7570469578489010              1.6666666666670000              1.6666666666670000
       0.80250000               1.0982067344039887              0.1230422376648060              1.1691463045281214              1.7537194567913048              1.6666666666670000              1.6666666666670000
       0.80750000               1.0926652532569965              0.1160795442735778              1.1593319460889102              1.7389979191324956              1.6666666666670000              1.6666666666670000
       0.81250000               1.0789035832411109              0.0995183423540111              1.1350767353708491              1.7026151030554222              1.6666666666670000              1.6666666666670000
       0.81750000               1.0506863899531058              0.0642822120836136              1.0859663847243566              1.6289495770857203              1.6666666666670000              1.6666666666670000
       0.82250000               1.0226250680667852              0.0289520125716153              1.0379922428370765              1.5569883642548363              1.6666666666670000              1.6666666666670000
       0.82750000               1.0099255825805258              0.0127697017477825              1.0165955444958987              1.5248933167430858              1.6666666666670000              1.6666666666670000
       0.83250000               1.0062086021436294              0.0080003516603804              1.0103701055525782              1.5155551583281095              1.6666666666670000              1.6666666666670000
       0.83750000               1.0045630044239766              0.0058832982865178              1.0076168813449762              1.5114253220167086              1.6666666666670000              1.6666666666670000
       0.84250000               1.0036154566990185              0.0046630501295169              1.0060333019557546              1.5090499529328771              1.6666666666670000              1.6666666666670000
       0.84750000               1.0029170290842238              0.0037629405049833              1.0048667267713081              1.5073000901562084              1.6666666666670000              1.6666666666670000
       0.85250000               1.0023292597031319              0.0030051246768401              1.0038854007742897              1.5058281011606813              1.6666666666670000              1.6666666666670000
       0.85750000               1.0018437148376835              0.0023790199109102              1.0030750332433758              1.5046125498643110              1.6666666666670000              1.6666666666670000
       0.86250000               1.0014654526191193              0.0018912777893864              1.0024439057740619              1.5036658586603411              1.6666666666670000              1.6666666666670000
       0.86750000               1.0011717197520043              0.0015125124400858              1.0019539293075586              1.5029308939605865              1.6666666666670000              1.6666666666670000
       0.87250000               1.0009341510607459              0.0012061563301853              1.0015577100722364              1.5023365651076033              1.6666666666670000              1.6666666666670000
       0.87750000               1.0007390850456064              0.0009545018442829              1.0012324198148184              1.5018486297214766              1.6666666666670000              1.6666666666670000
       0.88250000               1.0005822019687287              0.0007520976186241              1.0009708375113719              1.5014562562663072              1.6666666666670000              1.6666666666670000
       0.88750000               1.0004585749371750              0.0005925550255819              1.0007647295417239              1.5011470943118355              1.6666666666670000              1.6666666666670000
       0.89250000               1.0003608209227126              0.0004663953137752              1.0006017688154323              1.5009026532223977              1.6666666666670000              1.6666666666670000
       0.89750000               1.0002825340926838              0.0003653518760885              1.0004712646584899              1.5007068969869843              1.6666666666670000              1.6666666666670000
       0.90250000               1.0002198065795840              0.0002843928668665              1.0003667067786934              1.5005500601672896              1.6666666666670000              1.6666666666670000
       0.90750000               1.0001701474480460              0.0002203249003057              1.0002839401456141              1.5004259102176709              1.6666666666670000              1.6666666666670000
       0.91250000               1.0001312688676816              0.0001701799387243              1.0002191439681145              1.5003287159514216              1.6666666666670000              1.6666666666670000
       0.91750000               1.0001009121776767              0.0001310249392532              1.0001685482977356              1.5002528224458531              1.6666666666670000              1.6666666666670000
       0.92250000               1.0000771750239530              0.0001004245893024              1.0001289905108122              1.5001934857654680              1.6666666666670000              1.6666666666670000
       0.92750000               1.0000586447776916              0.0000765996680306              1.0000981157005966              1.5001471735501446              1.6666666666670000              1.6666666666670000
       0.93250000               1.0000442586102269              0.0000582150641447              1.0000741469406804              1.5001112204102707              1.6666666666670000              1.6666666666670000
       0.93750000               1.0000331829492262              0.0000441190174938              1.0000556907807365              1.5000835361703546              1.6666666666670000              1.6666666666670000
       0.94250000               1.0000247210509601              0.0000333251458917              1.0000415949956991              1.5000623924927987              1.6666666666670000              1.6666666666670000
       0.94750000               1.0000183380060226              0.0000250092034756              1.0000309679536359              1.5000464519297037              1.6666666666670000              1.6666666666670000
       0.95250000               1.0000136177143490              0.0000185381270889              1.0000231109470294              1.5000346664197941              1.6666666666670000              1.6666666666670000
       0.95750000               1.0000101138114359              0.0000135825913949              1.0000172760144703              1.5000259140209555              1.6666666666670000              1.6666666666670000
       0.96250000               1.0000074598443771              0.0000098937136279              1.0000128618017214              1.5000192927018321              1.6666666666670000              1.6666666666670000
       0.96750000               1.0000054127262856              0.0000072218082997              1.0000094628366227              1.5000141942541838              1.6666666666670000              1.6666666666670000
       0.97250000               1.0000038364310977              0.0000053076367171              1.0000068473962993              1.5000102710936991              1.6666666666670000              1.6666666666670000
       0.97750000               1.0000026224332799              0.0000039578884128              1.0000048304721934              1.5000072457075400              1.6666666666670000              1.6666666666670000
       0.98250000               1.0000016820501136              0.0000030227829065              1.0000032738497555              1.5000049107738831              1.6666666666670000              1.6666666666670000
       0.98750000               1.0000009492564996              0.0000023920478522              1.0000020671360716              1.5000031007033576              1.6666666666670000              1.6666666666670000
       0.99250000               1.0000003763668228              0.0000019824220069              1.0000011258500865              1.5000016887743794              1.6666666666670000              1.6666666666670000
       0.99750000               0.9999999373689641              0.0000017186570589              1.0000004024097497              1.5000006036138744              1.6666666666670000              1.6666666666670000
