       0.00250000               0.9999362458798099              0.0000144408148874              0.9999829185295700              2.4999572963239256              1.3999999999999999              1.3999999999999999
       0.00750000               0.9999373501786170              0.0000129386454446              0.9999846984046529              2.4999617460116328              1.3999999999999999              1.3999999999999999
       0.01250000               0.9999383693079765              0.0000120820360028              0.9999857157732280              2.4999642894330703              1.3999999999999999              1.3999999999999999
       0.01750000               0.9999378061047657              0.0000126281183179              0.9999850754409133              2.4999626886022837              1.3999999999999999              1.3999999999999999
       0.02250000               0.9999357666580098              0.0000140202279632              0.9999834369483512              2.4999585923708785              1.3999999999999999              1.3999999999999999
       0.02750000               0.9999342739405719              0.0000153135497343              0.9999819194900897              2.4999547987252249              1.3999999999999999              1.3999999999999999
       0.03250000               0.9999339119573035              0.0000158595925842              0.9999812922350947              2.4999532305877370              1.3999999999999999              1.3999999999999999
       0.03750000               0.9999341185435188              0.0000157292459894              0.9999814740292259              2.4999536850730655              1.3999999999999999              1.3999999999999999
       0.04250000               0.9999340549657580              0.0000152298921452              0.9999821050659593              2.4999552626648986              1.3999999999999999              1.3999999999999999
       0.04750000               0.9999334273150228              0.0000146141985491              0.9999828918896426              2.4999572297241071              1.3999999999999999              1.3999999999999999
       0.05250000               0.9999331656588396              0.0000141579034220              0.9999835159877705              2.4999587899694267              1.3999999999999999              1.3999999999999999
       0.05750000               0.9999334784619479              0.0000139743099797              0.9999838541238346              2.4999596353095872              1.3999999999999999              1.3999999999999999
       0.06250000               0.9999338274379864              0.0000139944539205              0.9999840029469867              2.4999600073674673              1.3999999999999999              1.3999999999999999
       0.06750000               0.9999333267272424              0.0000141929205624              0.9999840133473603              2.4999600333684011              1.3999999999999999              1.3999999999999999
       0.07250000               0.9999326659656873              0.0000146297557620              0.9999838429108674              2.4999596072771690              1.3999999999999999              1.3999999999999999
       0.07750000               0.9999323548695588              0.0000154604694179              0.9999833467830122              2.4999583669575309              1.3999999999999999              1.3999999999999999
       0.08250000               0.9999317555332173              0.0000166129438225              0.9999826634814521              2.4999566587036308              1.3999999999999999              1.3999999999999999
       0.08750000               0.9999312176023887              0.0000177736950755              0.9999822357639867              2.4999555894099674              1.3999999999999999              1.3999999999999999
       0.09250000               0.9999314652683419              0.0000185863245335              0.9999825817887438              2.4999564544718602              1.3999999999999999              1.3999999999999999
       0.09750000               0.9999326226406471              0.0000184380539786              0.9999845553353757              2.4999613883384399              1.3999999999999999              1.3999999999999999
       0.10250000               0.9999337165899493              0.0000179974780547              0.9999875361246121              2.4999688403115310              1.3999999999999999              1.3999999999999999
       0.10750000               0.9999359161661714              0.0000183799928808              0.9999904295509127              2.4999760738772823              1.3999999999999999              1.3999999999999999
       0.11250000               0.9999375289070709              0.0000203825865608              0.9999925874332654              2.4999814685831638              1.3999999999999999              1.3999999999999999
       0.11750000               0.9999387255614096              0.0000237263514022              0.9999947233492260              2.4999868083730656              1.3999999999999999              1.3999999999999999
       0.12250000               0.9999407608278643              0.0000282272615376              0.9999975508437016              2.4999938771092545              1.3999999999999999              1.3999999999999999
       0.12750000               0.9999440893025887              0.0000336675797015              1.0000019640446303              2.5000049101115764              1.3999999999999999              1.3999999999999999
       0.13250000               0.9999483817504766              0.0000401609742516              1.0000086398176868              2.5000215995442177              1.3999999999999999              1.3999999999999999
       0.13750000               0.9999547577607100              0.0000482737231041              1.0000179347787019              2.5000448369467558              1.3999999999999999              1.3999999999999999
       0.14250000               0.9999638781710186              0.0000586600259835              1.0000303639073580              2.5000759097683956              1.3999999999999999              1.3999999999999999
       0.14750000               0.9999751422055934              0.0000720193659607              1.0000467048743418              2.5001167621858547              1.3999999999999999              1.3999999999999999
       0.15250000               0.9999899439194905              0.0000890805639961              1.0000680772278383              2.5001701930695965              1.3999999999999999              1.3999999999999999
       0.15750000               1.0000099349322131              0.0001106625987604              1.0000959361512549              2.5002398403781378              1.3999999999999999              1.3999999999999999
       0.16250000               1.0000350935243218              0.0001382479547046              1.0001314630643097              2.5003286576607753              1.3999999999999999              1.3999999999999999
       0.16750000               1.0000662001845178              0.0001738969743827              1.0001757360616543              2.5004393401541365              1.3999999999999999              1.3999999999999999
       0.17250000               1.0001051420046412              0.0002202152245389              1.0002298332865749              2.5005745832164377              1.3999999999999999              1.3999999999999999
       0.17750000               1.0001522001699672              0.0002796168073396              1.0002957588236541              2.5007393970591356              1.3999999999999999              1.3999999999999999
       0.18250000               1.0002103641609468              0.0003529387621434              1.0003781188774878              2.5009452971937205              1.3999999999999999              1.3999999999999999
       0.18750000               1.0002848900711145              0.0004413614903314              1.0004818594663516              2.5012046486658792              1.3999999999999999              1.3999999999999999
       0.19250000               1.0003770261583644              0.0005480864563423              1.0006102552557170              2.5015256381392934              1.3999999999999999              1.3999999999999999
       0.19750000               1.0004879201540227              0.0006771533176836              1.0007662405123652              2.5019156012809138              1.3999999999999999              1.3999999999999999
       0.20250000               1.0006210960479376              0.0008328645572184              1.0009529742629464              2.5023824356573665              1.3999999999999999              1.3999999999999999
       0.20750000               1.0007795481744124              0.0010190630782909              1.0011745315955585              2.5029363289888966              1.3999999999999999              1.3999999999999999
       0.21250000               1.0009655466221918              0.0012391781495154              1.0014356416346459              2.5035891040866156              1.3999999999999999              1.3999999999999999
       0.21750000               1.0011830720744985              0.0014967526557482              1.0017408224733166              2.5043520561832922              1.3999999999999999              1.3999999999999999
       0.22250000               1.0014355713667928              0.0017952926351351              1.0020943009822456              2.5052357524556146              1.3999999999999999              1.3999999999999999
       0.22750000               1.0017247238003268              0.0021381795447926              1.0024998586382499              2.5062496465956250              1.3999999999999999              1.3999999999999999
       0.23250000               1.0020532668418884              0.0025285238736422              1.0029607680670662              2.5074019201676658              1.3999999999999999              1.3999999999999999
       0.23750000               1.0024243246962652              0.0029686385480156              1.0034802208346278              2.5087005520865704              1.3999999999999999              1.3999999999999999
       0.24250000               1.0028386424482016              0.0034600894150439              1.0040611226719951              2.5101528066799883              1.3999999999999999              1.3999999999999999
       0.24750000               1.0032979467057364              0.0040038223117962              1.0047058577805574              2.5117646444513944              1.3999999999999999              1.3999999999999999
       0.25250000               1.0038057917180223              0.0045994071814331              1.0054171665235712              2.5135429163089280              1.3999999999999999              1.3999999999999999
       0.25750000               1.0043606806273355              0.0052479474107859              1.0061947213131059              2.5154868032827653              1.3999999999999999              1.3999999999999999
       0.26250000               1.0049599778944491              0.0059513070537920              1.0070361167697974              2.5175902919244941              1.3999999999999999              1.3999999999999999
       0.26750000               1.0056037450231894              0.0067101582183777              1.0079393073572189              2.5198482683930479              1.3999999999999999              1.3999999999999999
       0.27250000               1.0062914306842974              0.0075229514962369              1.0089039794316761              2.5222599485791912              1.3999999999999999              1.3999999999999999
       0.27750000               1.0070216763495663              0.0083874580522952              1.0099298683651454              2.5248246709128641              1.3999999999999999              1.3999999999999999
       0.28250000               1.0077954433504490              0.0093008391886306              1.0110168325887114              2.5275420814717791              1.3999999999999999              1.3999999999999999
       0.28750000               1.0086120712193634              0.0102607439019584              1.0121636896856467              2.5304092242141172              1.3999999999999999              1.3999999999999999
       0.29250000               1.0094683117811611              0.0112660774778282              1.0133674220659672              2.5334185551649187              1.3999999999999999              1.3999999999999999
       0.29750000               1.0103628241758820              0.0123153681170029              1.0146252412768269              2.5365631031920675              1.3999999999999999              1.3999999999999999
       0.30250000               1.0112943315001388              0.0134069062855965              1.0159345229841819              2.5398363074604555              1.3999999999999999              1.3999999999999999
       0.30750000               1.0122596967494526              0.0145387158659843              1.0172929214742077              2.5432323036855196              1.3999999999999999              1.3999999999999999
       0.31250000               1.0132580451323658              0.0157084210487520              1.0186985961486030              2.5467464903715080              1.3999999999999999              1.3999999999999999
       0.31750000               1.0142898091607073              0.0169132926940193              1.0201502146875157              2.5503755367187897              1.3999999999999999              1.3999999999999999
       0.32250000               1.0153509955660356              0.0181524233223708              1.0216443679273250              2.5541109198183132              1.3999999999999999              1.3999999999999999
       0.32750000               1.0164387279501814              0.0194248310127253              1.0231778697684382              2.5579446744210959              1.3999999999999999              1.3999999999999999
       0.33250000               1.0175530348564388              0.0207292224043996              1.0247480657441674              2.5618701643604194              1.3999999999999999              1.3999999999999999
       0.33750000               1.0186925017071107              0.0220627485790793              1.0263543547553857              2.5658858868884646              1.3999999999999999              1.3999999999999999
       0.34250000               1.0198561140168088              0.0234218993096166              1.0279971183673424              2.5699927959183562              1.3999999999999999              1.3999999999999999
       0.34750000               1.0210461580579744              0.0248031539702446              1.0296769492292310              2.5741923730730782              1.3999999999999999              1.3999999999999999
       0.35250000               1.0222584837465700              0.0262078894281789              1.0313886807344654              2.5784717018361643              1.3999999999999999              1.3999999999999999
       0.35750000               1.0234894239066015              0.0276363074784767              1.0331287240292240              2.5828218100730607              1.3999999999999999              1.3999999999999999
       0.36250000               1.0247391459252024              0.0290871526660953              1.0348954224497702              2.5872385561244258              1.3999999999999999              1.3999999999999999
       0.36750000               1.0260064547128174              0.0305592288011208              1.0366872045573945              2.5917180113934868              1.3999999999999999              1.3999999999999999
       0.37250000               1.0272899900540631              0.0320501405796341              1.0385041154231356              2.5962602885578390              1.3999999999999999              1.3999999999999999
       0.37750000               1.0285909560412718              0.0335575284725719              1.0403463076606116              2.6008657691515293              1.3999999999999999              1.3999999999999999
       0.38250000               1.0299088608395202              0.0350809146523565              1.0422117733034071              2.6055294332585182              1.3999999999999999              1.3999999999999999
       0.38750000               1.0312401757337695              0.0366197703188184              1.0440986833618944              2.6102467084047367              1.3999999999999999              1.3999999999999999
       0.39250000               1.0325845744253448              0.0381732903482284              1.0460056579676593              2.6150141449191491              1.3999999999999999              1.3999999999999999
       0.39750000               1.0339431863595092              0.0397403850406810              1.0479317765576703              2.6198294413941765              1.3999999999999999              1.3999999999999999
       0.40250000               1.0353138172325960              0.0413195119448166              1.0498767758095184              2.6246919395237969              1.3999999999999999              1.3999999999999999
       0.40750000               1.0366968596054076              0.0429078394229725              1.0518420769726824              2.6296051924317068              1.3999999999999999              1.3999999999999999
       0.41250000               1.0380932965427214              0.0445053914762630              1.0538256695772386              2.6345641739430969              1.3999999999999999              1.3999999999999999
       0.41750000               1.0394987381201390              0.0461137953488877              1.0558236217966643              2.6395590544916612              1.3999999999999999              1.3999999999999999
       0.42250000               1.0409104246369927              0.0477338770368424              1.0578330334240320              2.6445825835600809              1.3999999999999999              1.3999999999999999
       0.42750000               1.0423295373076351              0.0493654812110523              1.0598522750406560              2.6496306876016402              1.3999999999999999              1.3999999999999999
       0.43250000               1.0437562672248639              0.0510052802770923              1.0618837128397531              2.6547092820993829              1.3999999999999999              1.3999999999999999
       0.43750000               1.0451919926317041              0.0526491105560955              1.0639308264690663              2.6598270661726664              1.3999999999999999              1.3999999999999999
       0.44250000               1.0466381304268204              0.0542970297732444              1.0659918864652165              2.6649797161630415              1.3999999999999999              1.3999999999999999
       0.44750000               1.0480915666385067              0.0559500351959261              1.0680640148004148              2.6701600370010374              1.3999999999999999              1.3999999999999999
       0.45250000               1.0495489286057498              0.0576085396295353              1.0701450700584005              2.6753626751460020              1.3999999999999999              1.3999999999999999
       0.45750000               1.0510113223763093              0.0592724868076476              1.0722334975500041              2.6805837438750104              1.3999999999999999              1.3999999999999999
       0.46250000               1.0524794407234970              0.0609409990763351              1.0743288081789308              2.6858220204473273              1.3999999999999999              1.3999999999999999
       0.46750000               1.0539499494249855              0.0626121165248900              1.0764318394765542              2.6910795986913860              1.3999999999999999              1.3999999999999999
       0.47250000               1.0554261644193674              0.0642835937310340              1.0785438478211578              2.6963596195528949              1.3999999999999999              1.3999999999999999
       0.47750000               1.0569060556765979              0.0659570621051749              1.0806611334345806              2.7016528335864516              1.3999999999999999              1.3999999999999999
       0.48250000               1.0583858825280661              0.0676333045890159              1.0827810849856607              2.7069527124641524              1.3999999999999999              1.3999999999999999
       0.48750000               1.0598654040105566              0.0693121403853676              1.0849022240707438              2.7122555601768599              1.3999999999999999              1.3999999999999999
       0.49250000               1.0613476712540313              0.0709910666153317              1.0870259866984033              2.7175649667460089              1.3999999999999999              1.3999999999999999
       0.49750000               1.0628319011705110              0.0726657376205702              1.0891562106585841              2.7228905266464607              1.3999999999999999              1.3999999999999999
       0.50250000               1.0643196833422592              0.0743347672422246              1.0912927131923060              2.7282317829807656              1.3999999999999999              1.3999999999999999
       0.50750000               1.0658091141967236              0.0760014258477535              1.0934296791487210              2.7335741978718033              1.3999999999999999              1.3999999999999999
       0.51250000               1.0672931331642455              0.0776674537423513              1.0955626239407577              2.7389065598518947              1.3999999999999999              1.3999999999999999
       0.51750000               1.0687717748417664              0.0793322736936172              1.0976904543255270              2.7442261358138182              1.3999999999999999              1.3999999999999999
       0.52250000               1.0702492866414119              0.0809937303367446              1.0998135284904127              2.7495338212260330              1.3999999999999999              1.3999999999999999
       0.52750000               1.0717233760112339              0.0826486215461421              1.1019335036100475              2.7548337590251193              1.3999999999999999              1.3999999999999999
       0.53250000               1.0731915351579995              0.0842949812699859              1.1040507379015474              2.7601268447538692              1.3999999999999999              1.3999999999999999
       0.53750000               1.0746580410560422              0.0859322103885072              1.1061621283917933              2.7654053209794838              1.3999999999999999              1.3999999999999999
       0.54250000               1.0761182191919128              0.0875605242802253              1.1082662080567991              2.7706655201419985              1.3999999999999999              1.3999999999999999
       0.54750000               1.0775652896313606              0.0891789247747279              1.1103591366983760              2.7758978417459406              1.3999999999999999              1.3999999999999999
       0.55250000               1.0790094797600733              0.0907885536565665              1.1124408511462753              2.7811021278656889              1.3999999999999999              1.3999999999999999
       0.55750000               1.0804440304202545              0.0923872333480842              1.1145106102177327              2.7862765255443325              1.3999999999999999              1.3999999999999999
       0.56250000               1.0818673946524733              0.0939648728699534              1.1165734960817340              2.7914337402043357              1.3999999999999999              1.3999999999999999
       0.56750000               1.0832827278405794              0.0955211081948341              1.1186163031672409              2.7965407579181032              1.3999999999999999              1.3999999999999999
       0.57250000               1.0846644104413177              0.0970576553257183              1.1206125487249654              2.8015313718124140              1.3999999999999999              1.3999999999999999
       0.57750000               1.0860055784513662              0.0985614840542783              1.1225599712563605              2.8063999281409018              1.3999999999999999              1.3999999999999999
       0.58250000               1.0873155540479724              0.1000194380282180              1.1244543826308884              2.8111359565772212              1.3999999999999999              1.3999999999999999
       0.58750000               1.0886897154239479              0.1015372756413935              1.1264408037379219              2.8161020093448053              1.3999999999999999              1.3999999999999999
       0.59250000               1.0902693959678786              0.1032907453138544              1.1287347216988792              2.8218368042471984              1.3999999999999999              1.3999999999999999
       0.59750000               1.0920294999621198              0.1052346677903547              1.1312893321761504              2.8282233304403768              1.3999999999999999              1.3999999999999999
       0.60250000               1.0934979940105360              0.1068003022049905              1.1334131694550598              2.8335329236376499              1.3999999999999999              1.3999999999999999
       0.60750000               1.0938626462674779              0.1072129668166763              1.1339501558972152              2.8348753897430385              1.3999999999999999              1.3999999999999999
       0.61250000               1.0920330359301116              0.1053220173529922              1.1313041730977766              2.8282604327444423              1.3999999999999999              1.3999999999999999
       0.61750000               1.0841985461383912              0.0964908208325683              1.1199474958174156              2.7998687395435398              1.3999999999999999              1.3999999999999999
       0.62250000               1.0656624332585871              0.0759183217196440              1.0932278066736969              2.7330695166842429              1.3999999999999999              1.3999999999999999
       0.62750000               1.0339399101310383              0.0395619733370696              1.0478874952814985              2.6197187382037468              1.3999999999999999              1.3999999999999999
       0.63250000               1.0103145482329574              0.0121898848230573              1.0144937142746731              2.5362342856866831              1.3999999999999999              1.3999999999999999
       0.63750000               1.0032290090106908              0.0038638775791307              1.0045547709815292              2.5113869274538239              1.3999999999999999              1.3999999999999999
       0.64250000               1.0013888058335965              0.0016908361341138              1.0019767453389847              2.5049418633474625              1.3999999999999999              1.3999999999999999
       0.64750000               1.0007814515749893              0.0009722813526579              1.0011267356499396              2.5028168391248498              1.3999999999999999              1.3999999999999999
       0.65250000               1.0005364405426467              0.0006828059723847              1.0007846119839015              2.5019615299597540              1.3999999999999999              1.3999999999999999
       0.65750000               1.0004058880826729              0.0005297462612407              1.0006034472960905              2.5015086182402273              1.3999999999999999              1.3999999999999999
       0.66250000               1.0003149462094447              0.0004237862637687              1.0004772230865446              2.5011930577163621              1.3999999999999999              1.3999999999999999
       0.66750000               1.0002388034979508              0.0003355265501519              1.0003714144194888              2.5009285360487228              1.3999999999999999              1.3999999999999999
       0.67250000               1.0001733083814741              0.0002607113699703              1.0002812730909243              2.5007031827273116              1.3999999999999999              1.3999999999999999
       0.67750000               1.0001220894900780              0.0002022613883890              1.0002107294840452              2.5005268237101137              1.3999999999999999              1.3999999999999999
       0.68250000               1.0000853094456175              0.0001588848695989              1.0001588103188241              2.5003970257970614              1.3999999999999999              1.3999999999999999
       0.68750000               1.0000578781847529              0.0001255145875055              1.0001197903762236              2.5002994759405595              1.3999999999999999              1.3999999999999999
       0.69250000               1.0000351276071162              0.0000985649431925              1.0000889900597667              2.5002224751494171              1.3999999999999999              1.3999999999999999
       0.69750000               1.0000163557369333              0.0000768983889497              1.0000645631227745              2.5001614078069365              1.3999999999999999              1.3999999999999999
       0.70250000               1.0000023502105513              0.0000603028610384              1.0000456972065330              2.5001142430163328              1.3999999999999999              1.3999999999999999
       0.70750000               0.9999919542147664              0.0000482491534859              1.0000311173070449              2.5000777932676130              1.3999999999999999              1.3999999999999999
       0.71250000               0.9999833972676627              0.0000395361310459              1.0000196494322031              2.5000491235805082              1.3999999999999999              1.3999999999999999
       0.71750000               0.9999758281379337              0.0000330712366341              1.0000105511863666              2.5000263779659169              1.3999999999999999              1.3999999999999999
       0.72250000               0.9999704090104039              0.0000281876355659              1.0000034617791691              2.5000086544479232              1.3999999999999999              1.3999999999999999
       0.72750000               0.9999667564764489              0.0000244575372713              0.9999981755008012              2.4999954387520034              1.3999999999999999              1.3999999999999999
       0.73250000               0.9999639984874359              0.0000215449549108              0.9999944306827794              2.4999860767069491              1.3999999999999999              1.3999999999999999
       0.73750000               0.9999613000003847              0.0000191908758597              0.9999918961668869              2.4999797404172175              1.3999999999999999              1.3999999999999999
       0.74250000               0.9999592552264779              0.0000172197863720              0.9999902737051157              2.4999756842627896              1.3999999999999999              1.3999999999999999
       0.74750000               0.9999578555637951              0.0000155513876417              0.9999893115869203              2.4999732789673010              1.3999999999999999              1.3999999999999999
       0.75250000               0.9999564913291300              0.0000141928485162              0.9999887593454249              2.4999718983635626              1.3999999999999999              1.3999999999999999
       0.75750000               0.9999547218686402              0.0000132107207356              0.9999883489895824              2.4999708724739569              1.3999999999999999              1.3999999999999999
       0.76250000               0.9999527238487356              0.0000127105319844              0.9999878022382884              2.4999695055957218              1.3999999999999999              1.3999999999999999
       0.76750000               0.9999495676479825              0.0000128989466037              0.9999867568332917              2.4999668920832301              1.3999999999999999              1.3999999999999999
       0.77250000               0.9999432283535480              0.0000134758705266              0.9999854821742969              2.4999637054357429              1.3999999999999999              1.3999999999999999
       0.77750000               0.9999401189971836              0.0000139651995377              0.9999844794720596              2.4999611986801495              1.3999999999999999              1.3999999999999999
       0.78250000               0.9999415426601717              0.0000139980893536              0.9999841391478140              2.4999603478695356              1.3999999999999999              1.3999999999999999
       0.78750000               0.9999422818918904              0.0000136408205717              0.9999843486038754              2.4999608715096890              1.3999999999999999              1.3999999999999999
       0.79250000               0.9999427931243833              0.0000130606198731              0.9999848849538986              2.4999622123847471              1.3999999999999999              1.3999999999999999
       0.79750000               0.9999443942511840              0.0000124316491630              0.9999855240059476              2.4999638100148696              1.3999999999999999              1.3999999999999999
       0.80250000               0.9999485413133480              0.0000119492391051              0.9999860215476596              2.4999650538691496              1.3999999999999999              1.3999999999999999
       0.80750000               0.9999492331731258              0.0000117556113104              0.9999861998687621              2.4999654996719061              1.3999999999999999              1.3999999999999999
       0.81250000               0.9999477332378963              0.0000118842350940              0.9999860126482019              2.4999650316205049              1.3999999999999999              1.3999999999999999
       0.81750000               0.9999463083948086              0.0000122705972335              0.9999855314696419              2.4999638286741050              1.3999999999999999              1.3999999999999999
       0.82250000               0.9999451873143360              0.0000128356741123              0.9999848464794301              2.4999621161985757              1.3999999999999999              1.3999999999999999
       0.82750000               0.9999443566534458              0.0000134583406136              0.9999840986216427              2.4999602465541075              1.3999999999999999              1.3999999999999999
       0.83250000               0.9999438544716726              0.0000139709212410              0.9999834846251832              2.4999587115629582              1.3999999999999999              1.3999999999999999
       0.83750000               0.9999434261192748              0.0000141941779738              0.9999832154126939              2.4999580385317355              1.3999999999999999              1.3999999999999999
       0.84250000               0.9999424469088787              0.0000137862990228              0.9999836946157976              2.4999592365394947              1.3999999999999999              1.3999999999999999
       0.84750000               0.9999421223804211              0.0000127987801949              0.9999848607684135              2.4999621519210344              1.3999999999999999              1.3999999999999999
       0.85250000               0.9999425285683292              0.0000118070411850              0.9999860326776547              2.4999650816941372              1.3999999999999999              1.3999999999999999
       0.85750000               0.9999425036387848              0.0000113563283916              0.9999865649701889              2.4999664124254726              1.3999999999999999              1.3999999999999999
       0.86250000               0.9999412561993425              0.0000116672683148              0.9999861964365513              2.4999654910913787              1.3999999999999999              1.3999999999999999
       0.86750000               0.9999407632149592              0.0000124110535261              0.9999853159978055              2.4999632899945143              1.3999999999999999              1.3999999999999999
       0.87250000               0.9999400832885801              0.0000132449199907              0.9999843291231578              2.4999608228078949              1.3999999999999999              1.3999999999999999
       0.87750000               0.9999393435118183              0.0000138176502364              0.9999836513120800              2.4999591282802007              1.3999999999999999              1.3999999999999999
       0.88250000               0.9999397870516236              0.0000139836447212              0.9999834548005182              2.4999586370012961              1.3999999999999999              1.3999999999999999
       0.88750000               0.9999429769127556              0.0000138744387819              0.9999835839357455              2.4999589598393643              1.3999999999999999              1.3999999999999999
       0.89250000               0.9999458424101212              0.0000135834181152              0.9999839282136214              2.4999598205340541              1.3999999999999999              1.3999999999999999
       0.89750000               0.9999451312658970              0.0000131970957383              0.9999843852653213              2.4999609631633040              1.3999999999999999              1.3999999999999999
       0.90250000               0.9999451495363954              0.0000128106095067              0.9999848425249329              2.4999621063123332              1.3999999999999999              1.3999999999999999
       0.90750000               0.9999461441339337              0.0000125105769591              0.9999851975061235              2.4999629937653092              1.3999999999999999              1.3999999999999999
       0.91250000               0.9999469875712194              0.0000123784145833              0.9999853538760857              2.4999633846902145              1.3999999999999999              1.3999999999999999
       0.91750000               0.9999463671451231              0.0000125688175704              0.9999851285975332              2.4999628214938339              1.3999999999999999              1.3999999999999999
       0.92250000               0.9999451175958907              0.0000133378854678              0.9999842186596916              2.4999605466492296              1.3999999999999999              1.3999999999999999
       0.92750000               0.9999438032812601              0.0000143288069931              0.9999830462322630              2.4999576155806578              1.3999999999999999              1.3999999999999999
       0.93250000               0.9999425178170922              0.0000150093665974              0.9999822410175161              2.4999556025437903              1.3999999999999999              1.3999999999999999
       0.93750000               0.9999416293447196              0.0000150027033922              0.9999822489049365              2.4999556222623416              1.3999999999999999              1.3999999999999999
       0.94250000               0.9999413996639887              0.0000145856680563              0.9999827423335822              2.4999568558339562              1.3999999999999999              1.3999999999999999
       0.94750000               0.9999414301509528              0.0000139819175172              0.9999834566815304              2.4999586417038264              1.3999999999999999              1.3999999999999999
       0.95250000               0.9999408251874049              0.0000135141297504              0.9999840101697482              2.4999600254243712              1.3999999999999999              1.3999999999999999
       0.95750000               0.9999402059766831              0.0000135522861168              0.9999839650545532              2.4999599126363834              1.3999999999999999              1.3999999999999999
       0.96250000               0.9999399894683892              0.0000142500002399              0.9999831395938216              2.4999578489845549              1.3999999999999999              1.3999999999999999
       0.96750000               0.9999395304044638              0.0000151425121426              0.9999820836883324              2.4999552092208313              1.3999999999999999              1.3999999999999999
       0.97250000               0.9999381046639099              0.0000159132501045              0.9999811719090909              2.4999529297727277              1.3999999999999999              1.3999999999999999
       0.97750000               0.9999366847921468              0.0000164275373267              0.9999805636231539              2.4999514090578852              1.3999999999999999              1.3999999999999999
       0.98250000               0.9999359719634471              0.0000167024559458              0.9999802386550775              2.4999505966376945              1.3999999999999999              1.3999999999999999
       0.98750000               0.9999357097943675              0.0000167661888329              0.9999801637172789              2.4999504092931977              1.3999999999999999              1.3999999999999999
       0.99250000               0.9999357008164896              0.0000165797738710              0.9999803849968234              2.4999509624920591              1.3999999999999999              1.3999999999999999
       0.99750000               0.9999357439890568              0.0000158499977788              0.9999812495466646              2.4999531238666619              1.3999999999999999              1.3999999999999999
