       0.00250000               0.9998082881995182             -0.0000038442074466              1.0000050971352423              1.5000076457021136              1.6666666666670000              1.6666666666670000
       0.00750000               0.9998079312934380             -0.0000049300125000              1.0000065622000094              1.5000098432992641              1.6666666666670000              1.6666666666670000
       0.01250000               0.9998080357678336             -0.0000062018971176              1.0000082957486665              1.5000124436222495              1.6666666666670000              1.6666666666670000
       0.01750000               0.9998083119092175             -0.0000069859297697              1.0000094397588741              1.5000141596375609              1.6666666666670000              1.6666666666670000
       0.02250000               0.9998078392293764             -0.0000068896102059              1.0000095042421608              1.5000142563624912              1.6666666666670000              1.6666666666670000
       0.02750000               0.9998065492580334             -0.0000062319718056              1.0000089241768462              1.5000133862645193              1.6666666666670000              1.6666666666670000
       0.03250000               0.9998065076825391             -0.0000052645303805              1.0000080561332638              1.5000120841991456              1.6666666666670000              1.6666666666670000
       0.03750000               0.9998063171071028             -0.0000043347495098              1.0000073923195623              1.5000110884785933              1.6666666666670000              1.6666666666670000
       0.04250000               0.9998055910945836             -0.0000036811444817              1.0000073000796301              1.5000109501186951              1.6666666666670000              1.6666666666670000
       0.04750000               0.9998061244427588             -0.0000032560036758              1.0000077982722031              1.5000116974075546              1.6666666666670000              1.6666666666670000
       0.05250000               0.9998068987503259             -0.0000029204695566              1.0000088158683813              1.5000132238018220              1.6666666666670000              1.6666666666670000
       0.05750000               0.9998075230799679             -0.0000025639693000              1.0000103548306940              1.5000155322452911              1.6666666666670000              1.6666666666670000
       0.06250000               0.9998086167806199             -0.0000020604461523              1.0000124447058214              1.5000186670579820              1.6666666666670000              1.6666666666670000
       0.06750000               0.9998101128110436             -0.0000012230292595              1.0000150981252960              1.5000226471871940              1.6666666666670000              1.6666666666670000
       0.07250000               0.9998110902967842              0.0000002242221288              1.0000182918452649              1.5000274377671472              1.6666666666670000              1.6666666666670000
       0.07750000               0.9998125287936694              0.0000026263294575              1.0000220142656826              1.5000330213977735              1.6666666666670000              1.6666666666670000
       0.08250000               0.9998146501551928              0.0000065991042386              1.0000260316330516              1.5000390474488274              1.6666666666670000              1.6666666666670000
       0.08750000               0.9998168702276363              0.0000125334315195              1.0000305601513519              1.5000458402262777              1.6666666666670000              1.6666666666670000
       0.09250000               0.9998206808525375              0.0000200624946427              1.0000369921344621              1.5000554882009431              1.6666666666670000              1.6666666666670000
       0.09750000               0.9998276160161059              0.0000289351654470              1.0000468136845595              1.5000702205260892              1.6666666666670000              1.6666666666670000
       0.10250000               0.9998363107477036              0.0000389964465106              1.0000616817457970              1.5000925226179453              1.6666666666670000              1.6666666666670000
       0.10750000               0.9998482593622048              0.0000515474146069              1.0000817266916540              1.5001225900367305              1.6666666666670000              1.6666666666670000
       0.11250000               0.9998643285162347              0.0000683391205759              1.0001069142088308              1.5001603713124960              1.6666666666670000              1.6666666666670000
       0.11750000               0.9998834007690183              0.0000910190107560              1.0001378256643001              1.5002067384956999              1.6666666666670000              1.6666666666670000
       0.12250000               0.9999058542523949              0.0001208509183442              1.0001760839042146              1.5002641258555718              1.6666666666670000              1.6666666666670000
       0.12750000               0.9999350505119895              0.0001590984661238              1.0002239159404311              1.5003358739098964              1.6666666666670000              1.6666666666670000
       0.13250000               0.9999713646949395              0.0002073299174311              1.0002838023843950              1.5004257035758419              1.6666666666670000              1.6666666666670000
       0.13750000               1.0000158957517189              0.0002673775546004              1.0003585496477894              1.5005378244709338              1.6666666666670000              1.6666666666670000
       0.14250000               1.0000713548418108              0.0003413344898104              1.0004512811655679              1.5006769217476015              1.6666666666670000              1.6666666666670000
       0.14750000               1.0001397302993034              0.0004315300277545              1.0005654151819121              1.5008481227721175              1.6666666666670000              1.6666666666670000
       0.15250000               1.0002224447497918              0.0005404504499632              1.0007046653465899              1.5010569980191344              1.6666666666670000              1.6666666666670000
       0.15750000               1.0003226549461472              0.0006706226471216              1.0008730412201423              1.5013095618294627              1.6666666666670000              1.6666666666670000
       0.16250000               1.0004434690708979              0.0008243892239041              1.0010749448587495              1.5016124172873733              1.6666666666670000              1.6666666666670000
       0.16750000               1.0005859754484685              0.0010051380223327              1.0013133553554707              1.5019700330324550              1.6666666666670000              1.6666666666670000
       0.17250000               1.0007519734557349              0.0012165890673544              1.0015905046441482              1.5023857569654711              1.6666666666670000              1.6666666666670000
       0.17750000               1.0009433274020694              0.0014623269537111              1.0019082418071266              1.5028623627099382              1.6666666666670000              1.6666666666670000
       0.18250000               1.0011596535749576              0.0017446552210814              1.0022692953965771              1.5034039430941140              1.6666666666670000              1.6666666666670000
       0.18750000               1.0014042829942911              0.0020643018844446              1.0026774819052116              1.5040162228570653              1.6666666666670000              1.6666666666670000
       0.19250000               1.0016801287767303              0.0024216192853545              1.0031360342660884              1.5047040513983800              1.6666666666670000              1.6666666666670000
       0.19750000               1.0019881166818463              0.0028169155209409              1.0036471133639120              1.5054706700451153              1.6666666666670000              1.6666666666670000
       0.20250000               1.0023260146392754              0.0032512248970064              1.0042108049807350              1.5063162074703491              1.6666666666670000              1.6666666666670000
       0.20750000               1.0026954915705282              0.0037250254886382              1.0048268313708391              1.5072402470555051              1.6666666666670000              1.6666666666670000
       0.21250000               1.0030956442205943              0.0042384312237290              1.0054943962157679              1.5082415943228977              1.6666666666670000              1.6666666666670000
       0.21750000               1.0035245503147356              0.0047910754231485              1.0062124569280553              1.5093186853913283              1.6666666666670000              1.6666666666670000
       0.22250000               1.0039830109089936              0.0053820339248410              1.0069799659439511              1.5104699489151714              1.6666666666670000              1.6666666666670000
       0.22750000               1.0044705790551738              0.0060100601421973              1.0077957121574366              1.5116935682353991              1.6666666666670000              1.6666666666670000
       0.23250000               1.0049856573533740              0.0066736276437924              1.0086584046622722              1.5129876069926520              1.6666666666670000              1.6666666666670000
       0.23750000               1.0055276046503656              0.0073715701235826              1.0095659709491445              1.5143489564229593              1.6666666666670000              1.6666666666670000
       0.24250000               1.0060951041687316              0.0081028997514540              1.0105159043138658              1.5157738564700407              1.6666666666670000              1.6666666666670000
       0.24750000               1.0066864173600252              0.0088658352672318              1.0115066250082094              1.5172599375115554              1.6666666666670000              1.6666666666670000
       0.25250000               1.0073010250299139              0.0096581713862910              1.0125370799863807              1.5188056199788111              1.6666666666670000              1.6666666666670000
       0.25750000               1.0079400962819316              0.0104771976137533              1.0136069174430455              1.5204103761638081              1.6666666666670000              1.6666666666670000
       0.26250000               1.0086004869764875              0.0113216201296231              1.0147140237057377              1.5220710355578455              1.6666666666670000              1.6666666666670000
       0.26750000               1.0092805586747795              0.0121915390934355              1.0158545800408252              1.5237818700604759              1.6666666666670000              1.6666666666670000
       0.27250000               1.0099795060430945              0.0130864805846452              1.0170256534782902              1.5255384802166723              1.6666666666670000              1.6666666666670000
       0.27750000               1.0106965091062143              0.0140047724431561              1.0182260361328108              1.5273390541984524              1.6666666666670000              1.6666666666670000
       0.28250000               1.0114285303465587              0.0149448951493676              1.0194544849253189              1.5291817273872139              1.6666666666670000              1.6666666666670000
       0.28750000               1.0121772182710767              0.0159050249776432              1.0207103287651627              1.5310654931469783              1.6666666666670000              1.6666666666670000
       0.29250000               1.0129409932177553              0.0168834760656935              1.0219928905667264              1.5329893358493230              1.6666666666670000              1.6666666666670000
       0.29750000               1.0137172307976421              0.0178793032991923              1.0233006850587330              1.5349510275873319              1.6666666666670000              1.6666666666670000
       0.30250000               1.0145078686874469              0.0188917442961935              1.0246321498456741              1.5369482247677426              1.6666666666670000              1.6666666666670000
       0.30750000               1.0153117469088171              0.0199198998933409              1.0259860579148035              1.5389790868714355              1.6666666666670000              1.6666666666670000
       0.31250000               1.0161272948641862              0.0209626869635732              1.0273615699462406              1.5410423549185903              1.6666666666670000              1.6666666666670000
       0.31750000               1.0169554680722390              0.0220186119242467              1.0287585306324709              1.5431377959479347              1.6666666666670000              1.6666666666670000
       0.32250000               1.0177955379727648              0.0230872841091453              1.0301754624750801              1.5452631937118475              1.6666666666670000              1.6666666666670000
       0.32750000               1.0186451989928573              0.0241690487087254              1.0316100346884589              1.5474150520319148              1.6666666666670000              1.6666666666670000
       0.33250000               1.0195033117403927              0.0252640429047108              1.0330602980979260              1.5495904471461142              1.6666666666670000              1.6666666666670000
       0.33750000               1.0203706287757712              0.0263726436021939              1.0345240902012331              1.5517861353010738              1.6666666666670000              1.6666666666670000
       0.34250000               1.0212456802967478              0.0274927208643413              1.0360026707944334              1.5540040061908731              1.6666666666670000              1.6666666666670000
       0.34750000               1.0221298883342655              0.0286214742648123              1.0374982917132554              1.5562474375691049              1.6666666666670000              1.6666666666670000
       0.35250000               1.0230252031375651              0.0297574784592896              1.0390114795669589              1.5585172193496590              1.6666666666670000              1.6666666666670000
       0.35750000               1.0239283512135680              0.0309015661073933              1.0405398367428020              1.5608097551134223              1.6666666666670000              1.6666666666670000
       0.36250000               1.0248382192808010              0.0320542434232188              1.0420814638790683              1.5631221958178210              1.6666666666670000              1.6666666666670000
       0.36750000               1.0257556416262639              0.0332158463480264              1.0436347542025122              1.5654521313029854              1.6666666666670000              1.6666666666670000
       0.37250000               1.0266785504981080              0.0343859693680411              1.0451991506082352              1.5677987259115689              1.6666666666670000              1.6666666666670000
       0.37750000               1.0276060405001417              0.0355637336260690              1.0467747854983098              1.5701621782466797              1.6666666666670000              1.6666666666670000
       0.38250000               1.0285406439933704              0.0367483797407803              1.0483616918250844              1.5725425377368403              1.6666666666670000              1.6666666666670000
       0.38750000               1.0294807545233708              0.0379399137988511              1.0499589302432060              1.5749383953640215              1.6666666666670000              1.6666666666670000
       0.39250000               1.0304245999844952              0.0391381419821199              1.0515658697333550              1.5773488045992439              1.6666666666670000              1.6666666666670000
       0.39750000               1.0313742172518294              0.0403427216405505              1.0531821252702080              1.5797731879045220              1.6666666666670000              1.6666666666670000
       0.40250000               1.0323292199033576              0.0415530498000124              1.0548077029040197              1.5822115543552386              1.6666666666670000              1.6666666666670000
       0.40750000               1.0332884436730447              0.0427682376032032              1.0564430337332602              1.5846645505990977              1.6666666666670000              1.6666666666670000
       0.41250000               1.0342534737666387              0.0439865639542974              1.0580897076205220              1.5871345614299894              1.6666666666670000              1.6666666666670000
       0.41750000               1.0352264610081185              0.0452076272711722              1.0597475812734030              1.5896213719093097              1.6666666666670000              1.6666666666670000
       0.42250000               1.0362024202334832              0.0464332856574256              1.0614134741841241              1.5921202112753903              1.6666666666670000              1.6666666666670000
       0.42750000               1.0371809820179791              0.0476648634081156              1.0630849431954259              1.5946274147923416              1.6666666666670000              1.6666666666670000
       0.43250000               1.0381612681768204              0.0489033814719518              1.0647599669950158              1.5971399504917250              1.6666666666670000              1.6666666666670000
       0.43750000               1.0391435555653994              0.0501470055506926              1.0664404234580473              1.5996606351862710              1.6666666666670000              1.6666666666670000
       0.44250000               1.0401282475684230              0.0513932329084148              1.0681291244435207              1.6021936866644799              1.6666666666670000              1.6666666666670000
       0.44750000               1.0411206848305341              0.0526407776736210              1.0698272713642147              1.6047409070455196              1.6666666666670000              1.6666666666670000
       0.45250000               1.0421159160080500              0.0538905420993429              1.0715331005640789              1.6072996508453148              1.6666666666670000              1.6666666666670000
       0.45750000               1.0431139494197526              0.0551430212649053              1.0732454093264325              1.6098681139888440              1.6666666666670000              1.6666666666670000
       0.46250000               1.0441164366165951              0.0563985156288447              1.0749632758939811              1.6124449138401653              1.6666666666670000              1.6666666666670000
       0.46750000               1.0451208024079282              0.0576569736913851              1.0766862657307781              1.6150293985953597              1.6666666666670000              1.6666666666670000
       0.47250000               1.0461251196057670              0.0589179347568800              1.0784145150170188              1.6176217725247195              1.6666666666670000              1.6666666666670000
       0.47750000               1.0471347008223197              0.0601798826070521              1.0801496189972253              1.6202244284950278              1.6666666666670000              1.6666666666670000
       0.48250000               1.0481470678365510              0.0614435721328069              1.0818900800171887              1.6228351200249715              1.6666666666670000              1.6666666666670000
       0.48750000               1.0491588764370761              0.0627103429560105              1.0836335840579334              1.6254503760860872              1.6666666666670000              1.6666666666670000
       0.49250000               1.0501708411943333              0.0639819597381309              1.0853772239752943              1.6280658359621272              1.6666666666670000              1.6666666666670000
       0.49750000               1.0511841065258127              0.0652563199685446              1.0871234406001815              1.6306851608994570              1.6666666666670000              1.6666666666670000
       0.50250000               1.0521982769394727              0.0665296860858434              1.0888769123602269              1.6333153685395236              1.6666666666670000              1.6666666666670000
       0.50750000               1.0532179687387058              0.0677998959699007              1.0906402271664670              1.6359603407488823              1.6666666666670000              1.6666666666670000
       0.51250000               1.0542422002373817              0.0690697587578488              1.0924090304467577              1.6386135456693172              1.6666666666670000              1.6666666666670000
       0.51750000               1.0552647176284620              0.0703415878844924              1.0941797117655889              1.6412695676475626              1.6666666666670000              1.6666666666670000
       0.52250000               1.0562864594508368              0.0716162069494513              1.0959506248068005              1.6439259372093786              1.6666666666670000              1.6666666666670000
       0.52750000               1.0573104251285856              0.0728931984283409              1.0977218926372687              1.6465828389550798              1.6666666666670000              1.6666666666670000
       0.53250000               1.0583325716561067              0.0741711446403941              1.0994950615738222              1.6492425923599086              1.6666666666670000              1.6666666666670000
       0.53750000               1.0593556321357320              0.0754481448321688              1.1012721668816665              1.6519082503216735              1.6666666666670000              1.6666666666670000
       0.54250000               1.0603840853043438              0.0767244468259952              1.1030526851486213              1.6545790277221044              1.6666666666670000              1.6666666666670000
       0.54750000               1.0614104968297464              0.0780006496739347              1.1048349360049969              1.6572524040066667              1.6666666666670000              1.6666666666670000
       0.55250000               1.0624362258169202              0.0792769891383791              1.1066185818555876              1.6599278727825513              1.6666666666670000              1.6666666666670000
       0.55750000               1.0634656519585979              0.0805531270764075              1.1084031383057029              1.6626047074577230              1.6666666666670000              1.6666666666670000
       0.56250000               1.0644936371679601              0.0818284010361661              1.1101890904873490              1.6652836357301910              1.6666666666670000              1.6666666666670000
       0.56750000               1.0655175177570850              0.0831004035557985              1.1119791954639326              1.6679687931950651              1.6666666666670000              1.6666666666670000
       0.57250000               1.0665510289993205              0.0843669590041896              1.1137748975335700              1.6706623462995196              1.6666666666670000              1.6666666666670000
       0.57750000               1.0675803421435051              0.0856338722241973              1.1155693299978255              1.6733539949959013              1.6666666666670000              1.6666666666670000
       0.58250000               1.0685981988028803              0.0869059332009056              1.1173547166461608              1.6760320749684032              1.6666666666670000              1.6666666666670000
       0.58750000               1.0696247049382313              0.0881816075705801              1.1191400744022351              1.6787101116025129              1.6666666666670000              1.6666666666670000
       0.59250000               1.0706508193091673              0.0894536035863931              1.1209292607288148              1.6813938910923814              1.6666666666670000              1.6666666666670000
       0.59750000               1.0716682787097291              0.0907198292270119              1.1227182647626925              1.6840773971431964              1.6666666666670000              1.6666666666670000
       0.60250000               1.0726891120891362              0.0919751058619673              1.1244969543241194              1.6867454314853358              1.6666666666670000              1.6666666666670000
       0.60750000               1.0736963458946569              0.0932071451611698              1.1262543775626741              1.6893815663431664              1.6666666666670000              1.6666666666670000
       0.61250000               1.0746784405665046              0.0944110434796928              1.1279831309961759              1.6919746964934177              1.6666666666670000              1.6666666666670000
       0.61750000               1.0756961688827666              0.0956627012085328              1.1297637923133521              1.6946456884691807              1.6666666666670000              1.6666666666670000
       0.62250000               1.0768994188188845              0.0971578220792937              1.1318613413463392              1.6977920120186598              1.6666666666670000              1.6666666666670000
       0.62750000               1.0783139067834921              0.0989027152014757              1.1343489077803515              1.7015233616696763              1.6666666666670000              1.6666666666670000
       0.63250000               1.0796461171615888              0.1004962546614014              1.1366882711022837              1.7050324066525728              1.6666666666670000              1.6666666666670000
       0.63750000               1.0802753952885848              0.1012763160874314              1.1377830030989011              1.7066745046474983              1.6666666666670000              1.6666666666670000
       0.64250000               1.0793498283560892              0.1002238301116815              1.1361729085718455              1.7042593628569160              1.6666666666670000              1.6666666666670000
       0.64750000               1.0740793135728288              0.0936118213712157              1.1269534700889081              1.6904302051325168              1.6666666666670000              1.6666666666670000
       0.65250000               1.0617967015261669              0.0785906197845478              1.1055172736262302              1.6582759104385161              1.6666666666670000              1.6666666666670000
       0.65750000               1.0355441246334443              0.0454929739902920              1.0602915326825055              1.5904372990229632              1.6666666666670000              1.6666666666670000
       0.66250000               1.0118273673483307              0.0154003285247607              1.0200772369042714              1.5301158553556422              1.6666666666670000              1.6666666666670000
       0.66750000               1.0027072124958769              0.0037089697080114              1.0048082415935842              1.5072123623896225              1.6666666666670000              1.6666666666670000
       0.67250000               1.0006247862066062              0.0010297393201542              1.0013408604140241              1.5020112906202852              1.6666666666670000              1.6666666666670000
       0.67750000               1.0000427619591246              0.0002901852640500              1.0003843636759082              1.5005765455131121              1.6666666666670000              1.6666666666670000
       0.68250000               0.9998613288892267              0.0000851707071368              1.0001185134022603              1.5001777701026402              1.6666666666670000              1.6666666666670000
       0.68750000               0.9997882373480013              0.0000279036336050              1.0000437686451349              1.5000656529669523              1.6666666666670000              1.6666666666670000
       0.69250000               0.9997664928885008              0.0000106786076650              1.0000213920649867              1.5000320880967302              1.6666666666670000              1.6666666666670000
       0.69750000               0.9997692243652935              0.0000042663640379              1.0000142770098508              1.5000214155140261              1.6666666666670000              1.6666666666670000
       0.70250000               0.9997772738067366              0.0000010013676553              1.0000118866315404              1.5000178299465603              1.6666666666670000              1.6666666666670000
       0.70750000               0.9997851205975101             -0.0000010368208054              1.0000108752237105              1.5000163128348156              1.6666666666670000              1.6666666666670000
       0.71250000               0.9997976844563384             -0.0000022771133457              1.0000099631009625              1.5000149446506936              1.6666666666670000              1.6666666666670000
       0.71750000               0.9998201113634819             -0.0000028396616439              1.0000087197705478              1.5000130796550719              1.6666666666670000              1.6666666666670000
       0.72250000               0.9998315857102147             -0.0000029078418513              1.0000072950774253              1.5000109426153878              1.6666666666670000              1.6666666666670000
       0.72750000               0.9998339830890537             -0.0000026282148825              1.0000058750454079              1.5000088125673618              1.6666666666670000              1.6666666666670000
       0.73250000               0.9998317948140499             -0.0000021958891910              1.0000046020205431              1.5000069030300649              1.6666666666670000              1.6666666666670000
       0.73750000               0.9998294078383616             -0.0000018193242398              1.0000036064524374              1.5000054096779061              1.6666666666670000              1.6666666666670000
       0.74250000               0.9998284274819894             -0.0000016749770109              1.0000030419246138              1.5000045628861707              1.6666666666670000              1.6666666666670000
       0.74750000               0.9998282834370588             -0.0000019905736672              1.0000031759324310              1.5000047638978966              1.6666666666670000              1.6666666666670000
       0.75250000               0.9998283188410835             -0.0000027753513163              1.0000040011674687              1.5000060017504531              1.6666666666670000              1.6666666666670000
       0.75750000               0.9998275197173426             -0.0000037224309904              1.0000050958128581              1.5000076437185372              1.6666666666670000              1.6666666666670000
       0.76250000               0.9998269354184174             -0.0000044483387981              1.0000059429954404              1.5000089144924107              1.6666666666670000              1.6666666666670000
       0.76750000               0.9998258832741604             -0.0000045665314514              1.0000060315508421              1.5000090473255132              1.6666666666670000              1.6666666666670000
       0.77250000               0.9998244017855472             -0.0000042275978992              1.0000055495292948              1.5000083242931923              1.6666666666670000              1.6666666666670000
       0.77750000               0.9998232758393693             -0.0000036462281620              1.0000047690743266              1.5000071536107398              1.6666666666670000              1.6666666666670000
       0.78250000               0.9998223114436148             -0.0000031041261178              1.0000040491765771              1.5000060737641157              1.6666666666670000              1.6666666666670000
       0.78750000               0.9998209276268197             -0.0000029114620867              1.0000037867877427              1.5000056801808641              1.6666666666670000              1.6666666666670000
       0.79250000               0.9998211406635316             -0.0000032252424848              1.0000041825000783              1.5000062737493673              1.6666666666670000              1.6666666666670000
       0.79750000               0.9998242175906621             -0.0000038117537723              1.0000049333207826              1.5000073999804235              1.6666666666670000              1.6666666666670000
       0.80250000               0.9998274861986961             -0.0000044592182142              1.0000057649118348              1.5000086473670025              1.6666666666670000              1.6666666666670000
       0.80750000               0.9998298927545752             -0.0000049822217940              1.0000064372018551              1.5000096558020326              1.6666666666670000              1.6666666666670000
       0.81250000               0.9998308833229234             -0.0000052363413692              1.0000067632744121              1.5000101449108680              1.6666666666670000              1.6666666666670000
       0.81750000               0.9998293924799921             -0.0000051415055835              1.0000066394878571              1.5000099592310354              1.6666666666670000              1.6666666666670000
       0.82250000               0.9998274296176430             -0.0000047265596172              1.0000061029505325              1.5000091544250489              1.6666666666670000              1.6666666666670000
       0.82750000               0.9998256117258458             -0.0000040745360251              1.0000052607692798              1.5000078911531698              1.6666666666670000              1.6666666666670000
       0.83250000               0.9998230193639221             -0.0000033198536754              1.0000042863245682              1.5000064294861022              1.6666666666670000              1.6666666666670000
       0.83750000               0.9998210311311625             -0.0000026571390724              1.0000034307204264              1.5000051460798893              1.6666666666670000              1.6666666666670000
       0.84250000               0.9998200039403500             -0.0000023045917931              1.0000029755542208              1.5000044633305811              1.6666666666670000              1.6666666666670000
       0.84750000               0.9998194286730216             -0.0000026098764408              1.0000033695821149              1.5000050543724224              1.6666666666670000              1.6666666666670000
       0.85250000               0.9998186418521028             -0.0000035435580915              1.0000045747856465              1.5000068621777198              1.6666666666670000              1.6666666666670000
       0.85750000               0.9998183732056289             -0.0000046070680244              1.0000059475644263              1.5000089213458894              1.6666666666670000              1.6666666666670000
       0.86250000               0.9998179615739556             -0.0000053344622819              1.0000068864498239              1.5000103296739857              1.6666666666670000              1.6666666666670000
       0.86750000               0.9998167562558823             -0.0000055175457028              1.0000071227027623              1.5000106840533936              1.6666666666670000              1.6666666666670000
       0.87250000               0.9998167716856163             -0.0000053377720863              1.0000068905760795              1.5000103358633692              1.6666666666670000              1.6666666666670000
       0.87750000               0.9998166202461022             -0.0000049307157755              1.0000063650974189              1.5000095476453783              1.6666666666670000              1.6666666666670000
       0.88250000               0.9998155872073269             -0.0000044399458714              1.0000057315985287              1.5000085973970432              1.6666666666670000              1.6666666666670000
       0.88750000               0.9998143670369716             -0.0000040181271396              1.0000051871338065              1.5000077806999597              1.6666666666670000              1.6666666666670000
       0.89250000               0.9998135916200668             -0.0000037780329470              1.0000048772652534              1.5000073158971301              1.6666666666670000              1.6666666666670000
       0.89750000               0.9998128713563343             -0.0000037976768034              1.0000049026821509              1.5000073540224763              1.6666666666670000              1.6666666666670000
       0.90250000               0.9998110717463929             -0.0000041525142041              1.0000053607704167              1.5000080411548748              1.6666666666670000              1.6666666666670000
       0.90750000               0.9998083557366420             -0.0000048231991430              1.0000062265588356              1.5000093398375034              1.6666666666670000              1.6666666666670000
       0.91250000               0.9998030122165389             -0.0000056636564333              1.0000073114900805              1.5000109672343709              1.6666666666670000              1.6666666666670000
       0.91750000               0.9997962427941601             -0.0000064192901683              1.0000082869203080              1.5000124303797118              1.6666666666670000              1.6666666666670000
       0.92250000               0.9997928008357373             -0.0000067854299668              1.0000087595668119              1.5000131393494680              1.6666666666670000              1.6666666666670000
       0.92750000               0.9997913923069641             -0.0000063494815799              1.0000081968450354              1.5000122952668031              1.6666666666670000              1.6666666666670000
       0.93250000               0.9997912606294095             -0.0000053940041768              1.0000069635210369              1.5000104452808054              1.6666666666670000              1.6666666666670000
       0.93750000               0.9997942020866619             -0.0000045060443750              1.0000058174305113              1.5000087261450172              1.6666666666670000              1.6666666666670000
       0.94250000               0.9997985755402969             -0.0000042343466693              1.0000054669967577              1.5000082004943867              1.6666666666670000              1.6666666666670000
       0.94750000               0.9998033737916566             -0.0000046517823828              1.0000060063620302              1.5000090095422951              1.6666666666670000              1.6666666666670000
       0.95250000               0.9998122461288491             -0.0000054294617273              1.0000070110784360              1.5000105166169040              1.6666666666670000              1.6666666666670000
       0.95750000               0.9998175171869664             -0.0000062743291724              1.0000081029611494              1.5000121544409739              1.6666666666670000              1.6666666666670000
       0.96250000               0.9998176345176890             -0.0000068954138178              1.0000089065643409              1.5000133598457612              1.6666666666670000              1.6666666666670000
       0.96750000               0.9998174990575661             -0.0000071174864278              1.0000091959614776              1.5000137939414662              1.6666666666670000              1.6666666666670000
       0.97250000               0.9998173627112485             -0.0000069545446426              1.0000089896718034              1.5000134845069550              1.6666666666670000              1.6666666666670000
       0.97750000               0.9998168547346334             -0.0000064723379833              1.0000083732667502              1.5000125598993752              1.6666666666670000              1.6666666666670000
       0.98250000               0.9998157637287511             -0.0000057367480412              1.0000074328211823              1.5000111492310235              1.6666666666670000              1.6666666666670000
       0.98750000               0.9998144025378662             -0.0000048748405250              1.0000063338378140              1.5000095007559708              1.6666666666670000              1.6666666666670000
       0.99250000               0.9998117369296651             -0.0000040872890176              1.0000053374559557              1.5000080061831835              1.6666666666670000              1.6666666666670000
       0.99750000               0.9998092359598184             -0.0000036180178159              1.0000047615189971              1.5000071422777457              1.6666666666670000              1.6666666666670000
