       0.00250000               0.9999349540073683              0.0000160182363695              0.9999811094837519              2.4999527737093805              1.3999999999999999              1.3999999999999999
       0.00750000               0.9999351935166940              0.0000155197429485              0.9999816790124022              2.4999541975310060              1.3999999999999999              1.3999999999999999
       0.01250000               0.9999361351111724              0.0000147399062047              0.9999825878994892              2.4999564697487235              1.3999999999999999              1.3999999999999999
       0.01750000               0.9999367044071977              0.0000139334564608              0.9999835327271821              2.4999588318179558              1.3999999999999999              1.3999999999999999
       0.02250000               0.9999363280731258              0.0000133452639843              0.9999842223604503              2.4999605559011262              1.3999999999999999              1.3999999999999999
       0.02750000               0.9999360931595713              0.0000131353665233              0.9999844664757930              2.4999611661894834              1.3999999999999999              1.3999999999999999
       0.03250000               0.9999360249258186              0.0000133154439551              0.9999842505876484              2.4999606264691212              1.3999999999999999              1.3999999999999999
       0.03750000               0.9999356842716124              0.0000138077397440              0.9999836662411800              2.4999591656029505              1.3999999999999999              1.3999999999999999
       0.04250000               0.9999345725004725              0.0000145143974668              0.9999828289079652              2.4999570722699134              1.3999999999999999              1.3999999999999999
       0.04750000               0.9999327345908752              0.0000152808276922              0.9999819212847901              2.4999548032119758              1.3999999999999999              1.3999999999999999
       0.05250000               0.9999315044728562              0.0000158984184932              0.9999811900494072              2.4999529751235183              1.3999999999999999              1.3999999999999999
       0.05750000               0.9999313650653859              0.0000161472203447              0.9999808953402967              2.4999522383507422              1.3999999999999999              1.3999999999999999
       0.06250000               0.9999320625703257              0.0000156088867502              0.9999815320620010              2.4999538301550031              1.3999999999999999              1.3999999999999999
       0.06750000               0.9999325796061131              0.0000143961167597              0.9999829668303889              2.4999574170759731              1.3999999999999999              1.3999999999999999
       0.07250000               0.9999330592529295              0.0000131903178339              0.9999843933983444              2.4999609834958614              1.3999999999999999              1.3999999999999999
       0.07750000               0.9999335527965648              0.0000126573229694              0.9999850239562204              2.4999625598905517              1.3999999999999999              1.3999999999999999
       0.08250000               0.9999330410258518              0.0000131312781582              0.9999844631404673              2.4999611578511689              1.3999999999999999              1.3999999999999999
       0.08750000               0.9999319386596144              0.0000141606452937              0.9999832451952628              2.4999581129881574              1.3999999999999999              1.3999999999999999
       0.09250000               0.9999310251756865              0.0000152421274389              0.9999819656103597              2.4999549140259001              1.3999999999999999              1.3999999999999999
       0.09750000               0.9999301962543603              0.0000159247856078              0.9999811579106234              2.4999528947765590              1.3999999999999999              1.3999999999999999
       0.10250000               0.9999290169696511              0.0000160955935027              0.9999809558197743              2.4999523895494362              1.3999999999999999              1.3999999999999999
       0.10750000               0.9999292750564956              0.0000159470273097              0.9999811316031456              2.4999528290078645              1.3999999999999999              1.3999999999999999
       0.11250000               0.9999296434402758              0.0000155957494779              0.9999815472287831              2.4999538680719584              1.3999999999999999              1.3999999999999999
       0.11750000               0.9999296869535776              0.0000151553199738              0.9999820683345845              2.4999551708364618              1.3999999999999999              1.3999999999999999
       0.12250000               0.9999300540510619              0.0000147392450971              0.9999825606231814              2.4999564015579541              1.3999999999999999              1.3999999999999999
       0.12750000               0.9999304912124379              0.0000144306165214              0.9999829257844829              2.4999573144612079              1.3999999999999999              1.3999999999999999
       0.13250000               0.9999301340166340              0.0000142909710761              0.9999830910117937              2.4999577275294849              1.3999999999999999              1.3999999999999999
       0.13750000               0.9999297651224067              0.0000144160883746              0.9999829429853625              2.4999573574634066              1.3999999999999999              1.3999999999999999
       0.14250000               0.9999295049207686              0.0000150114724874              0.9999822385652960              2.4999555964132405              1.3999999999999999              1.3999999999999999
       0.14750000               0.9999283434569071              0.0000159044087686              0.9999811821120885              2.4999529552802215              1.3999999999999999              1.3999999999999999
       0.15250000               0.9999272292338715              0.0000166747592456              0.9999802707293329              2.4999506768233331              1.3999999999999999              1.3999999999999999
       0.15750000               0.9999271719507542              0.0000168530043137              0.9999800599439325              2.4999501498598318              1.3999999999999999              1.3999999999999999
       0.16250000               0.9999275921167708              0.0000161014248727              0.9999809493458257              2.4999523733645650              1.3999999999999999              1.3999999999999999
       0.16750000               0.9999279884557742              0.0000150246591905              0.9999822235754477              2.4999555589386198              1.3999999999999999              1.3999999999999999
       0.17250000               0.9999289390897047              0.0000142609558656              0.9999831275256832              2.4999578188142082              1.3999999999999999              1.3999999999999999
       0.17750000               0.9999289424151429              0.0000142284515340              0.9999831665406063              2.4999579163515162              1.3999999999999999              1.3999999999999999
       0.18250000               0.9999278806770352              0.0000147101706336              0.9999825974435493              2.4999564936088738              1.3999999999999999              1.3999999999999999
       0.18750000               0.9999276644032741              0.0000154849592221              0.9999816820531184              2.4999542051327968              1.3999999999999999              1.3999999999999999
       0.19250000               0.9999273983362551              0.0000163277697165              0.9999806868698502              2.4999517171746262              1.3999999999999999              1.3999999999999999
       0.19750000               0.9999262855438830              0.0000170638459267              0.9999798190019291              2.4999495475048232              1.3999999999999999              1.3999999999999999
       0.20250000               0.9999256503922720              0.0000176220970022              0.9999791630627379              2.4999479076568454              1.3999999999999999              1.3999999999999999
       0.20750000               0.9999256033968501              0.0000179845185180              0.9999787410848096              2.4999468527120245              1.3999999999999999              1.3999999999999999
       0.21250000               0.9999250872054321              0.0000181006110402              0.9999786138784829              2.4999465346962078              1.3999999999999999              1.3999999999999999
       0.21750000               0.9999250512176537              0.0000177420119114              0.9999790531684629              2.4999476329211578              1.3999999999999999              1.3999999999999999
       0.22250000               0.9999261597117242              0.0000166453511807              0.9999803727751593              2.4999509319378985              1.3999999999999999              1.3999999999999999
       0.22750000               0.9999269875473733              0.0000153149273377              0.9999819791983674              2.4999549479959189              1.3999999999999999              1.3999999999999999
       0.23250000               0.9999273661731145              0.0000144310614233              0.9999830720070310              2.4999576800175780              1.3999999999999999              1.3999999999999999
       0.23750000               0.9999274366221005              0.0000148475170704              0.9999826474165244              2.4999566185413116              1.3999999999999999              1.3999999999999999
       0.24250000               0.9999261514625681              0.0000163001824758              0.9999810268432230              2.4999525671080578              1.3999999999999999              1.3999999999999999
       0.24750000               0.9999244456054214              0.0000177028802871              0.9999795078786557              2.4999487696966400              1.3999999999999999              1.3999999999999999
       0.25250000               0.9999245634442426              0.0000183409075244              0.9999789534297198              2.4999473835743000              1.3999999999999999              1.3999999999999999
       0.25750000               0.9999252394175063              0.0000183094441943              0.9999792747612865              2.4999481869032167              1.3999999999999999              1.3999999999999999
       0.26250000               0.9999253273975699              0.0000179509669141              0.9999800994322630              2.4999502485806580              1.3999999999999999              1.3999999999999999
       0.26750000               0.9999260744628764              0.0000175588364618              0.9999811250373094              2.4999528125932744              1.3999999999999999              1.3999999999999999
       0.27250000               0.9999270600197495              0.0000174423615036              0.9999820461992583              2.4999551154981461              1.3999999999999999              1.3999999999999999
       0.27750000               0.9999271286457611              0.0000176977308213              0.9999828307525745              2.4999570768814365              1.3999999999999999              1.3999999999999999
       0.28250000               0.9999274112163025              0.0000182724470877              0.9999836501621846              2.4999591254054616              1.3999999999999999              1.3999999999999999
       0.28750000               0.9999282835689332              0.0000191875469642              0.9999846251100222              2.4999615627750558              1.3999999999999999              1.3999999999999999
       0.29250000               0.9999287818268972              0.0000205376412275              0.9999858362365457              2.4999645905913646              1.3999999999999999              1.3999999999999999
       0.29750000               0.9999294565598464              0.0000225723317727              0.9999872413793222              2.4999681034483059              1.3999999999999999              1.3999999999999999
       0.30250000               0.9999310339631960              0.0000254732981723              0.9999889562283359              2.4999723905708402              1.3999999999999999              1.3999999999999999
       0.30750000               0.9999326802456114              0.0000291152375444              0.9999915580488847              2.4999788951222124              1.3999999999999999              1.3999999999999999
       0.31250000               0.9999351159124226              0.0000333581041023              0.9999957654088498              2.4999894135221252              1.3999999999999999              1.3999999999999999
       0.31750000               0.9999406958038668              0.0000377351333408              1.0000028380968875              2.5000070952422191              1.3999999999999999              1.3999999999999999
       0.32250000               0.9999481649144506              0.0000429909180446              1.0000127939907082              2.5000319849767707              1.3999999999999999              1.3999999999999999
       0.32750000               0.9999562248088044              0.0000507540983133              1.0000248392903270              2.5000620982258184              1.3999999999999999              1.3999999999999999
       0.33250000               0.9999661728070953              0.0000626399600276              1.0000384799059387              2.5000961997648474              1.3999999999999999              1.3999999999999999
       0.33750000               0.9999785241412216              0.0000789327067491              1.0000551366647390              2.5001378416618478              1.3999999999999999              1.3999999999999999
       0.34250000               0.9999933233424978              0.0000999361123291              1.0000766088463768              2.5001915221159421              1.3999999999999999              1.3999999999999999
       0.34750000               1.0000133581917210              0.0001261007768320              1.0001049892733218              2.5002624731833052              1.3999999999999999              1.3999999999999999
       0.35250000               1.0000400644406136              0.0001585090471269              1.0001421574086506              2.5003553935216272              1.3999999999999999              1.3999999999999999
       0.35750000               1.0000736679437185              0.0001989504748507              1.0001897539031810              2.5004743847579531              1.3999999999999999              1.3999999999999999
       0.36250000               1.0001162262400753              0.0002494495226552              1.0002497948707949              2.5006244871769878              1.3999999999999999              1.3999999999999999
       0.36750000               1.0001700353033518              0.0003122106166101              1.0003247768500989              2.5008119421252477              1.3999999999999999              1.3999999999999999
       0.37250000               1.0002361174834185              0.0003896351784027              1.0004176727458602              2.5010441818646516              1.3999999999999999              1.3999999999999999
       0.37750000               1.0003170869114382              0.0004844204720044              1.0005317985386872              2.5013294963467185              1.3999999999999999              1.3999999999999999
       0.38250000               1.0004166220438275              0.0005997945093991              1.0006704791352075              2.5016761978380195              1.3999999999999999              1.3999999999999999
       0.38750000               1.0005358097693111              0.0007394051056437              1.0008370774063244              2.5020926935158116              1.3999999999999999              1.3999999999999999
       0.39250000               1.0006762920158141              0.0009074490256453              1.0010346916081225              2.5025867290203072              1.3999999999999999              1.3999999999999999
       0.39750000               1.0008425240322030              0.0011077426502503              1.0012670627912819              2.5031676569782051              1.3999999999999999              1.3999999999999999
       0.40250000               1.0010380881537730              0.0013422091810796              1.0015401410450684              2.5038503526126714              1.3999999999999999              1.3999999999999999
       0.40750000               1.0012656178926935              0.0016127941147045              1.0018595705799747              2.5046489264499372              1.3999999999999999              1.3999999999999999
       0.41250000               1.0015293005644998              0.0019225237660362              1.0022291878714773              2.5055729696786941              1.3999999999999999              1.3999999999999999
       0.41750000               1.0018304586349276              0.0022754005760971              1.0026509126449834              2.5066272816124591              1.3999999999999999              1.3999999999999999
       0.42250000               1.0021696404996803              0.0026745464411706              1.0031267515157438              2.5078168787893600              1.3999999999999999              1.3999999999999999
       0.42750000               1.0025487398213406              0.0031222449515297              1.0036586033193300              2.5091465082983260              1.3999999999999999              1.3999999999999999
       0.43250000               1.0029697449048756              0.0036195419808123              1.0042486459860340              2.5106216149650855              1.3999999999999999              1.3999999999999999
       0.43750000               1.0034328293641008              0.0041671787246107              1.0048982026158149              2.5122455065395375              1.3999999999999999              1.3999999999999999
       0.44250000               1.0039385197697261              0.0047653183695864              1.0056080918182095              2.5140202295455243              1.3999999999999999              1.3999999999999999
       0.44750000               1.0044881309139646              0.0054138299171332              1.0063783669326982              2.5159459173317460              1.3999999999999999              1.3999999999999999
       0.45250000               1.0050797924990362              0.0061123986613906              1.0072082932553725              2.5180207331384321              1.3999999999999999              1.3999999999999999
       0.45750000               1.0057123626470357              0.0068601977075861              1.0080968706185116              2.5202421765462795              1.3999999999999999              1.3999999999999999
       0.46250000               1.0063869485573438              0.0076558152399172              1.0090430682888796              2.5226076707221998              1.3999999999999999              1.3999999999999999
       0.46750000               1.0071018130165044              0.0084974037600623              1.0100457941708596              2.5251144854271494              1.3999999999999999              1.3999999999999999
       0.47250000               1.0078554467422844              0.0093821244976963              1.0111046967121735              2.5277617417804343              1.3999999999999999              1.3999999999999999
       0.47750000               1.0086473500817126              0.0103084866692085              1.0122175034662548              2.5305437586656376              1.3999999999999999              1.3999999999999999
       0.48250000               1.0094746547217468              0.0112764172516455              1.0133800388483403              2.5334500971208516              1.3999999999999999              1.3999999999999999
       0.48750000               1.0103341874900138              0.0122852874759383              1.0145886731608724              2.5364716829021816              1.3999999999999999              1.3999999999999999
       0.49250000               1.0112239786008959              0.0133337212498702              1.0158406320212987              2.5396015800532474              1.3999999999999999              1.3999999999999999
       0.49750000               1.0121443718562364              0.0144183160686630              1.0171356019668252              2.5428390049170635              1.3999999999999999              1.3999999999999999
       0.50250000               1.0130948193534233              0.0155354764638605              1.0184735881568445              2.5461839703921116              1.3999999999999999              1.3999999999999999
       0.50750000               1.0140745097012294              0.0166826127962084              1.0198535104041475              2.5496337760103698              1.3999999999999999              1.3999999999999999
       0.51250000               1.0150819477914217              0.0178590355156414              1.0212721444837263              2.5531803612093165              1.3999999999999999              1.3999999999999999
       0.51750000               1.0161143861310411              0.0190637613567320              1.0227267718412147              2.5568169296030376              1.3999999999999999              1.3999999999999999
       0.52250000               1.0171694586123212              0.0202956787177282              1.0242149889581409              2.5605374723953527              1.3999999999999999              1.3999999999999999
       0.52750000               1.0182478446031529              0.0215533978810384              1.0257349010074961              2.5643372525187407              1.3999999999999999              1.3999999999999999
       0.53250000               1.0193471842418946              0.0228352242411654              1.0272851543124608              2.5682128857811524              1.3999999999999999              1.3999999999999999
       0.53750000               1.0204666131417928              0.0241386225826019              1.0288655868277832              2.5721639670694585              1.3999999999999999              1.3999999999999999
       0.54250000               1.0216052631970183              0.0254632184298823              1.0304735879839269              2.5761839699598172              1.3999999999999999              1.3999999999999999
       0.54750000               1.0227613961253439              0.0268085730564982              1.0321067809572995              2.5802669523932495              1.3999999999999999              1.3999999999999999
       0.55250000               1.0239329798431891              0.0281738335141030              1.0337634390893793              2.5844085977234488              1.3999999999999999              1.3999999999999999
       0.55750000               1.0251204568119354              0.0295570758882844              1.0354432855222455              2.5886082138056143              1.3999999999999999              1.3999999999999999
       0.56250000               1.0263246180221244              0.0309557556031997              1.0371469459518929              2.5928673648797331              1.3999999999999999              1.3999999999999999
       0.56750000               1.0275456895166486              0.0323666895739054              1.0388759693577947              2.5971899233944873              1.3999999999999999              1.3999999999999999
       0.57250000               1.0287810927119587              0.0337916185481484              1.0406260115074784              2.6015650287686967              1.3999999999999999              1.3999999999999999
       0.57750000               1.0300288567450073              0.0352315748494725              1.0423936888275767              2.6059842220689422              1.3999999999999999              1.3999999999999999
       0.58250000               1.0312871951827347              0.0366858906279007              1.0441777949334090              2.6104444873335235              1.3999999999999999              1.3999999999999999
       0.58750000               1.0325553914990557              0.0381537818242982              1.0459773572271447              2.6149433930678621              1.3999999999999999              1.3999999999999999
       0.59250000               1.0338354391708120              0.0396331665518528              1.0477930954352861              2.6194827385882156              1.3999999999999999              1.3999999999999999
       0.59750000               1.0351268681279189              0.0411217813867327              1.0496260453807809              2.6240651134519526              1.3999999999999999              1.3999999999999999
       0.60250000               1.0364279113710697              0.0426194100359530              1.0514747988351900              2.6286869970879754              1.3999999999999999              1.3999999999999999
       0.60750000               1.0377386252025058              0.0441260677206034              1.0533377248711409              2.6333443121778526              1.3999999999999999              1.3999999999999999
       0.61250000               1.0390579736057821              0.0456414131132174              1.0552136932950811              2.6380342332377031              1.3999999999999999              1.3999999999999999
       0.61750000               1.0403841726316028              0.0471648586954741              1.0571019275885358              2.6427548189713401              1.3999999999999999              1.3999999999999999
       0.62250000               1.0417186276933692              0.0486954665917757              1.0590021401131955              2.6475053502829891              1.3999999999999999              1.3999999999999999
       0.62750000               1.0430620374191002              0.0502311546926626              1.0609155141171143              2.6522887852927863              1.3999999999999999              1.3999999999999999
       0.63250000               1.0444122082597112              0.0517717775119660              1.0628408697783982              2.6571021744459959              1.3999999999999999              1.3999999999999999
       0.63750000               1.0457686727603697              0.0533188040025001              1.0647750398364160              2.6619375995910404              1.3999999999999999              1.3999999999999999
       0.64250000               1.0471292811663413              0.0548730637726494              1.0667156676191443              2.6667891690478611              1.3999999999999999              1.3999999999999999
       0.64750000               1.0484911900469067              0.0564347837458500              1.0686611627296911              2.6716529068242281              1.3999999999999999              1.3999999999999999
       0.65250000               1.0498589328568340              0.0580009002000869              1.0706140663889177              2.6765351659722945              1.3999999999999999              1.3999999999999999
       0.65750000               1.0512346489150926              0.0595670475289536              1.0725786145406968              2.6814465363517423              1.3999999999999999              1.3999999999999999
       0.66250000               1.0526158140464976              0.0611331631325503              1.0745536384593970              2.6863840961484935              1.3999999999999999              1.3999999999999999
       0.66750000               1.0540010212917175              0.0627013523257226              1.0765352670800186              2.6913381677000472              1.3999999999999999              1.3999999999999999
       0.67250000               1.0553893873027904              0.0642725819281238              1.0785210091387190              2.6963025228467981              1.3999999999999999              1.3999999999999999
       0.67750000               1.0567779950847020              0.0658467841061981              1.0805096811161046              2.7012742027902616              1.3999999999999999              1.3999999999999999
       0.68250000               1.0581667629292220              0.0674231632698142              1.0825010047148076              2.7062525117870195              1.3999999999999999              1.3999999999999999
       0.68750000               1.0595606803581410              0.0689993707061223              1.0844966058842027              2.7112415147105078              1.3999999999999999              1.3999999999999999
       0.69250000               1.0609551794086749              0.0705738757282754              1.0864971835833224              2.7162429589583068              1.3999999999999999              1.3999999999999999
       0.69750000               1.0623508732749902              0.0721480143322676              1.0884995527135430              2.7212488817838580              1.3999999999999999              1.3999999999999999
       0.70250000               1.0637468585248875              0.0737219585546988              1.0905022448493082              2.7262556121232713              1.3999999999999999              1.3999999999999999
       0.70750000               1.0651401869194908              0.0752954202582353              1.0925039836047823              2.7312599590119562              1.3999999999999999              1.3999999999999999
       0.71250000               1.0665318478888626              0.0768669530255729              1.0945052458559132              2.7362631146397840              1.3999999999999999              1.3999999999999999
       0.71750000               1.0679263731212010              0.0784342810443319              1.0965073335325231              2.7412683338313082              1.3999999999999999              1.3999999999999999
       0.72250000               1.0693209561472119              0.0799934543171495              1.0985134004181478              2.7462835010453701              1.3999999999999999              1.3999999999999999
       0.72750000               1.0707132517998803              0.0815467730970260              1.1005192862051145              2.7512982155127870              1.3999999999999999              1.3999999999999999
       0.73250000               1.0721039398954901              0.0830965742612738              1.1025188458043118              2.7562971145107800              1.3999999999999999              1.3999999999999999
       0.73750000               1.0734865729147227              0.0846455225927679              1.1045079546990886              2.7612698867477219              1.3999999999999999              1.3999999999999999
       0.74250000               1.0748567815903154              0.0861896628387438              1.1064878687653841              2.7662196719134609              1.3999999999999999              1.3999999999999999
       0.74750000               1.0762278969735177              0.0877258166380682              1.1084627549929782              2.7711568874824462              1.3999999999999999              1.3999999999999999
       0.75250000               1.0775959711171497              0.0892523305017204              1.1104347397854260              2.7760868494635660              1.3999999999999999              1.3999999999999999
       0.75750000               1.0789534621913834              0.0907688426897574              1.1124017940918245              2.7810044852295621              1.3999999999999999              1.3999999999999999
       0.76250000               1.0803109945412048              0.0922738611534617              1.1143603135999856              2.7859007839999648              1.3999999999999999              1.3999999999999999
       0.76750000               1.0816505750130907              0.0937597687372680              1.1162956784086233              2.7907391960215593              1.3999999999999999              1.3999999999999999
       0.77250000               1.0829589483695299              0.0952283890635720              1.1181985004743149              2.7954962511857877              1.3999999999999999              1.3999999999999999
       0.77750000               1.0842343933730039              0.0966586846430993              1.1200456925031430              2.8001142312578584              1.3999999999999999              1.3999999999999999
       0.78250000               1.0855086242348724              0.0980581680799571              1.1218886148367007              2.8047215370917522              1.3999999999999999              1.3999999999999999
       0.78750000               1.0868942618593653              0.0995701605194355              1.1238978678237501              2.8097446695593757              1.3999999999999999              1.3999999999999999
       0.79250000               1.0885243535318925              0.1013871846976539              1.1262555388665185              2.8156388471662970              1.3999999999999999              1.3999999999999999
       0.79750000               1.0902632983636471              0.1033297426373818              1.1287667458294890              2.8219168645737227              1.3999999999999999              1.3999999999999999
       0.80250000               1.0914505995643013              0.1046234466778512              1.1304894434587527              2.8262236086468824              1.3999999999999999              1.3999999999999999
       0.80750000               1.0915402998837551              0.1047124581496563              1.1306225933455361              2.8265564833638406              1.3999999999999999              1.3999999999999999
       0.81250000               1.0887213054909037              0.1017065678496391              1.1265231700957372              2.8163079252393435              1.3999999999999999              1.3999999999999999
       0.81750000               1.0787529358926049              0.0904677386733855              1.1121275343203614              2.7803188358009039              1.3999999999999999              1.3999999999999999
       0.82250000               1.0567304128805421              0.0658008128961556              1.0804425126100836              2.7011062815252100              1.3999999999999999              1.3999999999999999
       0.82750000               1.0254770756323537              0.0298384812200722              1.0359217380991026              2.5898043452477570              1.3999999999999999              1.3999999999999999
       0.83250000               1.0067813218497730              0.0080776087189808              1.0095653355750906              2.5239133389377275              1.3999999999999999              1.3999999999999999
       0.83750000               1.0021252147730957              0.0025946938866790              1.0030399623044146              2.5075999057610372              1.3999999999999999              1.3999999999999999
       0.84250000               1.0008291802398421              0.0010654301015154              1.0012254560273157              2.5030636400682900              1.3999999999999999              1.3999999999999999
       0.84750000               1.0004147671316956              0.0005771425412084              1.0006466563110277              2.5016166407775695              1.3999999999999999              1.3999999999999999
       0.85250000               1.0002570817097403              0.0003908968832412              1.0004264533525287              2.5010661333813222              1.3999999999999999              1.3999999999999999
       0.85750000               1.0001790241808599              0.0002982995928980              1.0003177231459666              2.5007943078649166              1.3999999999999999              1.3999999999999999
       0.86250000               1.0001275412512320              0.0002375962415254              1.0002470157346093              2.5006175393365240              1.3999999999999999              1.3999999999999999
       0.86750000               1.0000869584828040              0.0001885429505687              1.0001900046709364              2.5004750116773420              1.3999999999999999              1.3999999999999999
       0.87250000               1.0000520975313210              0.0001467561699178              1.0001411594676080              2.5003528986690209              1.3999999999999999              1.3999999999999999
       0.87750000               1.0000239578040160              0.0001138664316654              1.0001021182108627              2.5002552955271575              1.3999999999999999              1.3999999999999999
       0.88250000               1.0000037972596316              0.0000900165631224              1.0000730754915312              2.5001826887288288              1.3999999999999999              1.3999999999999999
       0.88750000               0.9999913338053181              0.0000726779055436              1.0000512904498393              2.5001282261245987              1.3999999999999999              1.3999999999999999
       0.89250000               0.9999816800768814              0.0000593497216227              1.0000341037418956              2.5000852593547394              1.3999999999999999              1.3999999999999999
       0.89750000               0.9999708958433787              0.0000488159906770              1.0000204565872624              2.5000511414681563              1.3999999999999999              1.3999999999999999
       0.90250000               0.9999632320941624              0.0000405711376331              1.0000101594089248              2.5000253985223124              1.3999999999999999              1.3999999999999999
       0.90750000               0.9999588970102199              0.0000339762435742              1.0000030528941559              2.5000076322353904              1.3999999999999999              1.3999999999999999
       0.91250000               0.9999562488299020              0.0000286027224607              0.9999983202784819              2.4999958006962055              1.3999999999999999              1.3999999999999999
       0.91750000               0.9999534093747298              0.0000243219158710              0.9999949877085501              2.4999874692713759              1.3999999999999999              1.3999999999999999
       0.92250000               0.9999509046227332              0.0000211935567449              0.9999923204555540              2.4999808011388853              1.3999999999999999              1.3999999999999999
       0.92750000               0.9999485978268768              0.0000193535173409              0.9999897585127215              2.4999743962818046              1.3999999999999999              1.3999999999999999
       0.93250000               0.9999461551482144              0.0000184757588087              0.9999873329067562              2.4999683322668913              1.3999999999999999              1.3999999999999999
       0.93750000               0.9999437104957390              0.0000181717991279              0.9999851621100144              2.4999629052750367              1.3999999999999999              1.3999999999999999
       0.94250000               0.9999418563038183              0.0000181025642817              0.9999833813418026              2.4999584533545072              1.3999999999999999              1.3999999999999999
       0.94750000               0.9999404894016327              0.0000179950323337              0.9999821392339245              2.4999553480848116              1.3999999999999999              1.3999999999999999
       0.95250000               0.9999390577402658              0.0000176661133848              0.9999815348776365              2.4999538371940919              1.3999999999999999              1.3999999999999999
       0.95750000               0.9999384600570239              0.0000170769142773              0.9999815206445193              2.4999538016112988              1.3999999999999999              1.3999999999999999
       0.96250000               0.9999391451481076              0.0000162786807708              0.9999819577486139              2.4999548943715353              1.3999999999999999              1.3999999999999999
       0.96750000               0.9999399506287726              0.0000153684117706              0.9999826722131133              2.4999566805327840              1.3999999999999999              1.3999999999999999
       0.97250000               0.9999397206904049              0.0000145064005723              0.9999834334915970              2.4999585837289930              1.3999999999999999              1.3999999999999999
       0.97750000               0.9999391097590892              0.0000139082638985              0.9999839582014083              2.4999598955035212              1.3999999999999999              1.3999999999999999
       0.98250000               0.9999385712242514              0.0000138680175940              0.9999838775948823              2.4999596939872064              1.3999999999999999              1.3999999999999999
       0.98750000               0.9999378039428989              0.0000144535030760              0.9999830955375941              2.4999577388439858              1.3999999999999999              1.3999999999999999
       0.99250000               0.9999368865848440              0.0000152888823102              0.9999820450655161              2.4999551126637911              1.3999999999999999              1.3999999999999999
       0.99750000               0.9999357193042174              0.0000159545954058              0.9999812144086004              2.4999530360215019              1.3999999999999999              1.3999999999999999
