       0.00250000               1.2398156782238288              0.9999999999999997              0.5999999999998805              0.8999999999993707              1.6666666666670000              1.6666666666670000
       0.00750000               1.2695831169104883              1.0000000000000000              0.5999999999998801              0.8999999999993702              1.6666666666670000              1.6666666666670000
       0.01250000               1.3015329413578689              0.9999999999999994              0.5999999999998800              0.8999999999993699              1.6666666666670000              1.6666666666670000
       0.01750000               1.3355860298793703              0.9999999999999997              0.5999999999998804              0.8999999999993705              1.6666666666670000              1.6666666666670000
       0.02250000               1.3716208970837220              0.9999999999999993              0.5999999999998802              0.8999999999993702              1.6666666666670000              1.6666666666670000
       0.02750000               1.4094714831878359              0.9999999999999999              0.5999999999998795              0.8999999999993692              1.6666666666670000              1.6666666666670000
       0.03250000               1.4489258565527485              0.9999999999999996              0.5999999999998804              0.8999999999993705              1.6666666666670000              1.6666666666670000
       0.03750000               1.4897259711240267              0.9999999999999991              0.5999999999998807              0.8999999999993712              1.6666666666670000              1.6666666666670000
       0.04250000               1.5315686104495989              0.9999999999999990              0.5999999999998809              0.8999999999993713              1.6666666666670000              1.6666666666670000
       0.04750000               1.5741076226631312              0.9999999999999999              0.5999999999998802              0.8999999999993702              1.6666666666670000              1.6666666666670000
       0.05250000               1.6169574958941171              0.9999999999999992              0.5999999999998804              0.8999999999993706              1.6666666666670000              1.6666666666670000
       0.05750000               1.6596982472643786              0.9999999999999993              0.5999999999998806              0.8999999999993709              1.6666666666670000              1.6666666666670000
       0.06250000               1.7018815269933785              0.9999999999999992              0.5999999999998804              0.8999999999993705              1.6666666666670000              1.6666666666670000
       0.06750000               1.7430378035990277              0.9999999999999991              0.5999999999998805              0.8999999999993707              1.6666666666670000              1.6666666666670000
       0.07250000               1.7826845080889677              0.9999999999999991              0.5999999999998806              0.8999999999993710              1.6666666666670000              1.6666666666670000
       0.07750000               1.8203350477103990              0.9999999999999996              0.5999999999998799              0.8999999999993697              1.6666666666670000              1.6666666666670000
       0.08250000               1.8555085963145586              0.9999999999999998              0.5999999999998795              0.8999999999993693              1.6666666666670000              1.6666666666670000
       0.08750000               1.8877404768469015              0.9999999999999996              0.5999999999998791              0.8999999999993686              1.6666666666670000              1.6666666666670000
       0.09250000               1.9165927683431636              0.9999999999999998              0.5999999999998793              0.8999999999993690              1.6666666666670000              1.6666666666670000
       0.09750000               1.9416645607763980              1.0000000000000000              0.5999999999998789              0.8999999999993684              1.6666666666670000              1.6666666666670000
       0.10250000               1.9626011614039480              0.9999999999999999              0.5999999999998799              0.8999999999993696              1.6666666666670000              1.6666666666670000
       0.10750000               1.9791016410217319              0.9999999999999998              0.5999999999998795              0.8999999999993692              1.6666666666670000              1.6666666666670000
       0.11250000               1.9909244739524397              1.0000000000000002              0.5999999999998784              0.8999999999993678              1.6666666666670000              1.6666666666670000
       0.11750000               1.9978917528931734              0.9999999999999998              0.5999999999998791              0.8999999999993685              1.6666666666670000              1.6666666666670000
       0.12250000               1.9998937658161577              1.0000000000000002              0.5999999999998785              0.8999999999993678              1.6666666666670000              1.6666666666670000
       0.12750000               1.9968967478347701              0.9999999999999999              0.5999999999998791              0.8999999999993686              1.6666666666670000              1.6666666666670000
       0.13250000               1.9889486926480546              0.9999999999999991              0.5999999999998803              0.8999999999993704              1.6666666666670000              1.6666666666670000
       0.13750000               1.9761732072670251              0.9999999999999989              0.5999999999998811              0.8999999999993715              1.6666666666670000              1.6666666666670000
       0.14250000               1.9587621227372181              0.9999999999999993              0.5999999999998805              0.8999999999993707              1.6666666666670000              1.6666666666670000
       0.14750000               1.9369704099244254              0.9999999999999998              0.5999999999998799              0.8999999999993696              1.6666666666670000              1.6666666666670000
       0.15250000               1.9111111619436258              1.0000000000000009              0.5999999999998783              0.8999999999993673              1.6666666666670000              1.6666666666670000
       0.15750000               1.8815492991284817              1.0000000000000007              0.5999999999998787              0.8999999999993681              1.6666666666670000              1.6666666666670000
       0.16250000               1.8486936996570238              1.0000000000000004              0.5999999999998793              0.8999999999993690              1.6666666666670000              1.6666666666670000
       0.16750000               1.8129879797147599              0.9999999999999999              0.5999999999998796              0.8999999999993694              1.6666666666670000              1.6666666666670000
       0.17250000               1.7749004114717566              0.9999999999999994              0.5999999999998805              0.8999999999993707              1.6666666666670000              1.6666666666670000
       0.17750000               1.7349135214674103              0.9999999999999998              0.5999999999998803              0.8999999999993704              1.6666666666670000              1.6666666666670000
       0.18250000               1.6935138421061879              0.9999999999999991              0.5999999999998809              0.8999999999993712              1.6666666666670000              1.6666666666670000
       0.18750000               1.6511821712912935              0.9999999999999983              0.5999999999998819              0.8999999999993726              1.6666666666670000              1.6666666666670000
       0.19250000               1.6083845866671866              0.9999999999999990              0.5999999999998813              0.8999999999993719              1.6666666666670000              1.6666666666670000
       0.19750000               1.5655643878710692              0.9999999999999993              0.5999999999998805              0.8999999999993707              1.6666666666670000              1.6666666666670000
       0.20250000               1.5231351000797015              0.9999999999999984              0.5999999999998815              0.8999999999993722              1.6666666666670000              1.6666666666670000
       0.20750000               1.4814746477266938              0.9999999999999982              0.5999999999998819              0.8999999999993726              1.6666666666670000              1.6666666666670000
       0.21250000               1.4409207811409754              0.9999999999999996              0.5999999999998809              0.8999999999993712              1.6666666666670000              1.6666666666670000
       0.21750000               1.4017678024508942              0.9999999999999986              0.5999999999998815              0.8999999999993723              1.6666666666670000              1.6666666666670000
       0.22250000               1.3642645916763689              0.9999999999999997              0.5999999999998809              0.8999999999993712              1.6666666666670000              1.6666666666670000
       0.22750000               1.3286138863490735              0.9999999999999998              0.5999999999998803              0.8999999999993705              1.6666666666670000              1.6666666666670000
       0.23250000               1.2949727254292416              1.0000000000000011              0.5999999999998795              0.8999999999993692              1.6666666666670000              1.6666666666670000
       0.23750000               1.2634539349910432              1.0000000000000013              0.5999999999998791              0.8999999999993686              1.6666666666670000              1.6666666666670000
       0.24250000               1.2341285100402208              0.9999999999999988              0.5999999999998812              0.8999999999993717              1.6666666666670000              1.6666666666670000
       0.24750000               1.2070287327900875              0.9999999999999997              0.5999999999998803              0.8999999999993704              1.6666666666670000              1.6666666666670000
       0.25250000               1.1821518611805135              1.0000000000000013              0.5999999999998783              0.8999999999993674              1.6666666666670000              1.6666666666670000
       0.25750000               1.1594642212300337              1.0000000000000009              0.5999999999998795              0.8999999999993692              1.6666666666670000              1.6666666666670000
       0.26250000               1.1389055422996350              1.0000000000000009              0.5999999999998791              0.8999999999993685              1.6666666666670000              1.6666666666670000
       0.26750000               1.1203933849765257              0.9999999999999988              0.5999999999998817              0.8999999999993724              1.6666666666670000              1.6666666666670000
       0.27250000               1.1038275263030297              0.9999999999999980              0.5999999999998819              0.8999999999993727              1.6666666666670000              1.6666666666670000
       0.27750000               1.0890941854263831              1.0000000000000011              0.5999999999998790              0.8999999999993684              1.6666666666670000              1.6666666666670000
       0.28250000               1.0760699932002000              1.0000000000000011              0.5999999999998787              0.8999999999993682              1.6666666666670000              1.6666666666670000
       0.28750000               1.0646256306147344              0.9999999999999960              0.5999999999998845              0.8999999999993767              1.6666666666670000              1.6666666666670000
       0.29250000               1.0546290821085129              1.0000000000000002              0.5999999999998795              0.8999999999993692              1.6666666666670000              1.6666666666670000
       0.29750000               1.0459484699580244              1.0000000000000011              0.5999999999998792              0.8999999999993687              1.6666666666670000              1.6666666666670000
       0.30250000               1.0384544543886149              0.9999999999999991              0.5999999999998812              0.8999999999993717              1.6666666666670000              1.6666666666670000
       0.30750000               1.0320222003067177              0.9999999999999996              0.5999999999998807              0.8999999999993712              1.6666666666670000              1.6666666666670000
       0.31250000               1.0265329252883271              1.0000000000000022              0.5999999999998782              0.8999999999993673              1.6666666666670000              1.6666666666670000
       0.31750000               1.0218750544963571              0.9999999999999982              0.5999999999998824              0.8999999999993736              1.6666666666670000              1.6666666666670000
       0.32250000               1.0179450165124200              0.9999999999999996              0.5999999999998809              0.8999999999993713              1.6666666666670000              1.6666666666670000
       0.32750000               1.0146477197607668              0.9999999999999989              0.5999999999998810              0.8999999999993714              1.6666666666670000              1.6666666666670000
       0.33250000               1.0118967524816052              0.9999999999999984              0.5999999999998820              0.8999999999993729              1.6666666666670000              1.6666666666670000
       0.33750000               1.0096143503623995              0.9999999999999991              0.5999999999998806              0.8999999999993709              1.6666666666670000              1.6666666666670000
       0.34250000               1.0077311752880329              0.9999999999999984              0.5999999999998810              0.8999999999993714              1.6666666666670000              1.6666666666670000
       0.34750000               1.0061859465757648              1.0000000000000018              0.5999999999998786              0.8999999999993680              1.6666666666670000              1.6666666666670000
       0.35250000               1.0049249628705941              1.0000000000000004              0.5999999999998801              0.8999999999993701              1.6666666666670000              1.6666666666670000
       0.35750000               1.0039015489261041              1.0000000000000038              0.5999999999998764              0.8999999999993646              1.6666666666670000              1.6666666666670000
       0.36250000               1.0030754570914204              0.9999999999999984              0.5999999999998819              0.8999999999993727              1.6666666666670000              1.6666666666670000
       0.36750000               1.0024122487325307              0.9999999999999998              0.5999999999998806              0.8999999999993709              1.6666666666670000              1.6666666666670000
       0.37250000               1.0018826762589195              0.9999999999999996              0.5999999999998804              0.8999999999993705              1.6666666666670000              1.6666666666670000
       0.37750000               1.0014620820782703              1.0000000000000004              0.5999999999998803              0.8999999999993703              1.6666666666670000              1.6666666666670000
       0.38250000               1.0011298267941338              1.0000000000000013              0.5999999999998789              0.8999999999993682              1.6666666666670000              1.6666666666670000
       0.38750000               1.0008687553800422              0.9999999999999998              0.5999999999998809              0.8999999999993713              1.6666666666670000              1.6666666666670000
       0.39250000               1.0006647069589358              1.0000000000000020              0.5999999999998780              0.8999999999993669              1.6666666666670000              1.6666666666670000
       0.39750000               1.0005060712066582              0.9999999999999973              0.5999999999998834              0.8999999999993750              1.6666666666670000              1.6666666666670000
       0.40250000               1.0003833922743399              0.9999999999999978              0.5999999999998822              0.8999999999993733              1.6666666666670000              1.6666666666670000
       0.40750000               1.0002890194601106              1.0000000000000042              0.5999999999998763              0.8999999999993643              1.6666666666670000              1.6666666666670000
       0.41250000               1.0002168026133758              0.9999999999999978              0.5999999999998821              0.8999999999993731              1.6666666666670000              1.6666666666670000
       0.41750000               1.0001618293760448              1.0000000000000007              0.5999999999998791              0.8999999999993685              1.6666666666670000              1.6666666666670000
       0.42250000               1.0001202008001766              1.0000000000000007              0.5999999999998790              0.8999999999993685              1.6666666666670000              1.6666666666670000
       0.42750000               1.0000888415752258              0.9999999999999993              0.5999999999998793              0.8999999999993689              1.6666666666670000              1.6666666666670000
       0.43250000               1.0000653409996010              0.9999999999999987              0.5999999999998806              0.8999999999993710              1.6666666666670000              1.6666666666670000
       0.43750000               1.0000478208908821              1.0000000000000004              0.5999999999998789              0.8999999999993683              1.6666666666670000              1.6666666666670000
       0.44250000               1.0000348268048445              0.9999999999999984              0.5999999999998815              0.8999999999993722              1.6666666666670000              1.6666666666670000
       0.44750000               1.0000252391878648              0.9999999999999991              0.5999999999998801              0.8999999999993701              1.6666666666670000              1.6666666666670000
       0.45250000               1.0000182013901375              0.9999999999999987              0.5999999999998814              0.8999999999993721              1.6666666666670000              1.6666666666670000
       0.45750000               1.0000130617934320              1.0000000000000009              0.5999999999998790              0.8999999999993683              1.6666666666670000              1.6666666666670000
       0.46250000               1.0000093276389375              0.9999999999999996              0.5999999999998803              0.8999999999993705              1.6666666666670000              1.6666666666670000
       0.46750000               1.0000066284630416              1.0000000000000024              0.5999999999998774              0.8999999999993660              1.6666666666670000              1.6666666666670000
       0.47250000               1.0000046873524004              0.9999999999999993              0.5999999999998812              0.8999999999993717              1.6666666666670000              1.6666666666670000
       0.47750000               1.0000032985069842              1.0000000000000007              0.5999999999998793              0.8999999999993690              1.6666666666670000              1.6666666666670000
       0.48250000               1.0000023098490776              1.0000000000000020              0.5999999999998779              0.8999999999993668              1.6666666666670000              1.6666666666670000
       0.48750000               1.0000016096355799              1.0000000000000002              0.5999999999998799              0.8999999999993697              1.6666666666670000              1.6666666666670000
       0.49250000               1.0000011162219851              0.9999999999999993              0.5999999999998804              0.8999999999993706              1.6666666666670000              1.6666666666670000
       0.49750000               1.0000007702888547              1.0000000000000016              0.5999999999998787              0.8999999999993681              1.6666666666670000              1.6666666666670000
       0.50250000               1.0000005289775786              1.0000000000000004              0.5999999999998800              0.8999999999993700              1.6666666666670000              1.6666666666670000
       0.50750000               1.0000003614948392              1.0000000000000018              0.5999999999998781              0.8999999999993670              1.6666666666670000              1.6666666666670000
       0.51250000               1.0000002458383386              0.9999999999999996              0.5999999999998803              0.8999999999993704              1.6666666666670000              1.6666666666670000
       0.51750000               1.0000001663728293              1.0000000000000000              0.5999999999998805              0.8999999999993706              1.6666666666670000              1.6666666666670000
       0.52250000               1.0000001120475481              1.0000000000000000              0.5999999999998795              0.8999999999993693              1.6666666666670000              1.6666666666670000
       0.52750000               1.0000000750943383              1.0000000000000022              0.5999999999998782              0.8999999999993673              1.6666666666670000              1.6666666666670000
       0.53250000               1.0000000500829218              0.9999999999999996              0.5999999999998800              0.8999999999993700              1.6666666666670000              1.6666666666670000
       0.53750000               1.0000000332387282              1.0000000000000007              0.5999999999998796              0.8999999999993693              1.6666666666670000              1.6666666666670000
       0.54250000               1.0000000219523817              0.9999999999999980              0.5999999999998820              0.8999999999993729              1.6666666666670000              1.6666666666670000
       0.54750000               1.0000000144288725              0.9999999999999991              0.5999999999998812              0.8999999999993716              1.6666666666670000              1.6666666666670000
       0.55250000               1.0000000094390180              1.0000000000000029              0.5999999999998769              0.8999999999993653              1.6666666666670000              1.6666666666670000
       0.55750000               1.0000000061453158              0.9999999999999984              0.5999999999998817              0.8999999999993726              1.6666666666670000              1.6666666666670000
       0.56250000               1.0000000039808126              0.9999999999999993              0.5999999999998813              0.8999999999993720              1.6666666666670000              1.6666666666670000
       0.56750000               1.0000000025647588              0.9999999999999998              0.5999999999998809              0.8999999999993712              1.6666666666670000              1.6666666666670000
       0.57250000               1.0000000016433088              0.9999999999999991              0.5999999999998805              0.8999999999993707              1.6666666666670000              1.6666666666670000
       0.57750000               1.0000000010478098              0.9999999999999991              0.5999999999998806              0.8999999999993709              1.6666666666670000              1.6666666666670000
       0.58250000               1.0000000006659935              0.9999999999999984              0.5999999999998815              0.8999999999993722              1.6666666666670000              1.6666666666670000
       0.58750000               1.0000000004228324              0.9999999999999978              0.5999999999998819              0.8999999999993726              1.6666666666670000              1.6666666666670000
       0.59250000               1.0000000002682905              1.0000000000000009              0.5999999999998797              0.8999999999993694              1.6666666666670000              1.6666666666670000
       0.59750000               1.0000000001695297              1.0000000000000024              0.5999999999998779              0.8999999999993666              1.6666666666670000              1.6666666666670000
       0.60250000               1.0000000001056772              0.9999999999999980              0.5999999999998827              0.8999999999993740              1.6666666666670000              1.6666666666670000
       0.60750000               1.0000000000640690              0.9999999999999982              0.5999999999998815              0.8999999999993723              1.6666666666670000              1.6666666666670000
       0.61250000               1.0000000000375855              1.0000000000000027              0.5999999999998774              0.8999999999993662              1.6666666666670000              1.6666666666670000
       0.61750000               1.0000000000226894              1.0000000000000022              0.5999999999998777              0.8999999999993666              1.6666666666670000              1.6666666666670000
       0.62250000               1.0000000000179996              0.9999999999999976              0.5999999999998827              0.8999999999993741              1.6666666666670000              1.6666666666670000
       0.62750000               1.0000000000232889              1.0000000000000009              0.5999999999998791              0.8999999999993686              1.6666666666670000              1.6666666666670000
       0.63250000               1.0000000000391565              0.9999999999999998              0.5999999999998799              0.8999999999993696              1.6666666666670000              1.6666666666670000
       0.63750000               1.0000000000674469              0.9999999999999989              0.5999999999998811              0.8999999999993715              1.6666666666670000              1.6666666666670000
       0.64250000               1.0000000001122595              0.9999999999999998              0.5999999999998804              0.8999999999993706              1.6666666666670000              1.6666666666670000
       0.64750000               1.0000000001813694              0.9999999999999960              0.5999999999998831              0.8999999999993745              1.6666666666670000              1.6666666666670000
       0.65250000               1.0000000002881941              1.0000000000000004              0.5999999999998793              0.8999999999993690              1.6666666666670000              1.6666666666670000
       0.65750000               1.0000000004546841              1.0000000000000011              0.5999999999998791              0.8999999999993685              1.6666666666670000              1.6666666666670000
       0.66250000               1.0000000007153975              1.0000000000000011              0.5999999999998793              0.8999999999993689              1.6666666666670000              1.6666666666670000
       0.66750000               1.0000000011234700              1.0000000000000002              0.5999999999998795              0.8999999999993692              1.6666666666670000              1.6666666666670000
       0.67250000               1.0000000017594235              1.0000000000000022              0.5999999999998783              0.8999999999993674              1.6666666666670000              1.6666666666670000
       0.67750000               1.0000000027444411              1.0000000000000020              0.5999999999998783              0.8999999999993673              1.6666666666670000              1.6666666666670000
       0.68250000               1.0000000042604280              0.9999999999999984              0.5999999999998824              0.8999999999993735              1.6666666666670000              1.6666666666670000
       0.68750000               1.0000000065799721              0.9999999999999996              0.5999999999998814              0.8999999999993722              1.6666666666670000              1.6666666666670000
       0.69250000               1.0000000101103628              1.0000000000000027              0.5999999999998785              0.8999999999993678              1.6666666666670000              1.6666666666670000
       0.69750000               1.0000000154572450              0.9999999999999987              0.5999999999998823              0.8999999999993734              1.6666666666670000              1.6666666666670000
       0.70250000               1.0000000235159481              1.0000000000000004              0.5999999999998802              0.8999999999993703              1.6666666666670000              1.6666666666670000
       0.70750000               1.0000000356021230              0.9999999999999996              0.5999999999998807              0.8999999999993711              1.6666666666670000              1.6666666666670000
       0.71250000               1.0000000536378733              1.0000000000000009              0.5999999999998796              0.8999999999993693              1.6666666666670000              1.6666666666670000
       0.71750000               1.0000000804160218              1.0000000000000009              0.5999999999998794              0.8999999999993691              1.6666666666670000              1.6666666666670000
       0.72250000               1.0000001199730106              1.0000000000000009              0.5999999999998783              0.8999999999993673              1.6666666666670000              1.6666666666670000
       0.72750000               1.0000001781116412              0.9999999999999989              0.5999999999998809              0.8999999999993712              1.6666666666670000              1.6666666666670000
       0.73250000               1.0000002631289275              1.0000000000000022              0.5999999999998776              0.8999999999993664              1.6666666666670000              1.6666666666670000
       0.73750000               1.0000003868232574              0.9999999999999993              0.5999999999998802              0.8999999999993702              1.6666666666670000              1.6666666666670000
       0.74250000               1.0000005658794791              1.0000000000000007              0.5999999999998791              0.8999999999993685              1.6666666666670000              1.6666666666670000
       0.74750000               1.0000008237624229              0.9999999999999996              0.5999999999998802              0.8999999999993703              1.6666666666670000              1.6666666666670000
       0.75250000               1.0000011932893198              0.9999999999999989              0.5999999999998809              0.8999999999993713              1.6666666666670000              1.6666666666670000
       0.75750000               1.0000017201025249              0.9999999999999987              0.5999999999998807              0.8999999999993711              1.6666666666670000              1.6666666666670000
       0.76250000               1.0000024673274583              0.9999999999999991              0.5999999999998803              0.8999999999993704              1.6666666666670000              1.6666666666670000
       0.76750000               1.0000035217798007              0.9999999999999996              0.5999999999998801              0.8999999999993702              1.6666666666670000              1.6666666666670000
       0.77250000               1.0000050021830991              0.9999999999999978              0.5999999999998811              0.8999999999993716              1.6666666666670000              1.6666666666670000
       0.77750000               1.0000070699759804              1.0000000000000009              0.5999999999998790              0.8999999999993683              1.6666666666670000              1.6666666666670000
       0.78250000               1.0000099434297007              0.9999999999999978              0.5999999999998822              0.8999999999993732              1.6666666666670000              1.6666666666670000
       0.78750000               1.0000139159643364              1.0000000000000002              0.5999999999998790              0.8999999999993684              1.6666666666670000              1.6666666666670000
       0.79250000               1.0000193797479950              0.9999999999999991              0.5999999999998806              0.8999999999993710              1.6666666666670000              1.6666666666670000
       0.79750000               1.0000268558886016              0.9999999999999989              0.5999999999998811              0.8999999999993716              1.6666666666670000              1.6666666666670000
       0.80250000               1.0000370327833541              0.9999999999999996              0.5999999999998802              0.8999999999993704              1.6666666666670000              1.6666666666670000
       0.80750000               1.0000508144740090              0.9999999999999989              0.5999999999998810              0.8999999999993713              1.6666666666670000              1.6666666666670000
       0.81250000               1.0000693811636059              1.0000000000000009              0.5999999999998792              0.8999999999993686              1.6666666666670000              1.6666666666670000
       0.81750000               1.0000942643748931              1.0000000000000002              0.5999999999998802              0.8999999999993703              1.6666666666670000              1.6666666666670000
       0.82250000               1.0001274395618915              0.9999999999999991              0.5999999999998809              0.8999999999993712              1.6666666666670000              1.6666666666670000
       0.82750000               1.0001714393094112              0.9999999999999993              0.5999999999998810              0.8999999999993714              1.6666666666670000              1.6666666666670000
       0.83250000               1.0002294905500697              0.9999999999999998              0.5999999999998809              0.8999999999993712              1.6666666666670000              1.6666666666670000
       0.83750000               1.0003056794689356              0.9999999999999980              0.5999999999998826              0.8999999999993739              1.6666666666670000              1.6666666666670000
       0.84250000               1.0004051479205756              1.0000000000000004              0.5999999999998802              0.8999999999993702              1.6666666666670000              1.6666666666670000
       0.84750000               1.0005343252145789              1.0000000000000009              0.5999999999998799              0.8999999999993697              1.6666666666670000              1.6666666666670000
       0.85250000               1.0007011989894630              1.0000000000000007              0.5999999999998797              0.8999999999993695              1.6666666666670000              1.6666666666670000
       0.85750000               1.0009156285413243              0.9999999999999989              0.5999999999998810              0.8999999999993713              1.6666666666670000              1.6666666666670000
       0.86250000               1.0011897033488018              1.0000000000000007              0.5999999999998795              0.8999999999993692              1.6666666666670000              1.6666666666670000
       0.86750000               1.0015381485872823              1.0000000000000002              0.5999999999998801              0.8999999999993701              1.6666666666670000              1.6666666666670000
       0.87250000               1.0019787781008309              1.0000000000000018              0.5999999999998786              0.8999999999993679              1.6666666666670000              1.6666666666670000
       0.87750000               1.0025329935505656              1.0000000000000000              0.5999999999998797              0.8999999999993696              1.6666666666670000              1.6666666666670000
       0.88250000               1.0032263262396437              1.0000000000000013              0.5999999999998789              0.8999999999993683              1.6666666666670000              1.6666666666670000
       0.88750000               1.0040890154034723              1.0000000000000011              0.5999999999998787              0.8999999999993680              1.6666666666670000              1.6666666666670000
       0.89250000               1.0051566135520777              1.0000000000000004              0.5999999999998799              0.8999999999993699              1.6666666666670000              1.6666666666670000
       0.89750000               1.0064706057897295              1.0000000000000011              0.5999999999998785              0.8999999999993679              1.6666666666670000              1.6666666666670000
       0.90250000               1.0080790259646704              0.9999999999999989              0.5999999999998806              0.8999999999993709              1.6666666666670000              1.6666666666670000
       0.90750000               1.0100370480987895              1.0000000000000013              0.5999999999998786              0.8999999999993680              1.6666666666670000              1.6666666666670000
       0.91250000               1.0124075269506123              0.9999999999999996              0.5999999999998809              0.8999999999993712              1.6666666666670000              1.6666666666670000
       0.91750000               1.0152614569834615              1.0000000000000009              0.5999999999998790              0.8999999999993684              1.6666666666670000              1.6666666666670000
       0.92250000               1.0186783146992269              1.0000000000000002              0.5999999999998794              0.8999999999993692              1.6666666666670000              1.6666666666670000
       0.92750000               1.0227462455102796              1.0000000000000007              0.5999999999998793              0.8999999999993690              1.6666666666670000              1.6666666666670000
       0.93250000               1.0275620533135348              1.0000000000000009              0.5999999999998790              0.8999999999993683              1.6666666666670000              1.6666666666670000
       0.93750000               1.0332309490219491              0.9999999999999998              0.5999999999998802              0.8999999999993702              1.6666666666670000              1.6666666666670000
       0.94250000               1.0398660139309965              0.9999999999999989              0.5999999999998807              0.8999999999993710              1.6666666666670000              1.6666666666670000
       0.94750000               1.0475873354047081              1.0000000000000000              0.5999999999998801              0.8999999999993700              1.6666666666670000              1.6666666666670000
       0.95250000               1.0565207762568725              0.9999999999999996              0.5999999999998804              0.8999999999993706              1.6666666666670000              1.6666666666670000
       0.95750000               1.0667963454532308              0.9999999999999992              0.5999999999998805              0.8999999999993706              1.6666666666670000              1.6666666666670000
       0.96250000               1.0785461463976354              0.9999999999999996              0.5999999999998797              0.8999999999993696              1.6666666666670000              1.6666666666670000
       0.96750000               1.0919018903197193              0.9999999999999992              0.5999999999998802              0.8999999999993702              1.6666666666670000              1.6666666666670000
       0.97250000               1.1069919765270566              0.9999999999999994              0.5999999999998797              0.8999999999993696              1.6666666666670000              1.6666666666670000
       0.97750000               1.1239381585420960              0.9999999999999994              0.5999999999998796              0.8999999999993695              1.6666666666670000              1.6666666666670000
       0.98250000               1.1428518346091736              0.9999999999999990              0.5999999999998805              0.8999999999993707              1.6666666666670000              1.6666666666670000
       0.98750000               1.1638300213282968              0.9999999999999994              0.5999999999998800              0.8999999999993700              1.6666666666670000              1.6666666666670000
       0.99250000               1.1869510892296311              1.0000000000000000              0.5999999999998795              0.8999999999993692              1.6666666666670000              1.6666666666670000
       0.99750000               1.2122703590741502              0.9999999999999997              0.5999999999998801              0.8999999999993702              1.6666666666670000              1.6666666666670000
