       0.00250000               1.0386636802534139              0.0450557961051776              1.0545447634768954              2.6363619086922392              1.3999999999999999              1.3999999999999999
       0.00750000               1.0411959867723874              0.0479598925365803              1.0581459589838078              2.6453648974595203              1.3999999999999999              1.3999999999999999
       0.01250000               1.0437755697144919              0.0509125436954879              1.0618179885037209              2.6545449712593028              1.3999999999999999              1.3999999999999999
       0.01750000               1.0463968638234422              0.0539069271673687              1.0655531119973685              2.6638827799934219              1.3999999999999999              1.3999999999999999
       0.02250000               1.0490541587787012              0.0569360984661863              1.0693433606940939              2.6733584017352352              1.3999999999999999              1.3999999999999999
       0.02750000               1.0517414946328671              0.0599930901611283              1.0731803649252398              2.6829509123131001              1.3999999999999999              1.3999999999999999
       0.03250000               1.0544526809716668              0.0630708221416446              1.0770553976030564              2.6926384940076415              1.3999999999999999              1.3999999999999999
       0.03750000               1.0571813624500639              0.0661619624797440              1.0809594601958674              2.7023986504896689              1.3999999999999999              1.3999999999999999
       0.04250000               1.0599209329712260              0.0692589343300066              1.0848831649719153              2.7122079124297884              1.3999999999999999              1.3999999999999999
       0.04750000               1.0626644171308131              0.0723539625950105              1.0888165398086302              2.7220413495215765              1.3999999999999999              1.3999999999999999
       0.05250000               1.0654044781326326              0.0754389185371077              1.0927490623112919              2.7318726557782305              1.3999999999999999              1.3999999999999999
       0.05750000               1.0681334545224550              0.0785051373921763              1.0966696985688484              2.7416742464221220              1.3999999999999999              1.3999999999999999
       0.06250000               1.0708431578025903              0.0815434614882341              1.1005666184733087              2.7514165461832722              1.3999999999999999              1.3999999999999999
       0.06750000               1.0735246613695926              0.0845442805454276              1.1044268639038912              2.7610671597597287              1.3999999999999999              1.3999999999999999
       0.07250000               1.0761683854702671              0.0874971553186477              1.1082365006581554              2.7705912516453890              1.3999999999999999              1.3999999999999999
       0.07750000               1.0787639793691723              0.0903906534957608              1.1119804253560766              2.7799510633901923              1.3999999999999999              1.3999999999999999
       0.08250000               1.0813001261598347              0.0932121932954311              1.1156420907868492              2.7891052269671239              1.3999999999999999              1.3999999999999999
       0.08750000               1.0837638763193367              0.0959483407189062              1.1192025157446948              2.7980062893617377              1.3999999999999999              1.3999999999999999
       0.09250000               1.0861412895728748              0.0985835215469692              1.1226412465266087              2.8066031163165222              1.3999999999999999              1.3999999999999999
       0.09750000               1.0884161604792824              0.1011007732197674              1.1259344796358910              2.8148361990897284              1.3999999999999999              1.3999999999999999
       0.10250000               1.0905701466163524              0.1034807609220447              1.1290552570211236              2.8226381425528095              1.3999999999999999              1.3999999999999999
       0.10750000               1.0925825858770477              0.1057008836457293              1.1319731786449960              2.8299329466124910              1.3999999999999999              1.3999999999999999
       0.11250000               1.0944290135785355              0.1077352973488822              1.1346522899924243              2.8366307249810614              1.3999999999999999              1.3999999999999999
       0.11750000               1.0960813010993045              0.1095526263406589              1.1370512456940820              2.8426281142352057              1.3999999999999999              1.3999999999999999
       0.12250000               1.0975046274752172              0.1111164176532492              1.1391189375165500              2.8477973437913757              1.3999999999999999              1.3999999999999999
       0.12750000               1.0986568313974667              0.1123811603178586              1.1407935483729652              2.8519838709324135              1.3999999999999999              1.3999999999999999
       0.13250000               1.0994855492503310              0.1132901285893970              1.1419984478077747              2.8549961195194369              1.3999999999999999              1.3999999999999999
       0.13750000               1.0999287421868094              0.1137762736866767              1.1426429787885826              2.8566074469714571              1.3999999999999999              1.3999999999999999
       0.14250000               1.0999172810679561              0.1137636983800828              1.1426263360560618              2.8565658401401550              1.3999999999999999              1.3999999999999999
       0.14750000               1.0993590487907889              0.1131514774888880              1.1418145690988140              2.8545364227470360              1.3999999999999999              1.3999999999999999
       0.15250000               1.0981228321910603              0.1117972406113976              1.1400174606916382              2.8500436517290964              1.3999999999999999              1.3999999999999999
       0.15750000               1.0960380369200051              0.1095053120301082              1.1369885742115586              2.8424714355288976              1.3999999999999999              1.3999999999999999
       0.16250000               1.0928891931760165              0.1060422189787645              1.1324181591831310              2.8310453979578285              1.3999999999999999              1.3999999999999999
       0.16750000               1.0884401736524665              0.1011222435551224              1.1259695295178280              2.8149238237945706              1.3999999999999999              1.3999999999999999
       0.17250000               1.0824506262819373              0.0945047472710188              1.1173045958503867              2.7932614896259675              1.3999999999999999              1.3999999999999999
       0.17750000               1.0748962357357632              0.0860672227178041              1.1064030287377493              2.7660075718443742              1.3999999999999999              1.3999999999999999
       0.18250000               1.0660245498077712              0.0761468017519095              1.0936395397216458              2.7340988493041154              1.3999999999999999              1.3999999999999999
       0.18750000               1.0565300123300574              0.0654204585302134              1.0800268831679611              2.7000672079199033              1.3999999999999999              1.3999999999999999
       0.19250000               1.0472302533054503              0.0548496659837984              1.0667408951208812              2.6668522378022037              1.3999999999999999              1.3999999999999999
       0.19750000               1.0388445758237135              0.0452659464319146              1.0548013405742414              2.6370033514356037              1.3999999999999999              1.3999999999999999
       0.20250000               1.0317737686476285              0.0371179842425259              1.0447639331374146              2.6119098328435371              1.3999999999999999              1.3999999999999999
       0.20750000               1.0260221276688803              0.0304754463938951              1.0366194554773960              2.5915486386934909              1.3999999999999999              1.3999999999999999
       0.21250000               1.0214007534919467              0.0251041463761692              1.0300886663430300              2.5752216658575757              1.3999999999999999              1.3999999999999999
       0.21750000               1.0176490606364612              0.0207373037846725              1.0247955472527228              2.5619888681318077              1.3999999999999999              1.3999999999999999
       0.22250000               1.0145751346187317              0.0171443041095095              1.0204644652262300              2.5511611630655757              1.3999999999999999              1.3999999999999999
       0.22750000               1.0120379267277988              0.0141756004652244              1.0168935529772172              2.5422338824430435              1.3999999999999999              1.3999999999999999
       0.23250000               1.0099415100696163              0.0117157463549620              1.0139457173453916              2.5348642933634800              1.3999999999999999              1.3999999999999999
       0.23750000               1.0082054143361683              0.0096771380755723              1.0115063909343800              2.5287659773359503              1.3999999999999999              1.3999999999999999
       0.24250000               1.0067662417335086              0.0079841030300187              1.0094855330574457              2.5237138326436144              1.3999999999999999              1.3999999999999999
       0.24750000               1.0055709637709358              0.0065770036338264              1.0078080247621388              2.5195200619053475              1.3999999999999999              1.3999999999999999
       0.25250000               1.0045779338626586              0.0054068832306412              1.0064149667878233              2.5160374169695583              1.3999999999999999              1.3999999999999999
       0.25750000               1.0037533005137289              0.0044343045517857              1.0052585598641632              2.5131463996604086              1.3999999999999999              1.3999999999999999
       0.26250000               1.0030690988661002              0.0036270369093912              1.0042993725856089              2.5107484314640227              1.3999999999999999              1.3999999999999999
       0.26750000               1.0025023971273161              0.0029579555427680              1.0035051073010826              2.5087627682527072              1.3999999999999999              1.3999999999999999
       0.27250000               1.0020338737525616              0.0024046257447143              1.0028485801988352              2.5071214504970887              1.3999999999999999              1.3999999999999999
       0.27750000               1.0016474740579431              0.0019481155783836              1.0023072227517682              2.5057680568794209              1.3999999999999999              1.3999999999999999
       0.28250000               1.0013296881614249              0.0015725554965034              1.0018620578147692              2.5046551445369238              1.3999999999999999              1.3999999999999999
       0.28750000               1.0010691517137666              0.0012645672991881              1.0014971318901233              2.5037428297253093              1.3999999999999999              1.3999999999999999
       0.29250000               1.0008562828906746              0.0010128652256263              1.0011990007793552              2.5029975019483883              1.3999999999999999              1.3999999999999999
       0.29750000               1.0006829978982130              0.0008079294571920              1.0009563270301862              2.5023908175754661              1.3999999999999999              1.3999999999999999
       0.30250000               1.0005424830916689              0.0006417337408327              1.0007595579384758              2.5018988948461902              1.3999999999999999              1.3999999999999999
       0.30750000               1.0004290058347556              0.0005075184510373              1.0006006586885958              2.5015016467214903              1.3999999999999999              1.3999999999999999
       0.31250000               1.0003377572449601              0.0003995980365626              1.0004728907669320              2.5011822269173307              1.3999999999999999              1.3999999999999999
       0.31750000               1.0002647124075792              0.0003132059613287              1.0003706152731546              2.5009265381828873              1.3999999999999999              1.3999999999999999
       0.32250000               1.0002065118906371              0.0002443616799316              1.0002891263639540              2.5007228159098851              1.3999999999999999              1.3999999999999999
       0.32750000               1.0001603603816658              0.0001897561204268              1.0002245088835733              2.5005612722089339              1.3999999999999999              1.3999999999999999
       0.33250000               1.0001239391947063              0.0001466531344248              1.0001735155621609              2.5004337889054025              1.3999999999999999              1.3999999999999999
       0.33750000               1.0000953354970368              0.0001127986869124              1.0001334677250389              2.5003336693125973              1.3999999999999999              1.3999999999999999
       0.34250000               1.0000729790435960              0.0000863448790477              1.0001021665826912              2.5002554164567283              1.3999999999999999              1.3999999999999999
       0.34750000               1.0000555915521172              0.0000657796552908              1.0000778222659634              2.5001945556649092              1.3999999999999999              1.3999999999999999
       0.35250000               1.0000421380618321              0.0000498722536883              1.0000589856698401              2.5001474641746007              1.3999999999999999              1.3999999999999999
       0.35750000               1.0000317832733092              0.0000376286863678              1.0000444872928749              2.5001112182321878              1.3999999999999999              1.3999999999999999
       0.36250000               1.0000238575199878              0.0000282498629290              1.0000333895744411              2.5000834739361033              1.3999999999999999              1.3999999999999999
       0.36750000               1.0000178266407529              0.0000210974599318              1.0000249447032818              2.5000623617582054              1.3999999999999999              1.3999999999999999
       0.37250000               1.0000132601454621              0.0000156726644487              1.0000185500396925              2.5000463750992319              1.3999999999999999              1.3999999999999999
       0.37750000               1.0000098167878817              0.0000115838000255              1.0000137279139141              2.5000343197847856              1.3999999999999999              1.3999999999999999
       0.38250000               1.0000072270378508              0.0000085258587738              1.0000101010797893              2.5000252526994737              1.3999999999999999              1.3999999999999999
       0.38750000               1.0000052841321163              0.0000062569776742              1.0000073801855840              2.5000184504639607              1.3999999999999999              1.3999999999999999
       0.39250000               1.0000038381528069              0.0000045774192112              1.0000053554713639              2.5000133886784099              1.3999999999999999              1.3999999999999999
       0.39750000               1.0000027746076314              0.0000033320358690              1.0000038667839646              2.5000096669599121              1.3999999999999999              1.3999999999999999
       0.40250000               1.0000020028354777              0.0000024054762312              1.0000027873201385              2.5000069683003470              1.3999999999999999              1.3999999999999999
       0.40750000               1.0000014452723645              0.0000017199678826              1.0000020086125128              2.5000050215312823              1.3999999999999999              1.3999999999999999
       0.41250000               1.0000010414042835              0.0000012187799217              1.0000014460132629              2.5000036150331577              1.3999999999999999              1.3999999999999999
       0.41750000               1.0000007437847953              0.0000008614615604              1.0000010331619600              2.5000025829049002              1.3999999999999999              1.3999999999999999
       0.42250000               1.0000005159739855              0.0000006189272874              1.0000007190110212              2.5000017975275535              1.3999999999999999              1.3999999999999999
       0.42750000               1.0000003442048058              0.0000004537654264              1.0000004842540828              2.5000012106352076              1.3999999999999999              1.3999999999999999
       0.43250000               1.0000002220250235              0.0000003340274120              1.0000003196767573              2.5000007991918936              1.3999999999999999              1.3999999999999999
       0.43750000               1.0000001362805764              0.0000002461746630              1.0000002067260265              2.5000005168150667              1.3999999999999999              1.3999999999999999
       0.44250000               1.0000000765403905              0.0000001814815514              1.0000001304502628              2.5000003261256576              1.3999999999999999              1.3999999999999999
       0.44750000               1.0000000336059578              0.0000001354781663              1.0000000777642886              2.5000001944107222              1.3999999999999999              1.3999999999999999
       0.45250000               1.0000000026305549              0.0000001030766768              1.0000000414071755              2.5000001035179391              1.3999999999999999              1.3999999999999999
       0.45750000               0.9999999765558588              0.0000000847234634              1.0000000113054754              2.5000000282636896              1.3999999999999999              1.3999999999999999
       0.46250000               0.9999999475639966              0.0000000843401449              0.9999999759973518              2.4999999399933803              1.3999999999999999              1.3999999999999999
       0.46750000               0.9999999221715015              0.0000000901522756              0.9999999445666156              2.4999998614165393              1.3999999999999999              1.3999999999999999
       0.47250000               0.9999999100997359              0.0000000881391123              0.9999999301769116              2.4999998254422797              1.3999999999999999              1.3999999999999999
       0.47750000               0.9999999140045922              0.0000000728360276              0.9999999368865369              2.4999998422163427              1.3999999999999999              1.3999999999999999
       0.48250000               0.9999999252072191              0.0000000534501910              0.9999999521189534              2.4999998802973842              1.3999999999999999              1.3999999999999999
       0.48750000               0.9999999342892373              0.0000000389315782              0.9999999641151601              2.4999999102879009              1.3999999999999999              1.3999999999999999
       0.49250000               0.9999999377603699              0.0000000340520596              0.9999999664209170              2.4999999160522930              1.3999999999999999              1.3999999999999999
       0.49750000               0.9999999361293491              0.0000000352273907              0.9999999627217282              2.4999999068043208              1.3999999999999999              1.3999999999999999
       0.50250000               0.9999999325262622              0.0000000396584525              0.9999999559498909              2.4999998898747275              1.3999999999999999              1.3999999999999999
       0.50750000               0.9999999308067257              0.0000000443690199              0.9999999493688444              2.4999998734221114              1.3999999999999999              1.3999999999999999
       0.51250000               0.9999999323810054              0.0000000460221343              0.9999999467524654              2.4999998668811640              1.3999999999999999              1.3999999999999999
       0.51750000               0.9999999396659394              0.0000000379538833              0.9999999558682834              2.4999998896707090              1.3999999999999999              1.3999999999999999
       0.52250000               0.9999999491309447              0.0000000235875784              0.9999999725872889              2.4999999314682229              1.3999999999999999              1.3999999999999999
       0.52750000               0.9999999541685560              0.0000000124510124              0.9999999855838315              2.4999999639595791              1.3999999999999999              1.3999999999999999
       0.53250000               0.9999999523824077              0.0000000132427608              0.9999999845311244              2.4999999613278119              1.3999999999999999              1.3999999999999999
       0.53750000               0.9999999466079893              0.0000000224770838              0.9999999735309084              2.4999999338272718              1.3999999999999999              1.3999999999999999
       0.54250000               0.9999999384496771              0.0000000347821530              0.9999999589243802              2.4999998973109512              1.3999999999999999              1.3999999999999999
       0.54750000               0.9999999297134045              0.0000000440705986              0.9999999479044634              2.4999998697611594              1.3999999999999999              1.3999999999999999
       0.55250000               0.9999999285424453              0.0000000434076375              0.9999999486701198              2.4999998716752998              1.3999999999999999              1.3999999999999999
       0.55750000               0.9999999394326086              0.0000000280364816              0.9999999668455869              2.4999999171139677              1.3999999999999999              1.3999999999999999
       0.56250000               0.9999999524577110              0.0000000088124026              0.9999999895842875              2.4999999739607190              1.3999999999999999              1.3999999999999999
       0.56750000               0.9999999569769299             -0.0000000035020013              1.0000000041504209              2.5000000103760525              1.3999999999999999              1.3999999999999999
       0.57250000               0.9999999463810043              0.0000000028800738              0.9999999965970668              2.4999999914926678              1.3999999999999999              1.3999999999999999
       0.57750000               0.9999999256285508              0.0000000226056755              0.9999999732577742              2.4999999331444362              1.3999999999999999              1.3999999999999999
       0.58250000               0.9999999036782941              0.0000000436196881              0.9999999483964404              2.4999998709911013              1.3999999999999999              1.3999999999999999
       0.58750000               0.9999998878850022              0.0000000552971473              0.9999999345850611              2.4999998364626532              1.3999999999999999              1.3999999999999999
       0.59250000               0.9999998899257920              0.0000000477386922              0.9999999435375744              2.4999998588439363              1.3999999999999999              1.3999999999999999
       0.59750000               0.9999999039722868              0.0000000282472873              0.9999999666146664              2.4999999165366664              1.3999999999999999              1.3999999999999999
       0.60250000               0.9999999198296656              0.0000000069488310              0.9999999918381456              2.4999999795953647              1.3999999999999999              1.3999999999999999
       0.60750000               0.9999999279349970             -0.0000000066861866              1.0000000080072082              2.5000000200180215              1.3999999999999999              1.3999999999999999
       0.61250000               0.9999999257808007             -0.0000000062095343              1.0000000074998439              2.5000000187496103              1.3999999999999999              1.3999999999999999
       0.61750000               0.9999999167648277              0.0000000047123843              0.9999999946660026              2.4999999866650073              1.3999999999999999              1.3999999999999999
       0.62250000               0.9999999024908466              0.0000000218607890              0.9999999745154250              2.4999999362885630              1.3999999999999999              1.3999999999999999
       0.62750000               0.9999998856588759              0.0000000405050283              0.9999999526728445              2.4999998816821116              1.3999999999999999              1.3999999999999999
       0.63250000               0.9999998738950904              0.0000000547302678              0.9999999361782143              2.4999998404455361              1.3999999999999999              1.3999999999999999
       0.63750000               0.9999998727220873              0.0000000585691720              0.9999999321547336              2.4999998303868343              1.3999999999999999              1.3999999999999999
       0.64250000               0.9999998812595848              0.0000000505356242              0.9999999424548113              2.4999998561370287              1.3999999999999999              1.3999999999999999
       0.64750000               0.9999998935215004              0.0000000366039244              0.9999999601500486              2.4999999003751219              1.3999999999999999              1.3999999999999999
       0.65250000               0.9999999086927368              0.0000000207392257              0.9999999807574986              2.4999999518937468              1.3999999999999999              1.3999999999999999
       0.65750000               0.9999999177909915              0.0000000146511966              0.9999999907302926              2.4999999768257317              1.3999999999999999              1.3999999999999999
       0.66250000               0.9999999247704648              0.0000000112357777              0.9999999989266837              2.4999999973167095              1.3999999999999999              1.3999999999999999
       0.66750000               0.9999999271943116              0.0000000129865813              1.0000000030572462              2.5000000076431164              1.3999999999999999              1.3999999999999999
       0.67250000               0.9999999307962508              0.0000000165993983              1.0000000079917408              2.5000000199793524              1.3999999999999999              1.3999999999999999
       0.67750000               0.9999999373749405              0.0000000222176225              1.0000000149473456              2.5000000373683644              1.3999999999999999              1.3999999999999999
       0.68250000               0.9999999465453412              0.0000000290275542              1.0000000268787692              2.5000000671969236              1.3999999999999999              1.3999999999999999
       0.68750000               0.9999999663915988              0.0000000290631750              1.0000000560564399              2.5000001401411005              1.3999999999999999              1.3999999999999999
       0.69250000               1.0000000019651343              0.0000000223795254              1.0000001064555251              2.5000002661388132              1.3999999999999999              1.3999999999999999
       0.69750000               1.0000000439880841              0.0000000259857479              1.0000001636561009              2.5000004091402528              1.3999999999999999              1.3999999999999999
       0.70250000               1.0000000829231104              0.0000000549458054              1.0000002178458616              2.5000005446146547              1.3999999999999999              1.3999999999999999
       0.70750000               1.0000001082570757              0.0000001303479593              1.0000002552586134              2.5000006381465338              1.3999999999999999              1.3999999999999999
       0.71250000               1.0000001327516472              0.0000002528594560              1.0000002906333423              2.5000007265833561              1.3999999999999999              1.3999999999999999
       0.71750000               1.0000001794279212              0.0000004145687948              1.0000003547647307              2.5000008869118275              1.3999999999999999              1.3999999999999999
       0.72250000               1.0000002692926417              0.0000006124796498              1.0000004806124712              2.5000012015311786              1.3999999999999999              1.3999999999999999
       0.72750000               1.0000004249002161              0.0000008529911207              1.0000007007383345              2.5000017518458368              1.3999999999999999              1.3999999999999999
       0.73250000               1.0000006669169255              0.0000011603284567              1.0000010409189024              2.5000026022972563              1.3999999999999999              1.3999999999999999
       0.73750000               1.0000010172766465              0.0000015717961413              1.0000015304307677              2.5000038260769193              1.3999999999999999              1.3999999999999999
       0.74250000               1.0000015055337530              0.0000021325663189              1.0000022142491465              2.5000055356228668              1.3999999999999999              1.3999999999999999
       0.74750000               1.0000021754854576              0.0000029008778826              1.0000031546330401              2.5000078865826008              1.3999999999999999              1.3999999999999999
       0.75250000               1.0000030885378064              0.0000039535468072              1.0000044344563812              2.5000110861409537              1.3999999999999999              1.3999999999999999
       0.75750000               1.0000043261631735              0.0000053888375506              1.0000061662565980              2.5000154156414958              1.3999999999999999              1.3999999999999999
       0.76250000               1.0000059943713187              0.0000073312401385              1.0000085021862997              2.5000212554657502              1.3999999999999999              1.3999999999999999
       0.76750000               1.0000082329961040              0.0000099437960029              1.0000116388301985              2.5000290970754966              1.3999999999999999              1.3999999999999999
       0.77250000               1.0000112172444000              0.0000134472144115              1.0000158185091264              2.5000395462728164              1.3999999999999999              1.3999999999999999
       0.77750000               1.0000151759854463              0.0000181186272079              1.0000213599848740              2.5000533999621850              1.3999999999999999              1.3999999999999999
       0.78250000               1.0000204027744137              0.0000243048599904              1.0000286781491532              2.5000716953728834              1.3999999999999999              1.3999999999999999
       0.78750000               1.0000272755527564              0.0000324424119444              1.0000383027958315              2.5000957569895794              1.3999999999999999              1.3999999999999999
       0.79250000               1.0000362680095409              0.0000430867408710              1.0000508942639954              2.5001272356599888              1.3999999999999999              1.3999999999999999
       0.79750000               1.0000479765824495              0.0000569262170560              1.0000672858551694              2.5001682146379243              1.3999999999999999              1.3999999999999999
       0.80250000               1.0000631249683567              0.0000748304371233              1.0000884948412194              2.5002212371030490              1.3999999999999999              1.3999999999999999
       0.80750000               1.0000826089705483              0.0000978706167811              1.0001157760441524              2.5002894401103815              1.3999999999999999              1.3999999999999999
       0.81250000               1.0001075357914713              0.0001273466831788              1.0001506769445847              2.5003766923614621              1.3999999999999999              1.3999999999999999
       0.81750000               1.0001392489481531              0.0001648350635226              1.0001950770043404              2.5004876925108519              1.3999999999999999              1.3999999999999999
       0.82250000               1.0001793497283209              0.0002122462810544              1.0002512226277911              2.5006280565694783              1.3999999999999999              1.3999999999999999
       0.82750000               1.0002297599142351              0.0002718497420355              1.0003218056373668              2.5008045140934181              1.3999999999999999              1.3999999999999999
       0.83250000               1.0002927740934113              0.0003463035006908              1.0004100369020870              2.5010250922552180              1.3999999999999999              1.3999999999999999
       0.83750000               1.0003710344323316              0.0004387687777713              1.0005196155359468              2.5012990388398677              1.3999999999999999              1.3999999999999999
       0.84250000               1.0004676051914163              0.0005528969264405              1.0006548384487954              2.5016370961219896              1.3999999999999999              1.3999999999999999
       0.84750000               1.0005860422243935              0.0006928187865417              1.0008206884247930              2.5020517210619833              1.3999999999999999              1.3999999999999999
       0.85250000               1.0007303000334562              0.0008632942115313              1.0010227049384839              2.5025567623462104              1.3999999999999999              1.3999999999999999
       0.85750000               1.0009048121012816              0.0010696212492990              1.0012671015443100              2.5031677538607755              1.3999999999999999              1.3999999999999999
       0.86250000               1.0011145100171868              0.0013175771244964              1.0015607986296928              2.5039019965742324              1.3999999999999999              1.3999999999999999
       0.86750000               1.0013647083961990              0.0016134825371732              1.0019112534717061              2.5047781336792658              1.3999999999999999              1.3999999999999999
       0.87250000               1.0016610915663124              0.0019640839986299              1.0023264436175834              2.5058161090439590              1.3999999999999999              1.3999999999999999
       0.87750000               1.0020097252410873              0.0023763482348881              1.0028148890322675              2.5070372225806690              1.3999999999999999              1.3999999999999999
       0.88250000               1.0024168507646101              0.0028574595571381              1.0033853709335274              2.5084634273338193              1.3999999999999999              1.3999999999999999
       0.88750000               1.0028887170735441              0.0034147382009736              1.0040466880813534              2.5101167202033845              1.3999999999999999              1.3999999999999999
       0.89250000               1.0034314873787831              0.0040554257718400              1.0048075292149536              2.5120188230373848              1.3999999999999999              1.3999999999999999
       0.89750000               1.0040510395230144              0.0047865730526278              1.0056761992907262              2.5141904982268160              1.3999999999999999              1.3999999999999999
       0.90250000               1.0047532667941714              0.0056143356886764              1.0066610487446852              2.5166526218617138              1.3999999999999999              1.3999999999999999
       0.90750000               1.0055430416883231              0.0065448783767535              1.0077690113365889              2.5194225283414728              1.3999999999999999              1.3999999999999999
       0.91250000               1.0064246999185973              0.0075835110376181              1.0090062854619215              2.5225157136548044              1.3999999999999999              1.3999999999999999
       0.91750000               1.0074025936080555              0.0087337980126136              1.0103791157166537              2.5259477892916351              1.3999999999999999              1.3999999999999999
       0.92250000               1.0084791901062367              0.0099996175603796              1.0118911299581010              2.5297278248952533              1.3999999999999999              1.3999999999999999
       0.92750000               1.0096565808802074              0.0113832868467726              1.0135454444450018              2.5338636111125048              1.3999999999999999              1.3999999999999999
       0.93250000               1.0109369478506010              0.0128849836520626              1.0153453221734230              2.5383633054335579              1.3999999999999999              1.3999999999999999
       0.93750000               1.0123197793662215              0.0145060335638756              1.0172902610423842              2.5432256526059609              1.3999999999999999              1.3999999999999999
       0.94250000               1.0138050262566793              0.0162452835227210              1.0193804324633935              2.5484510811584840              1.3999999999999999              1.3999999999999999
       0.94750000               1.0153919811403853              0.0181005597151684              1.0216150917037219              2.5540377292593051              1.3999999999999999              1.3999999999999999
       0.95250000               1.0170778721494302              0.0200704567736595              1.0239905965370635              2.5599764913426588              1.3999999999999999              1.3999999999999999
       0.95750000               1.0188610734072685              0.0221507585710409              1.0265049280396730              2.5662623200991832              1.3999999999999999              1.3999999999999999
       0.96250000               1.0207385556845094              0.0243376010573151              1.0291541024770063              2.5728852561925168              1.3999999999999999              1.3999999999999999
       0.96750000               1.0227065005199516              0.0266269326886178              1.0319330158478868              2.5798325396197175              1.3999999999999999              1.3999999999999999
       0.97250000               1.0247617809525105              0.0290129685138590              1.0348375376205223              2.5870938440513065              1.3999999999999999              1.3999999999999999
       0.97750000               1.0268994912966602              0.0314912045007820              1.0378610196986733              2.5946525492466841              1.3999999999999999              1.3999999999999999
       0.98250000               1.0291154948520285              0.0340555947722102              1.0409978983619808              2.6024947459049521              1.3999999999999999              1.3999999999999999
       0.98750000               1.0314049330580701              0.0367004082720726              1.0442415674228236              2.6106039185570595              1.3999999999999999              1.3999999999999999
       0.99250000               1.0337628340181304              0.0394196092901483              1.0475852443959712              2.6189631109899287              1.3999999999999999              1.3999999999999999
       0.99750000               1.0361841801893577              0.0422068531726034              1.0510220651788880              2.6275551629472202              1.3999999999999999              1.3999999999999999
