       0.00250000               1.0000000209826552              0.9999999999999996              0.5999999999998805              0.8999999999993709              1.6666666666670000              1.6666666666670000
       0.00750000               1.0000000137477449              1.0000000000000002              0.5999999999998797              0.8999999999993696              1.6666666666670000              1.6666666666670000
       0.01250000               1.0000000089623688              0.9999999999999987              0.5999999999998814              0.8999999999993721              1.6666666666670000              1.6666666666670000
       0.01750000               1.0000000058137286              0.9999999999999998              0.5999999999998799              0.8999999999993697              1.6666666666670000              1.6666666666670000
       0.02250000               1.0000000037527279              0.9999999999999996              0.5999999999998805              0.8999999999993706              1.6666666666670000              1.6666666666670000
       0.02750000               1.0000000024099993              1.0000000000000013              0.5999999999998789              0.8999999999993682              1.6666666666670000              1.6666666666670000
       0.03250000               1.0000000015397845              1.0000000000000009              0.5999999999998791              0.8999999999993685              1.6666666666670000              1.6666666666670000
       0.03750000               1.0000000009793595              0.9999999999999998              0.5999999999998806              0.8999999999993710              1.6666666666670000              1.6666666666670000
       0.04250000               1.0000000006199656              1.0000000000000009              0.5999999999998790              0.8999999999993685              1.6666666666670000              1.6666666666670000
       0.04750000               1.0000000003898752              0.9999999999999987              0.5999999999998813              0.8999999999993720              1.6666666666670000              1.6666666666670000
       0.05250000               1.0000000002437490              0.9999999999999998              0.5999999999998806              0.8999999999993709              1.6666666666670000              1.6666666666670000
       0.05750000               1.0000000001524076              1.0000000000000002              0.5999999999998800              0.8999999999993699              1.6666666666670000              1.6666666666670000
       0.06250000               1.0000000000952720              1.0000000000000000              0.5999999999998795              0.8999999999993694              1.6666666666670000              1.6666666666670000
       0.06750000               1.0000000000584819              1.0000000000000004              0.5999999999998795              0.8999999999993692              1.6666666666670000              1.6666666666670000
       0.07250000               1.0000000000347082              0.9999999999999998              0.5999999999998804              0.8999999999993706              1.6666666666670000              1.6666666666670000
       0.07750000               1.0000000000213132              0.9999999999999998              0.5999999999998800              0.8999999999993700              1.6666666666670000              1.6666666666670000
       0.08250000               1.0000000000177021              0.9999999999999998              0.5999999999998802              0.8999999999993703              1.6666666666670000              1.6666666666670000
       0.08750000               1.0000000000235079              1.0000000000000004              0.5999999999998797              0.8999999999993695              1.6666666666670000              1.6666666666670000
       0.09250000               1.0000000000385783              1.0000000000000002              0.5999999999998791              0.8999999999993685              1.6666666666670000              1.6666666666670000
       0.09750000               1.0000000000641296              1.0000000000000004              0.5999999999998794              0.8999999999993691              1.6666666666670000              1.6666666666670000
       0.10250000               1.0000000001042997              0.9999999999999998              0.5999999999998802              0.8999999999993702              1.6666666666670000              1.6666666666670000
       0.10750000               1.0000000001675595              0.9999999999999987              0.5999999999998810              0.8999999999993714              1.6666666666670000              1.6666666666670000
       0.11250000               1.0000000002680227              0.9999999999999998              0.5999999999998800              0.8999999999993699              1.6666666666670000              1.6666666666670000
       0.11750000               1.0000000004273506              0.9999999999999991              0.5999999999998806              0.8999999999993709              1.6666666666670000              1.6666666666670000
       0.12250000               1.0000000006783618              0.9999999999999998              0.5999999999998801              0.8999999999993700              1.6666666666670000              1.6666666666670000
       0.12750000               1.0000000010713095              1.0000000000000009              0.5999999999998790              0.8999999999993683              1.6666666666670000              1.6666666666670000
       0.13250000               1.0000000016832433              0.9999999999999989              0.5999999999998806              0.8999999999993709              1.6666666666670000              1.6666666666670000
       0.13750000               1.0000000026315048              1.0000000000000007              0.5999999999998802              0.8999999999993702              1.6666666666670000              1.6666666666670000
       0.14250000               1.0000000040935442              1.0000000000000013              0.5999999999998790              0.8999999999993684              1.6666666666670000              1.6666666666670000
       0.14750000               1.0000000063361874              1.0000000000000002              0.5999999999998804              0.8999999999993705              1.6666666666670000              1.6666666666670000
       0.15250000               1.0000000097585813              0.9999999999999996              0.5999999999998802              0.8999999999993703              1.6666666666670000              1.6666666666670000
       0.15750000               1.0000000149546322              1.0000000000000004              0.5999999999998789              0.8999999999993682              1.6666666666670000              1.6666666666670000
       0.16250000               1.0000000228031911              1.0000000000000004              0.5999999999998794              0.8999999999993690              1.6666666666670000              1.6666666666670000
       0.16750000               1.0000000345976303              0.9999999999999989              0.5999999999998813              0.8999999999993719              1.6666666666670000              1.6666666666670000
       0.17250000               1.0000000522309298              1.0000000000000004              0.5999999999998787              0.8999999999993682              1.6666666666670000              1.6666666666670000
       0.17750000               1.0000000784584810              1.0000000000000007              0.5999999999998799              0.8999999999993697              1.6666666666670000              1.6666666666670000
       0.18250000               1.0000001172688586              0.9999999999999998              0.5999999999998802              0.8999999999993702              1.6666666666670000              1.6666666666670000
       0.18750000               1.0000001744038793              0.9999999999999998              0.5999999999998805              0.8999999999993706              1.6666666666670000              1.6666666666670000
       0.19250000               1.0000002580834706              1.0000000000000000              0.5999999999998801              0.8999999999993702              1.6666666666670000              1.6666666666670000
       0.19750000               1.0000003800098123              1.0000000000000002              0.5999999999998797              0.8999999999993696              1.6666666666670000              1.6666666666670000
       0.20250000               1.0000005567496630              1.0000000000000000              0.5999999999998801              0.8999999999993701              1.6666666666670000              1.6666666666670000
       0.20750000               1.0000008116253580              0.9999999999999982              0.5999999999998812              0.8999999999993717              1.6666666666670000              1.6666666666670000
       0.21250000               1.0000011772852391              0.9999999999999991              0.5999999999998803              0.8999999999993704              1.6666666666670000              1.6666666666670000
       0.21750000               1.0000016991753298              0.9999999999999996              0.5999999999998799              0.8999999999993697              1.6666666666670000              1.6666666666670000
       0.22250000               1.0000024401978753              0.9999999999999996              0.5999999999998803              0.8999999999993704              1.6666666666670000              1.6666666666670000
       0.22750000               1.0000034869217396              1.0000000000000002              0.5999999999998796              0.8999999999993694              1.6666666666670000              1.6666666666670000
       0.23250000               1.0000049578069221              0.9999999999999991              0.5999999999998811              0.8999999999993716              1.6666666666670000              1.6666666666670000
       0.23750000               1.0000070140235280              1.0000000000000002              0.5999999999998804              0.8999999999993705              1.6666666666670000              1.6666666666670000
       0.24250000               1.0000098735873248              1.0000000000000007              0.5999999999998794              0.8999999999993690              1.6666666666670000              1.6666666666670000
       0.24750000               1.0000138297016772              1.0000000000000000              0.5999999999998799              0.8999999999993697              1.6666666666670000              1.6666666666670000
       0.25250000               1.0000192743917191              1.0000000000000011              0.5999999999998793              0.8999999999993689              1.6666666666670000              1.6666666666670000
       0.25750000               1.0000267287420062              0.9999999999999989              0.5999999999998807              0.8999999999993710              1.6666666666670000              1.6666666666670000
       0.26250000               1.0000368813037861              1.0000000000000011              0.5999999999998789              0.8999999999993682              1.6666666666670000              1.6666666666670000
       0.26750000               1.0000506365208526              0.9999999999999989              0.5999999999998806              0.8999999999993710              1.6666666666670000              1.6666666666670000
       0.27250000               1.0000691753294362              1.0000000000000013              0.5999999999998786              0.8999999999993678              1.6666666666670000              1.6666666666670000
       0.27750000               1.0000940304113233              1.0000000000000013              0.5999999999998784              0.8999999999993676              1.6666666666670000              1.6666666666670000
       0.28250000               1.0001271789090198              0.9999999999999989              0.5999999999998806              0.8999999999993710              1.6666666666670000              1.6666666666670000
       0.28750000               1.0001711557332016              0.9999999999999998              0.5999999999998802              0.8999999999993701              1.6666666666670000              1.6666666666670000
       0.29250000               1.0002291908851635              0.9999999999999996              0.5999999999998803              0.8999999999993705              1.6666666666670000              1.6666666666670000
       0.29750000               1.0003053744551820              0.9999999999999998              0.5999999999998800              0.8999999999993700              1.6666666666670000              1.6666666666670000
       0.30250000               1.0004048531100103              1.0000000000000013              0.5999999999998780              0.8999999999993669              1.6666666666670000              1.6666666666670000
       0.30750000               1.0005340619110443              0.9999999999999989              0.5999999999998811              0.8999999999993715              1.6666666666670000              1.6666666666670000
       0.31250000               1.0007009951655326              1.0000000000000002              0.5999999999998796              0.8999999999993694              1.6666666666670000              1.6666666666670000
       0.31750000               1.0009155196577819              1.0000000000000004              0.5999999999998796              0.8999999999993694              1.6666666666670000              1.6666666666670000
       0.32250000               1.0011897329827240              0.9999999999999998              0.5999999999998802              0.8999999999993702              1.6666666666670000              1.6666666666670000
       0.32750000               1.0015383687568242              1.0000000000000000              0.5999999999998799              0.8999999999993697              1.6666666666670000              1.6666666666670000
       0.33250000               1.0019792491576389              1.0000000000000016              0.5999999999998782              0.8999999999993673              1.6666666666670000              1.6666666666670000
       0.33750000               1.0025337834955159              0.9999999999999991              0.5999999999998812              0.8999999999993719              1.6666666666670000              1.6666666666670000
       0.34250000               1.0032275093106426              0.9999999999999989              0.5999999999998809              0.8999999999993712              1.6666666666670000              1.6666666666670000
       0.34750000               1.0040906697913736              1.0000000000000002              0.5999999999998796              0.8999999999993693              1.6666666666670000              1.6666666666670000
       0.35250000               1.0051588181231497              1.0000000000000009              0.5999999999998792              0.8999999999993687              1.6666666666670000              1.6666666666670000
       0.35750000               1.0064734357230771              1.0000000000000000              0.5999999999998797              0.8999999999993696              1.6666666666670000              1.6666666666670000
       0.36250000               1.0080825472517718              1.0000000000000007              0.5999999999998796              0.8999999999993695              1.6666666666670000              1.6666666666670000
       0.36750000               1.0100413109127777              1.0000000000000000              0.5999999999998794              0.8999999999993692              1.6666666666670000              1.6666666666670000
       0.37250000               1.0124125579901047              1.0000000000000004              0.5999999999998799              0.8999999999993697              1.6666666666670000              1.6666666666670000
       0.37750000               1.0152672510195488              0.9999999999999996              0.5999999999998813              0.8999999999993717              1.6666666666670000              1.6666666666670000
       0.38250000               1.0186848256616536              1.0000000000000013              0.5999999999998792              0.8999999999993689              1.6666666666670000              1.6666666666670000
       0.38750000               1.0227533775323117              0.9999999999999987              0.5999999999998817              0.8999999999993725              1.6666666666670000              1.6666666666670000
       0.39250000               1.0275696522335198              0.9999999999999998              0.5999999999998800              0.8999999999993699              1.6666666666670000              1.6666666666670000
       0.39750000               1.0332387949871673              1.0000000000000007              0.5999999999998791              0.8999999999993685              1.6666666666670000              1.6666666666670000
       0.40250000               1.0398738159269805              1.0000000000000011              0.5999999999998790              0.8999999999993683              1.6666666666670000              1.6666666666670000
       0.40750000               1.0475947286034653              0.9999999999999983              0.5999999999998810              0.8999999999993713              1.6666666666670000              1.6666666666670000
       0.41250000               1.0565273229770114              1.0000000000000004              0.5999999999998797              0.8999999999993695              1.6666666666670000              1.6666666666670000
       0.41750000               1.0668015402538693              1.0000000000000002              0.5999999999998804              0.8999999999993705              1.6666666666670000              1.6666666666670000
       0.42250000               1.0785494257476165              0.9999999999999998              0.5999999999998805              0.8999999999993706              1.6666666666670000              1.6666666666670000
       0.42750000               1.0919026474427262              1.0000000000000007              0.5999999999998796              0.8999999999993694              1.6666666666670000              1.6666666666670000
       0.43250000               1.1069895820359346              0.9999999999999994              0.5999999999998804              0.8999999999993706              1.6666666666670000              1.6666666666670000
       0.43750000               1.1239319871063456              0.9999999999999998              0.5999999999998797              0.8999999999993696              1.6666666666670000              1.6666666666670000
       0.44250000               1.1428412966400447              1.0000000000000002              0.5999999999998795              0.8999999999993693              1.6666666666670000              1.6666666666670000
       0.44750000               1.1638145975638052              0.9999999999999998              0.5999999999998801              0.8999999999993701              1.6666666666670000              1.6666666666670000
       0.45250000               1.1869303665214292              0.9999999999999994              0.5999999999998802              0.8999999999993703              1.6666666666670000              1.6666666666670000
       0.45750000               1.2122440666117638              1.0000000000000002              0.5999999999998800              0.8999999999993699              1.6666666666670000              1.6666666666670000
       0.46250000               1.2397837245903973              1.0000000000000004              0.5999999999998799              0.8999999999993697              1.6666666666670000              1.6666666666670000
       0.46750000               1.2695456273607644              0.9999999999999997              0.5999999999998804              0.8999999999993705              1.6666666666670000              1.6666666666670000
       0.47250000               1.3014902894760587              0.9999999999999994              0.5999999999998807              0.8999999999993711              1.6666666666670000              1.6666666666670000
       0.47750000               1.3355388556616641              0.9999999999999999              0.5999999999998802              0.8999999999993702              1.6666666666670000              1.6666666666670000
       0.48250000               1.3715701070496933              0.9999999999999996              0.5999999999998807              0.8999999999993710              1.6666666666670000              1.6666666666670000
       0.48750000               1.4094182336092940              0.9999999999999997              0.5999999999998794              0.8999999999993691              1.6666666666670000              1.6666666666670000
       0.49250000               1.4488715318835950              1.0000000000000000              0.5999999999998801              0.8999999999993700              1.6666666666670000              1.6666666666670000
       0.49750000               1.4896721710887670              0.9999999999999999              0.5999999999998801              0.8999999999993700              1.6666666666670000              1.6666666666670000
       0.50250000               1.5315171344040410              0.9999999999999999              0.5999999999998806              0.8999999999993709              1.6666666666670000              1.6666666666670000
       0.50750000               1.5740604233502724              0.9999999999999997              0.5999999999998802              0.8999999999993703              1.6666666666670000              1.6666666666670000
       0.51250000               1.6169165839850148              1.0000000000000007              0.5999999999998796              0.8999999999993693              1.6666666666670000              1.6666666666670000
       0.51750000               1.6596655364347834              0.9999999999999996              0.5999999999998805              0.8999999999993706              1.6666666666670000              1.6666666666670000
       0.52250000               1.7018586559970315              0.9999999999999998              0.5999999999998805              0.8999999999993707              1.6666666666670000              1.6666666666670000
       0.52750000               1.7430260582825479              1.0000000000000002              0.5999999999998796              0.8999999999993694              1.6666666666670000              1.6666666666670000
       0.53250000               1.7826849243803036              1.0000000000000000              0.5999999999998803              0.8999999999993704              1.6666666666670000              1.6666666666670000
       0.53750000               1.8203485956061420              1.0000000000000002              0.5999999999998803              0.8999999999993703              1.6666666666670000              1.6666666666670000
       0.54250000               1.8555362904064945              1.0000000000000002              0.5999999999998793              0.8999999999993690              1.6666666666670000              1.6666666666670000
       0.54750000               1.8877833059202986              1.0000000000000002              0.5999999999998796              0.8999999999993695              1.6666666666670000              1.6666666666670000
       0.55250000               1.9166512033664656              1.0000000000000002              0.5999999999998795              0.8999999999993692              1.6666666666670000              1.6666666666670000
       0.55750000               1.9417374387829431              0.9999999999999998              0.5999999999998797              0.8999999999993695              1.6666666666670000              1.6666666666670000
       0.56250000               1.9626845659472620              1.0000000000000000              0.5999999999998803              0.8999999999993705              1.6666666666670000              1.6666666666670000
       0.56750000               1.9791892646451539              1.0000000000000000              0.5999999999998800              0.8999999999993699              1.6666666666670000              1.6666666666670000
       0.57250000               1.9910101818488983              1.0000000000000004              0.5999999999998800              0.8999999999993697              1.6666666666670000              1.6666666666670000
       0.57750000               1.9979728097419500              1.0000000000000000              0.5999999999998801              0.8999999999993701              1.6666666666670000              1.6666666666670000
       0.58250000               1.9999719411489738              1.0000000000000000              0.5999999999998795              0.8999999999993693              1.6666666666670000              1.6666666666670000
       0.58750000               1.9969759188783769              1.0000000000000002              0.5999999999998800              0.8999999999993700              1.6666666666670000              1.6666666666670000
       0.59250000               1.9890308005780957              1.0000000000000002              0.5999999999998793              0.8999999999993690              1.6666666666670000              1.6666666666670000
       0.59750000               1.9762563027473896              1.0000000000000004              0.5999999999998800              0.8999999999993700              1.6666666666670000              1.6666666666670000
       0.60250000               1.9588413565683525              0.9999999999999998              0.5999999999998796              0.8999999999993694              1.6666666666670000              1.6666666666670000
       0.60750000               1.9370403923979695              1.0000000000000000              0.5999999999998797              0.8999999999993696              1.6666666666670000              1.6666666666670000
       0.61250000               1.9111678648963453              1.0000000000000002              0.5999999999998794              0.8999999999993692              1.6666666666670000              1.6666666666670000
       0.61750000               1.8815907035136750              1.0000000000000004              0.5999999999998792              0.8999999999993689              1.6666666666670000              1.6666666666670000
       0.62250000               1.8487194565565161              1.0000000000000002              0.5999999999998793              0.8999999999993689              1.6666666666670000              1.6666666666670000
       0.62750000               1.8129987368024052              0.9999999999999999              0.5999999999998802              0.8999999999993702              1.6666666666670000              1.6666666666670000
       0.63250000               1.7748972709905231              0.9999999999999999              0.5999999999998790              0.8999999999993683              1.6666666666670000              1.6666666666670000
       0.63750000               1.7348977712472915              1.0000000000000004              0.5999999999998796              0.8999999999993694              1.6666666666670000              1.6666666666670000
       0.64250000               1.6934868967388330              1.0000000000000000              0.5999999999998796              0.8999999999993693              1.6666666666670000              1.6666666666670000
       0.64750000               1.6511456027233922              1.0000000000000000              0.5999999999998801              0.8999999999993701              1.6666666666670000              1.6666666666670000
       0.65250000               1.6083401486561648              1.0000000000000002              0.5999999999998796              0.8999999999993695              1.6666666666670000              1.6666666666670000
       0.65750000               1.5655139903205795              1.0000000000000002              0.5999999999998800              0.8999999999993700              1.6666666666670000              1.6666666666670000
       0.66250000               1.5230807345341300              0.9999999999999999              0.5999999999998804              0.8999999999993705              1.6666666666670000              1.6666666666670000
       0.66750000               1.4814182891968002              0.9999999999999997              0.5999999999998806              0.8999999999993710              1.6666666666670000              1.6666666666670000
       0.67250000               1.4408642933515814              0.9999999999999997              0.5999999999998804              0.8999999999993705              1.6666666666670000              1.6666666666670000
       0.67750000               1.4017128628695519              1.0000000000000007              0.5999999999998794              0.8999999999993692              1.6666666666670000              1.6666666666670000
       0.68250000               1.3642126404272803              1.0000000000000000              0.5999999999998799              0.8999999999993697              1.6666666666670000              1.6666666666670000
       0.68750000               1.3285660958482333              1.0000000000000004              0.5999999999998800              0.8999999999993699              1.6666666666670000              1.6666666666670000
       0.69250000               1.2949299859865619              1.0000000000000002              0.5999999999998794              0.8999999999993690              1.6666666666670000              1.6666666666670000
       0.69750000               1.2634168531234837              1.0000000000000007              0.5999999999998792              0.8999999999993686              1.6666666666670000              1.6666666666670000
       0.70250000               1.2340974180090885              1.0000000000000000              0.5999999999998809              0.8999999999993712              1.6666666666670000              1.6666666666670000
       0.70750000               1.2070037085047083              1.0000000000000000              0.5999999999998800              0.8999999999993700              1.6666666666670000              1.6666666666670000
       0.71250000               1.1821327571440747              1.0000000000000000              0.5999999999998795              0.8999999999993693              1.6666666666670000              1.6666666666670000
       0.71750000               1.1594507003687085              0.9999999999999997              0.5999999999998804              0.8999999999993704              1.6666666666670000              1.6666666666670000
       0.72250000               1.1388971179586580              0.9999999999999998              0.5999999999998800              0.8999999999993700              1.6666666666670000              1.6666666666670000
       0.72750000               1.1203894623162391              0.9999999999999998              0.5999999999998801              0.8999999999993701              1.6666666666670000              1.6666666666670000
       0.73250000               1.1038274426694781              1.0000000000000007              0.5999999999998789              0.8999999999993682              1.6666666666670000              1.6666666666670000
       0.73750000               1.0890972477779441              0.9999999999999998              0.5999999999998799              0.8999999999993697              1.6666666666670000              1.6666666666670000
       0.74250000               1.0760755111807083              1.0000000000000004              0.5999999999998794              0.8999999999993691              1.6666666666670000              1.6666666666670000
       0.74750000               1.0646329443188085              0.9999999999999993              0.5999999999998807              0.8999999999993711              1.6666666666670000              1.6666666666670000
       0.75250000               1.0546375839949902              1.0000000000000000              0.5999999999998797              0.8999999999993695              1.6666666666670000              1.6666666666670000
       0.75750000               1.0459576207482744              0.9999999999999991              0.5999999999998809              0.8999999999993712              1.6666666666670000              1.6666666666670000
       0.76250000               1.0384637931336647              1.0000000000000000              0.5999999999998800              0.8999999999993700              1.6666666666670000              1.6666666666670000
       0.76750000               1.0320313491000379              1.0000000000000004              0.5999999999998799              0.8999999999993696              1.6666666666670000              1.6666666666670000
       0.77250000               1.0265415893204695              0.9999999999999980              0.5999999999998813              0.8999999999993720              1.6666666666670000              1.6666666666670000
       0.77750000               1.0218830182854275              1.0000000000000007              0.5999999999998787              0.8999999999993682              1.6666666666670000              1.6666666666670000
       0.78250000               1.0179521372050120              1.0000000000000002              0.5999999999998794              0.8999999999993691              1.6666666666670000              1.6666666666670000
       0.78750000               1.0146539183930485              0.9999999999999987              0.5999999999998812              0.8999999999993716              1.6666666666670000              1.6666666666670000
       0.79250000               1.0119020040342128              1.0000000000000002              0.5999999999998794              0.8999999999993692              1.6666666666670000              1.6666666666670000
       0.79750000               1.0096186733484387              0.9999999999999993              0.5999999999998805              0.8999999999993707              1.6666666666670000              1.6666666666670000
       0.80250000               1.0077346214940488              1.0000000000000000              0.5999999999998800              0.8999999999993700              1.6666666666670000              1.6666666666670000
       0.80750000               1.0061885914428423              1.0000000000000000              0.5999999999998800              0.8999999999993700              1.6666666666670000              1.6666666666670000
       0.81250000               1.0049268968674088              0.9999999999999998              0.5999999999998803              0.8999999999993703              1.6666666666670000              1.6666666666670000
       0.81750000               1.0039028701374217              0.9999999999999996              0.5999999999998802              0.8999999999993702              1.6666666666670000              1.6666666666670000
       0.82250000               1.0030762651306515              1.0000000000000002              0.5999999999998801              0.8999999999993701              1.6666666666670000              1.6666666666670000
       0.82750000               1.0024126399905620              1.0000000000000004              0.5999999999998794              0.8999999999993691              1.6666666666670000              1.6666666666670000
       0.83250000               1.0018827404250685              0.9999999999999996              0.5999999999998803              0.8999999999993704              1.6666666666670000              1.6666666666670000
       0.83750000               1.0014618998140654              1.0000000000000000              0.5999999999998795              0.8999999999993693              1.6666666666670000              1.6666666666670000
       0.84250000               1.0011294684047514              0.9999999999999998              0.5999999999998793              0.8999999999993690              1.6666666666670000              1.6666666666670000
       0.84750000               1.0008682803099811              1.0000000000000004              0.5999999999998797              0.8999999999993695              1.6666666666670000              1.6666666666670000
       0.85250000               1.0006641639348217              1.0000000000000004              0.5999999999998799              0.8999999999993697              1.6666666666670000              1.6666666666670000
       0.85750000               1.0005054988576720              0.9999999999999998              0.5999999999998811              0.8999999999993715              1.6666666666670000              1.6666666666670000
       0.86250000               1.0003828200767528              1.0000000000000009              0.5999999999998786              0.8999999999993680              1.6666666666670000              1.6666666666670000
       0.86750000               1.0002884688732989              0.9999999999999993              0.5999999999998810              0.8999999999993714              1.6666666666670000              1.6666666666670000
       0.87250000               1.0002162882983028              1.0000000000000000              0.5999999999998794              0.8999999999993690              1.6666666666670000              1.6666666666670000
       0.87750000               1.0001613604112634              1.0000000000000007              0.5999999999998795              0.8999999999993693              1.6666666666670000              1.6666666666670000
       0.88250000               1.0001197818328142              0.9999999999999998              0.5999999999998799              0.8999999999993697              1.6666666666670000              1.6666666666670000
       0.88750000               1.0000884738651974              1.0000000000000000              0.5999999999998804              0.8999999999993705              1.6666666666670000              1.6666666666670000
       0.89250000               1.0000650233325767              1.0000000000000000              0.5999999999998800              0.8999999999993699              1.6666666666670000              1.6666666666670000
       0.89750000               1.0000475503497139              0.9999999999999991              0.5999999999998806              0.8999999999993710              1.6666666666670000              1.6666666666670000
       0.90250000               1.0000345993998139              1.0000000000000002              0.5999999999998796              0.8999999999993694              1.6666666666670000              1.6666666666670000
       0.90750000               1.0000250503537969              0.9999999999999996              0.5999999999998803              0.8999999999993705              1.6666666666670000              1.6666666666670000
       0.91250000               1.0000180463634627              1.0000000000000000              0.5999999999998799              0.8999999999993697              1.6666666666670000              1.6666666666670000
       0.91750000               1.0000129358854328              1.0000000000000004              0.5999999999998800              0.8999999999993699              1.6666666666670000              1.6666666666670000
       0.92250000               1.0000092264223286              0.9999999999999996              0.5999999999998800              0.8999999999993699              1.6666666666670000              1.6666666666670000
       0.92750000               1.0000065478887337              1.0000000000000004              0.5999999999998795              0.8999999999993692              1.6666666666670000              1.6666666666670000
       0.93250000               1.0000046238115234              1.0000000000000007              0.5999999999998789              0.8999999999993682              1.6666666666670000              1.6666666666670000
       0.93750000               1.0000032488517956              1.0000000000000002              0.5999999999998802              0.8999999999993702              1.6666666666670000              1.6666666666670000
       0.94250000               1.0000022713847165              0.9999999999999980              0.5999999999998816              0.8999999999993725              1.6666666666670000              1.6666666666670000
       0.94750000               1.0000015800927629              1.0000000000000016              0.5999999999998785              0.8999999999993678              1.6666666666670000              1.6666666666670000
       0.95250000               1.0000010937186423              1.0000000000000000              0.5999999999998799              0.8999999999993697              1.6666666666670000              1.6666666666670000
       0.95750000               1.0000007532859574              0.9999999999999998              0.5999999999998805              0.8999999999993707              1.6666666666670000              1.6666666666670000
       0.96250000               1.0000005162325469              0.9999999999999996              0.5999999999998802              0.8999999999993702              1.6666666666670000              1.6666666666670000
       0.96750000               1.0000003520158187              0.9999999999999993              0.5999999999998804              0.8999999999993706              1.6666666666670000              1.6666666666670000
       0.97250000               1.0000002388418510              1.0000000000000007              0.5999999999998790              0.8999999999993683              1.6666666666670000              1.6666666666670000
       0.97750000               1.0000001612463882              1.0000000000000000              0.5999999999998793              0.8999999999993689              1.6666666666670000              1.6666666666670000
       0.98250000               1.0000001083180461              1.0000000000000000              0.5999999999998800              0.8999999999993700              1.6666666666670000              1.6666666666670000
       0.98750000               1.0000000724008529              1.0000000000000000              0.5999999999998804              0.8999999999993706              1.6666666666670000              1.6666666666670000
       0.99250000               1.0000000481523730              1.0000000000000009              0.5999999999998789              0.8999999999993683              1.6666666666670000              1.6666666666670000
       0.99750000               1.0000000318655757              0.9999999999999996              0.5999999999998802              0.8999999999993703              1.6666666666670000              1.6666666666670000
