       0.00250000               0.9998983540358563             -0.0000031956335725              1.0000041255945582              1.5000061883910873              1.6666666666670000              1.6666666666670000
       0.00750000               0.9998981057354246             -0.0000048124498012              1.0000062127005285              1.5000093190500425              1.6666666666670000              1.6666666666670000
       0.01250000               0.9998983844043381             -0.0000053734606909              1.0000069368305828              1.5000104052451242              1.6666666666670000              1.6666666666670000
       0.01750000               0.9998984637928044             -0.0000049342630777              1.0000063697774129              1.5000095546653693              1.6666666666670000              1.6666666666670000
       0.02250000               0.9998972982993130             -0.0000038607136462              1.0000049838636738              1.5000074757947606              1.6666666666670000              1.6666666666670000
       0.02750000               0.9998952950456030             -0.0000025063251924              1.0000032354627606              1.5000048531933907              1.6666666666670000              1.6666666666670000
       0.03250000               0.9998936811932219             -0.0000012715990733              1.0000016415784936              1.5000024623669903              1.6666666666670000              1.6666666666670000
       0.03750000               0.9998920311263547             -0.0000005062159076              1.0000006535979729              1.5000009803962091              1.6666666666670000              1.6666666666670000
       0.04250000               0.9998909564211206             -0.0000004322172995              1.0000005581320581              1.5000008371973370              1.6666666666670000              1.6666666666670000
       0.04750000               0.9998911941510507             -0.0000009861162348              1.0000012732061623              1.5000019098084931              1.6666666666670000              1.6666666666670000
       0.05250000               0.9998916560388273             -0.0000019807285180              1.0000025571895399              1.5000038357835597              1.6666666666670000              1.6666666666670000
       0.05750000               0.9998918952352654             -0.0000031600154754              1.0000040795707128              1.5000061193553194              1.6666666666670000              1.6666666666670000
       0.06250000               0.9998931853728724             -0.0000041641751421              1.0000053758773664              1.5000080638152995              1.6666666666670000              1.6666666666670000
       0.06750000               0.9998934203768235             -0.0000045950555565              1.0000059321290340              1.5000088981928010              1.6666666666670000              1.6666666666670000
       0.07250000               0.9998917963832903             -0.0000039481199826              1.0000050970142007              1.5000076455205509              1.6666666666670000              1.6666666666670000
       0.07750000               0.9998916491698163             -0.0000026118037972              1.0000033719960266              1.5000050579932898              1.6666666666670000              1.6666666666670000
       0.08250000               0.9998915731389449             -0.0000013874056054              1.0000017915298385              1.5000026872940078              1.6666666666670000              1.6666666666670000
       0.08750000               0.9998909038330787             -0.0000009251157360              1.0000011950232413              1.5000017925341116              1.6666666666670000              1.6666666666670000
       0.09250000               0.9998915216578345             -0.0000012145654780              1.0000015691829049              1.5000023537736074              1.6666666666670000              1.6666666666670000
       0.09750000               0.9998926754535143             -0.0000019409343824              1.0000025076897887              1.5000037615339330              1.6666666666670000              1.6666666666670000
       0.10250000               0.9998925762020708             -0.0000028104588968              1.0000036314020586              1.5000054471023379              1.6666666666670000              1.6666666666670000
       0.10750000               0.9998921685220543             -0.0000035090360777              1.0000045349683471              1.5000068024517708              1.6666666666670000              1.6666666666670000
       0.11250000               0.9998920967649275             -0.0000038447877224              1.0000049709528358              1.5000074564285037              1.6666666666670000              1.6666666666670000
       0.11750000               0.9998917043722371             -0.0000038009772084              1.0000049181991582              1.5000073772979874              1.6666666666670000              1.6666666666670000
       0.12250000               0.9998906676771454             -0.0000033749293724              1.0000043739364157              1.5000065609038735              1.6666666666670000              1.6666666666670000
       0.12750000               0.9998897477863465             -0.0000024925922237              1.0000032435472404              1.5000048653201103              1.6666666666670000              1.6666666666670000
       0.13250000               0.9998883565832061             -0.0000012223695208              1.0000016167164461              1.5000024250739190              1.6666666666670000              1.6666666666670000
       0.13750000               0.9998868817481511              0.0000001260362400              0.9999998952006779              1.4999998428002668              1.6666666666670000              1.6666666666670000
       0.14250000               0.9998865753575870              0.0000010924234442              0.9999986758625529              1.4999980137930791              1.6666666666670000              1.6666666666670000
       0.14750000               0.9998861531963477              0.0000011153710794              0.9999986874183922              1.4999980311268379              1.6666666666670000              1.6666666666670000
       0.15250000               0.9998866512951841             -0.0000004240873399              1.0000007345506414              1.5000011018252120              1.6666666666670000              1.6666666666670000
       0.15750000               0.9998893756288953             -0.0000026400104010              1.0000036815781754              1.5000055223665132              1.6666666666670000              1.6666666666670000
       0.16250000               0.9998912922289729             -0.0000043473080473              1.0000060098751933              1.5000090148120400              1.6666666666670000              1.6666666666670000
       0.16750000               0.9998909774281162             -0.0000047996638041              1.0000067716779424              1.5000101575161637              1.6666666666670000              1.6666666666670000
       0.17250000               0.9998915480669714             -0.0000042522971141              1.0000063182102106              1.5000094773145656              1.6666666666670000              1.6666666666670000
       0.17750000               0.9998918732928139             -0.0000030579243156              1.0000051347881942              1.5000077021815414              1.6666666666670000              1.6666666666670000
       0.18250000               0.9998910339823315             -0.0000015518574370              1.0000036953503662              1.5000055430247994              1.6666666666670000              1.6666666666670000
       0.18750000               0.9998905434942857             -0.0000000890873343              1.0000025140906255              1.5000037711351881              1.6666666666670000              1.6666666666670000
       0.19250000               0.9998904282784291              0.0000011000142193              1.0000019641110853              1.5000029461658779              1.6666666666670000              1.6666666666670000
       0.19750000               0.9998895905786813              0.0000019179917392              1.0000022731147953              1.5000034096714427              1.6666666666670000              1.6666666666670000
       0.20250000               0.9998893553400375              0.0000022788197658              1.0000036884735757              1.5000055327096136              1.6666666666670000              1.6666666666670000
       0.20750000               0.9998907189351175              0.0000020884999966              1.0000065127963615              1.5000097691937924              1.6666666666670000              1.6666666666670000
       0.21250000               0.9998926458749215              0.0000016714707846              1.0000105667775534              1.5000158501655800              1.6666666666670000              1.6666666666670000
       0.21750000               0.9998950835020266              0.0000017465168153              1.0000152369917679              1.5000228554869017              1.6666666666670000              1.6666666666670000
       0.22250000               0.9998981196998151              0.0000032221986820              1.0000197607550223              1.5000296411317833              1.6666666666670000              1.6666666666670000
       0.22750000               0.9998995955270359              0.0000072996995985              1.0000231189223237              1.5000346783827354              1.6666666666670000              1.6666666666670000
       0.23250000               0.9999010160878967              0.0000137549535674              1.0000262847308725              1.5000394270955588              1.6666666666670000              1.6666666666670000
       0.23750000               0.9999046576950534              0.0000216170284128              1.0000313855783445              1.5000470783667665              1.6666666666670000              1.6666666666670000
       0.24250000               0.9999095563336522              0.0000304496607520              1.0000400931621620              1.5000601397424931              1.6666666666670000              1.6666666666670000
       0.24750000               0.9999165978805479              0.0000407548688126              1.0000531544468390              1.5000797316695085              1.6666666666670000              1.6666666666670000
       0.25250000               0.9999281938737042              0.0000536083134196              1.0000709220643731              1.5001063830958095              1.6666666666670000              1.6666666666670000
       0.25750000               0.9999430510365146              0.0000700948858638              1.0000941498386671              1.5001412247572505              1.6666666666670000              1.6666666666670000
       0.26250000               0.9999605307156133              0.0000915065495877              1.0001238101566610              1.5001857152342410              1.6666666666670000              1.6666666666670000
       0.26750000               0.9999840319861922              0.0001192544565854              1.0001612840995111              1.5002419261485163              1.6666666666670000              1.6666666666670000
       0.27250000               1.0000131269502235              0.0001548429927990              1.0002084715377679              1.5003127073059017              1.6666666666670000              1.6666666666670000
       0.27750000               1.0000480451627354              0.0002000502526130              1.0002676291291961              1.5004014436930440              1.6666666666670000              1.6666666666670000
       0.28250000               1.0000920106958469              0.0002570572942130              1.0003412621465222              1.5005118932190331              1.6666666666670000              1.6666666666670000
       0.28750000               1.0001463843082867              0.0003288794897148              1.0004316046332193              1.5006474069490785              1.6666666666670000              1.6666666666670000
       0.29250000               1.0002121067637186              0.0004183123122232              1.0005419863578509              1.5008129795360259              1.6666666666670000              1.6666666666670000
       0.29750000               1.0002925622976286              0.0005271716164088              1.0006777789930288              1.5010166684887924              1.6666666666670000              1.6666666666670000
       0.30250000               1.0003922191418586              0.0006575555476895              1.0008446824283097              1.5012670236417140              1.6666666666670000              1.6666666666670000
       0.30750000               1.0005137966321109              0.0008121059952732              1.0010482480282199              1.5015723720415788              1.6666666666670000              1.6666666666670000
       0.31250000               1.0006592067333628              0.0009957120127356              1.0012914835893878              1.5019372253833307              1.6666666666670000              1.6666666666670000
       0.31750000               1.0008307349270453              0.0012133385726451              1.0015774162469071              1.5023661243696096              1.6666666666670000              1.6666666666670000
       0.32250000               1.0010296848077496              0.0014690957943557              1.0019100201080460              1.5028650301613173              1.6666666666670000              1.6666666666670000
       0.32750000               1.0012593571561235              0.0017660822632967              1.0022941300469153              1.5034411950696212              1.6666666666670000              1.6666666666670000
       0.33250000               1.0015236571720225              0.0021072190669300              1.0027340835103740              1.5041011252648089              1.6666666666670000              1.6666666666670000
       0.33750000               1.0018227737686360              0.0024951728689845              1.0032335677154900              1.5048503515724825              1.6666666666670000              1.6666666666670000
       0.34250000               1.0021585411043121              0.0029321587788182              1.0037956715115242              1.5056935072665332              1.6666666666670000              1.6666666666670000
       0.34750000               1.0025350723258115              0.0034197711238720              1.0044229682872581              1.5066344524301338              1.6666666666670000              1.6666666666670000
       0.35250000               1.0029520483902477              0.0039588623329444              1.0051176034329883              1.5076764051487286              1.6666666666670000              1.6666666666670000
       0.35750000               1.0034090941337037              0.0045495760200356              1.0058812494896727              1.5088218742337547              1.6666666666670000              1.6666666666670000
       0.36250000               1.0039092901560669              0.0051908046911935              1.0067158727502477              1.5100738091246164              1.6666666666670000              1.6666666666670000
       0.36750000               1.0044517863928835              0.0058818352468419              1.0076217109017802              1.5114325663519146              1.6666666666670000              1.6666666666670000
       0.37250000               1.0050327660748308              0.0066244296947692              1.0085947026629294              1.5128920539936375              1.6666666666670000              1.6666666666670000
       0.37750000               1.0056518411022348              0.0074191117250989              1.0096314696647182              1.5144472044963200              1.6666666666670000              1.6666666666670000
       0.38250000               1.0063083541477544              0.0082644668641085              1.0107304019453376              1.5160956029172483              1.6666666666670000              1.6666666666670000
       0.38750000               1.0070008340070169              0.0091582719785886              1.0118903606811804              1.5178355410210118              1.6666666666670000              1.6666666666670000
       0.39250000               1.0077278181592442              0.0100980331254996              1.0131101340986921              1.5196652011472782              1.6666666666670000              1.6666666666670000
       0.39750000               1.0084900407437432              0.0110808114426388              1.0143888063820752              1.5215832095723520              1.6666666666670000              1.6666666666670000
       0.40250000               1.0092860682012768              0.0121042250972673              1.0157245697759458              1.5235868546631568              1.6666666666670000              1.6666666666670000
       0.40750000               1.0101136703695270              0.0131668333037552              1.0171143140466397              1.5256714710691968              1.6666666666670000              1.6666666666670000
       0.41250000               1.0109716655576724              0.0142669691146238              1.0185552308767014              1.5278328463142881              1.6666666666670000              1.6666666666670000
       0.41750000               1.0118579567891104              0.0154027642270393              1.0200448437928236              1.5300672656884704              1.6666666666670000              1.6666666666670000
       0.42250000               1.0127712844159207              0.0165719903792386              1.0215812652223966              1.5323718978328289              1.6666666666670000              1.6666666666670000
       0.42750000               1.0137117157066302              0.0177724202318329              1.0231627614167245              1.5347441421243191              1.6666666666670000              1.6666666666670000
       0.43250000               1.0146763460193771              0.0190031477955929              1.0247860387139238              1.5371790580701170              1.6666666666670000              1.6666666666670000
       0.43750000               1.0156619486054344              0.0202634064894149              1.0264477982409426              1.5396716973606439              1.6666666666670000              1.6666666666670000
       0.44250000               1.0166694919752373              0.0215525138067662              1.0281448266403610              1.5422172399597704              1.6666666666670000              1.6666666666670000
       0.44750000               1.0176965887620681              0.0228687936473622              1.0298754162138097              1.5448131243199423              1.6666666666670000              1.6666666666670000
       0.45250000               1.0187424968010674              0.0242088154672488              1.0316403811070896              1.5474605716598606              1.6666666666670000              1.6666666666670000
       0.45750000               1.0198091047148719              0.0255685485614010              1.0334415431887694              1.5501623147823791              1.6666666666670000              1.6666666666670000
       0.46250000               1.0208944655307426              0.0269477846227793              1.0352758625301193              1.5529137937944026              1.6666666666670000              1.6666666666670000
       0.46750000               1.0219953571879847              0.0283468250485889              1.0371397917811935              1.5557096876710124              1.6666666666670000              1.6666666666670000
       0.47250000               1.0231113358599082              0.0297655719747737              1.0390304759394764              1.5585457139084355              1.6666666666670000              1.6666666666670000
       0.47750000               1.0242418025355484              0.0312032989404734              1.0409460535791553              1.5614190803679520              1.6666666666670000              1.6666666666670000
       0.48250000               1.0253855129143199              0.0326585599144240              1.0428857748881832              1.5643286623314925              1.6666666666670000              1.6666666666670000
       0.48750000               1.0265424039948483              0.0341286826095244              1.0448506757472704              1.5672760136201220              1.6666666666670000              1.6666666666670000
       0.49250000               1.0277120863803630              0.0356139315750620              1.0468380089956044              1.5702570134926213              1.6666666666670000              1.6666666666670000
       0.49750000               1.0288926525782029              0.0371139804187561              1.0488459354463724              1.5732689031687721              1.6666666666670000              1.6666666666670000
       0.50250000               1.0300836361822001              0.0386280549656843              1.0508733273675623              1.5763099910505551              1.6666666666670000              1.6666666666670000
       0.50750000               1.0312855332357571              0.0401549043287773              1.0529198077139090              1.5793797115700738              1.6666666666670000              1.6666666666670000
       0.51250000               1.0324975310553888              0.0416927601917754              1.0549857994363843              1.5824786991537851              1.6666666666670000              1.6666666666670000
       0.51750000               1.0337213679017867              0.0432382141725855              1.0570740396116403              1.5856110594166675              1.6666666666670000              1.6666666666670000
       0.52250000               1.0349571330866301              0.0447912291893216              1.0591828203710236              1.5887742305557411              1.6666666666670000              1.6666666666670000
       0.52750000               1.0362008124488424              0.0463544080239249              1.0613069302168956              1.5919603953245476              1.6666666666670000              1.6666666666670000
       0.53250000               1.0374492410086604              0.0479291690241119              1.0634427962404822              1.5951641943599260              1.6666666666670000              1.6666666666670000
       0.53750000               1.0387051766271789              0.0495140495016260              1.0655908110691117              1.5983862166028684              1.6666666666670000              1.6666666666670000
       0.54250000               1.0399677051063567              0.0511079992359570              1.0677508710180992              1.6016263065263479              1.6666666666670000              1.6666666666670000
       0.54750000               1.0412362104528936              0.0527090006066761              1.0699242453540696              1.6048863680303020              1.6666666666670000              1.6666666666670000
       0.55250000               1.0425119349692493              0.0543151253422316              1.0721121434846790              1.6081682152262142              1.6666666666670000              1.6666666666670000
       0.55750000               1.0437935103379483              0.0559265013012668              1.0743130155714211              1.6114695233563259              1.6666666666670000              1.6666666666670000
       0.56250000               1.0450804249029852              0.0575432640616618              1.0765253345448575              1.6147880018164789              1.6666666666670000              1.6666666666670000
       0.56750000               1.0463735041863886              0.0591651811834006              1.0787480974355821              1.6181221461525641              1.6666666666670000              1.6666666666670000
       0.57250000               1.0476713054436799              0.0607916845645176              1.0809808000796988              1.6214712001187375              1.6666666666670000              1.6666666666670000
       0.57750000               1.0489727197677574              0.0624212808942475              1.0832242097690710              1.6248363146527940              1.6666666666670000              1.6666666666670000
       0.58250000               1.0502816393342413              0.0640528715452191              1.0854786041066296              1.6282179061591300              1.6666666666670000              1.6666666666670000
       0.58750000               1.0515931699030778              0.0656881072811670              1.0877404632104053              1.6316106948147922              1.6666666666670000              1.6666666666670000
       0.59250000               1.0529048758040922              0.0673280810635367              1.0900070259628656              1.6350105389434808              1.6666666666670000              1.6666666666670000
       0.59750000               1.0542187175232678              0.0689737516735894              1.0922757152412506              1.6384135728610567              1.6666666666670000              1.6666666666670000
       0.60250000               1.0555339971022666              0.0706223047713411              1.0945491464450419              1.6418237196667416              1.6666666666670000              1.6666666666670000
       0.60750000               1.0568507307833301              0.0722698337974435              1.0968315230726737              1.6452472846081878              1.6666666666670000              1.6666666666670000
       0.61250000               1.0581758785963566              0.0739143363030605              1.0991243250158895              1.6486864875230098              1.6666666666670000              1.6666666666670000
       0.61750000               1.0595037043199398              0.0755579997396319              1.1014233247173850              1.6521349870752513              1.6666666666670000              1.6666666666670000
       0.62250000               1.0608297580188948              0.0772022334144991              1.1037251690000269              1.6555877534992127              1.6666666666670000              1.6666666666670000
       0.62750000               1.0621569469573282              0.0788476567687325              1.1060276676348977              1.6590415014515167              1.6666666666670000              1.6666666666670000
       0.63250000               1.0634832724282359              0.0804935450942593              1.1083304826490683              1.6624957239727711              1.6666666666670000              1.6666666666670000
       0.63750000               1.0648065836238809              0.0821382376925707              1.1106343432393599              1.6659515148582069              1.6666666666670000              1.6666666666670000
       0.64250000               1.0661338350485445              0.0837784730172664              1.1129426332082628              1.6694139498115594              1.6666666666670000              1.6666666666670000
       0.64750000               1.0674600407512274              0.0854155690825716              1.1152515718878884              1.6728773578309959              1.6666666666670000              1.6666666666670000
       0.65250000               1.0687765407377738              0.0870518040967902              1.1175568512665999              1.6763352768990614              1.6666666666670000              1.6666666666670000
       0.65750000               1.0700920285275186              0.0886879449725485              1.1198548040959373              1.6797822061430661              1.6666666666670000              1.6666666666670000
       0.66250000               1.0714044016426860              0.0903200204587847              1.1221499300470694              1.6832248950697621              1.6666666666670000              1.6666666666670000
       0.66750000               1.0727064467694534              0.0919439994465287              1.1244449210543990              1.6866673815807551              1.6666666666670000              1.6666666666670000
       0.67250000               1.0739903642267075              0.0935558351869002              1.1267434979973483              1.6901152469951772              1.6666666666670000              1.6666666666670000
       0.67750000               1.0752808921023320              0.0951568217548039              1.1290440025920396              1.6935660038872125              1.6666666666670000              1.6666666666670000
       0.68250000               1.0765764635791220              0.0967588205622160              1.1313280698193227              1.6969921047281353              1.6666666666670000              1.6666666666670000
       0.68750000               1.0778907968545135              0.0983582918104859              1.1336051125979820              1.7004076688961225              1.6666666666670000              1.6666666666670000
       0.69250000               1.0791914231175272              0.0999485182179171              1.1358638904781482              1.7037958357163703              1.6666666666670000              1.6666666666670000
       0.69750000               1.0804808603205740              0.1015225524515550              1.1381114599249120              1.7071671898865144              1.6666666666670000              1.6666666666670000
       0.70250000               1.0817612889426871              0.1030700900303396              1.1403283394483843              1.7104925091717211              1.6666666666670000              1.6666666666670000
       0.70750000               1.0830222595801535              0.1045765121828991              1.1424870024306872              1.7137305036451738              1.6666666666670000              1.6666666666670000
       0.71250000               1.0842499597818220              0.1060748888710717              1.1446395767035469              1.7169593650544619              1.6666666666670000              1.6666666666670000
       0.71750000               1.0856133832768906              0.1077405511129438              1.1470537603716313              1.7205806405565867              1.6666666666670000              1.6666666666670000
       0.72250000               1.0872622161241916              0.1097618289375025              1.1499557188752976              1.7249335783120838              1.6666666666670000              1.6666666666670000
       0.72750000               1.0888931337526389              0.1117957610551953              1.1528374730578175              1.7292562095858615              1.6666666666670000              1.6666666666670000
       0.73250000               1.0898442508528614              0.1129067116578738              1.1545213123591604              1.7317819685378746              1.6666666666670000              1.6666666666670000
       0.73750000               1.0895267320219952              0.1124282990148169              1.1539438301817442              1.7309157452717510              1.6666666666670000              1.6666666666670000
       0.74250000               1.0847859267663675              0.1068166626718691              1.1456182166552493              1.7184273249820146              1.6666666666670000              1.6666666666670000
       0.74750000               1.0722011666394493              0.0912598651822232              1.1235289727371540              1.6852934591048885              1.6666666666670000              1.6666666666670000
       0.75250000               1.0449336128158391              0.0572663739563476              1.0762353967688600              1.6143530951524827              1.6666666666670000              1.6666666666670000
       0.75750000               1.0158786689242043              0.0204445106838137              1.0267375353446091              1.5401063030161437              1.6666666666670000              1.6666666666670000
       0.76250000               1.0038814368106661              0.0051014767153931              1.0066088420047157              1.5099132630063183              1.6666666666670000              1.6666666666670000
       0.76750000               1.0011918661067700              0.0016379888028421              1.0021206675099699              1.5031810012642033              1.6666666666670000              1.6666666666670000
       0.77250000               1.0004334003366533              0.0006613701127492              1.0008567419122505              1.5012851128676250              1.6666666666670000              1.6666666666670000
       0.77750000               1.0001940856835501              0.0003533984134205              1.0004586358215608              1.5006879537315909              1.6666666666670000              1.6666666666670000
       0.78250000               1.0001055193403940              0.0002355549581429              1.0003080899630896              1.5004621349438843              1.6666666666670000              1.6666666666670000
       0.78750000               1.0000660267655652              0.0001753700677221              1.0002335883446223              1.5003503825161830              1.6666666666670000              1.6666666666670000
       0.79250000               1.0000378771024176              0.0001349811104537              1.0001848391893835              1.5002772587833249              1.6666666666670000              1.6666666666670000
       0.79750000               1.0000112037530062              0.0001024786911663              1.0001451844581060              1.5002177766864089              1.6666666666670000              1.6666666666670000
       0.80250000               0.9999880474667158              0.0000758393079187              1.0001110237953572              1.5001665356922855              1.6666666666670000              1.6666666666670000
       0.80750000               0.9999698747852027              0.0000558519594975              1.0000837348201246              1.5001256022294367              1.6666666666670000              1.6666666666670000
       0.81250000               0.9999558924875902              0.0000419672393955              1.0000632292289755              1.5000948438427133              1.6666666666670000              1.6666666666670000
       0.81750000               0.9999454713210802              0.0000321370300581              1.0000475196673302              1.5000712795002451              1.6666666666670000              1.6666666666670000
       0.82250000               0.9999379489570153              0.0000246322253052              1.0000350896982639              1.5000526345466461              1.6666666666670000              1.6666666666670000
       0.82750000               0.9999321551218723              0.0000186079831562              1.0000255396830255              1.5000383095237886              1.6666666666670000              1.6666666666670000
       0.83250000               0.9999268905474341              0.0000135622388019              1.0000189615379926              1.5000284423062389              1.6666666666670000              1.6666666666670000
       0.83750000               0.9999231792654885              0.0000090385852675              1.0000151837991593              1.5000227756979889              1.6666666666670000              1.6666666666670000
       0.84250000               0.9999210679592226              0.0000049923774336              1.0000133089346539              1.5000199634012310              1.6666666666670000              1.6666666666670000
       0.84750000               0.9999189547148210              0.0000016270197482              1.0000123362281552              1.5000185043414829              1.6666666666670000              1.6666666666670000
       0.85250000               0.9999170832588665             -0.0000006978233128              1.0000113646597590              1.5000170469888885              1.6666666666670000              1.6666666666670000
       0.85750000               0.9999161027247365             -0.0000017246239996              1.0000097711457954              1.5000146567179431              1.6666666666670000              1.6666666666670000
       0.86250000               0.9999150154774050             -0.0000018538474308              1.0000078177899518              1.5000117266841777              1.6666666666670000              1.6666666666670000
       0.86750000               0.9999125411799860             -0.0000014710050352              1.0000057832807254              1.5000086749203381              1.6666666666670000              1.6666666666670000
       0.87250000               0.9999094438099043             -0.0000010576085402              1.0000041294349649              1.5000061941516971              1.6666666666670000              1.6666666666670000
       0.87750000               0.9999074192607126             -0.0000010283508389              1.0000032827016030              1.5000049240516544              1.6666666666670000              1.6666666666670000
       0.88250000               0.9999056828126706             -0.0000014473859135              1.0000032455889396              1.5000048683826595              1.6666666666670000              1.6666666666670000
       0.88750000               0.9999027225806375             -0.0000021530587160              1.0000037458353532              1.5000056187522799              1.6666666666670000              1.6666666666670000
       0.89250000               0.9998993357585800             -0.0000029905867440              1.0000045354017784              1.5000068031019176              1.6666666666670000              1.6666666666670000
       0.89750000               0.9998955359106969             -0.0000037802221351              1.0000053482574704              1.5000080223854555              1.6666666666670000              1.6666666666670000
       0.90250000               0.9998881240967709             -0.0000043577819524              1.0000059487204733              1.5000089230799598              1.6666666666670000              1.6666666666670000
       0.90750000               0.9998812103774444             -0.0000045940338925              1.0000061525746071              1.5000092288611606              1.6666666666670000              1.6666666666670000
       0.91250000               0.9998826600644299             -0.0000043052440784              1.0000057096397768              1.5000085644589147              1.6666666666670000              1.6666666666670000
       0.91750000               0.9998884837722768             -0.0000034424528287              1.0000045473208192              1.5000068209804789              1.6666666666670000              1.6666666666670000
       0.92250000               0.9998910047720498             -0.0000022654068311              1.0000029944278639              1.5000044916410458              1.6666666666670000              1.6666666666670000
       0.92750000               0.9998945172821704             -0.0000011308043844              1.0000015069092341              1.5000022603631011              1.6666666666670000              1.6666666666670000
       0.93250000               0.9999002541892955             -0.0000004343487096              1.0000005923639921              1.5000008885452381              1.6666666666670000              1.6666666666670000
       0.93750000               0.9999080063362994             -0.0000007074441370              1.0000009344744358              1.5000014017109038              1.6666666666670000              1.6666666666670000
       0.94250000               0.9999109534408966             -0.0000020471126061              1.0000026568673224              1.5000039853002334              1.6666666666670000              1.6666666666670000
       0.94750000               0.9999109847568535             -0.0000037879393075              1.0000048994156290              1.5000073491226935              1.6666666666670000              1.6666666666670000
       0.95250000               0.9999099035268320             -0.0000053262151114              1.0000068820302961              1.5000103230446939              1.6666666666670000              1.6666666666670000
       0.95750000               0.9999087559851124             -0.0000061988811832              1.0000080064288275              1.5000120096424914              1.6666666666670000              1.6666666666670000
       0.96250000               0.9999080763529208             -0.0000061817574708              1.0000079828584147              1.5000119742868718              1.6666666666670000              1.6666666666670000
       0.96750000               0.9999074672560230             -0.0000053931079584              1.0000069637588462              1.5000104456375192              1.6666666666670000              1.6666666666670000
       0.97250000               0.9999059205922037             -0.0000040286112143              1.0000052016362864              1.5000078024536794              1.6666666666670000              1.6666666666670000
       0.97750000               0.9999016583875961             -0.0000023583652101              1.0000030451226343              1.5000045676832015              1.6666666666670000              1.6666666666670000
       0.98250000               0.9998982762198079             -0.0000007657283024              1.0000009889930699              1.5000014834888546              1.6666666666670000              1.6666666666670000
       0.98750000               0.9998968938429522              0.0000002827863565              0.9999996353683586              1.4999994530517877              1.6666666666670000              1.6666666666670000
       0.99250000               0.9998968304163204              0.0000001676740160              0.9999997839229121              1.4999996758836180              1.6666666666670000              1.6666666666670000
       0.99750000               0.9998976785784791             -0.0000012421949929              1.0000016039127715              1.5000024058684072              1.6666666666670000              1.6666666666670000
