       0.00250000               1.0558840809045826              0.0648698056416381              1.0792601919579661              2.6981504798949159              1.3999999999999999              1.3999999999999999
       0.00750000               1.0571460624853171              0.0663069034534813              1.0810677437808971              2.7026693594522433              1.3999999999999999              1.3999999999999999
       0.01250000               1.0584145729470489              0.0677411890814535              1.0828828413157587              2.7072071032893970              1.3999999999999999              1.3999999999999999
       0.01750000               1.0596854433015912              0.0691721606965019              1.0847053242403428              2.7117633106008574              1.3999999999999999              1.3999999999999999
       0.02250000               1.0609580411465986              0.0706027969907343              1.0865303892610376              2.7163259731525948              1.3999999999999999              1.3999999999999999
       0.02750000               1.0622310166579607              0.0720349675398405              1.0883548752565864              2.7208871881414667              1.3999999999999999              1.3999999999999999
       0.03250000               1.0634995619713397              0.0734693503898067              1.0901767746995803              2.7254419367489513              1.3999999999999999              1.3999999999999999
       0.03750000               1.0647673223991838              0.0749036815157662              1.0919981050480354              2.7299952626200894              1.3999999999999999              1.3999999999999999
       0.04250000               1.0660383209842950              0.0763353945803242              1.0938211204664348              2.7345528011660880              1.3999999999999999              1.3999999999999999
       0.04750000               1.0673077750449731              0.0777632759760847              1.0956460161513559              2.7391150403783904              1.3999999999999999              1.3999999999999999
       0.05250000               1.0685752408508582              0.0791881673929278              1.0974711222649787              2.7436778056624473              1.3999999999999999              1.3999999999999999
       0.05750000               1.0698443832463109              0.0806096062768022              1.0992945895127526              2.7482364737818821              1.3999999999999999              1.3999999999999999
       0.06250000               1.0711108897760617              0.0820281889937377              1.1011155534359878              2.7527888835899703              1.3999999999999999              1.3999999999999999
       0.06750000               1.0723697453678060              0.0834430594144117              1.1029323518313430              2.7573308795783582              1.3999999999999999              1.3999999999999999
       0.07250000               1.0736312765440534              0.0848536154004090              1.1047467361157048              2.7618668402892625              1.3999999999999999              1.3999999999999999
       0.07750000               1.0748939110481570              0.0862569556889374              1.1065638466742589              2.7664096166856478              1.3999999999999999              1.3999999999999999
       0.08250000               1.0761496203259326              0.0876544416783608              1.1083806128896041              2.7709515322240108              1.3999999999999999              1.3999999999999999
       0.08750000               1.0774051193531444              0.0890495836243755              1.1101883012751226              2.7754707531878067              1.3999999999999999              1.3999999999999999
       0.09250000               1.0786426316578832              0.0904355335858877              1.1119717790167247              2.7799294475418121              1.3999999999999999              1.3999999999999999
       0.09750000               1.0798591231409178              0.0918042153886706              1.1137344111103111              2.7843360277757783              1.3999999999999999              1.3999999999999999
       0.10250000               1.0810534972729537              0.0931346692951000              1.1154566778600854              2.7886416946502139              1.3999999999999999              1.3999999999999999
       0.10750000               1.0822412420075311              0.0944539926050152              1.1171702771746213              2.7929256929365538              1.3999999999999999              1.3999999999999999
       0.11250000               1.0835412225902503              0.0959022718690861              1.1190547931225301              2.7976369828063259              1.3999999999999999              1.3999999999999999
       0.11750000               1.0851186438565454              0.0976273645241760              1.1213348591932211              2.8033371479830533              1.3999999999999999              1.3999999999999999
       0.12250000               1.0868137994584672              0.0994867786080698              1.1237811972408964              2.8094529931022416              1.3999999999999999              1.3999999999999999
       0.12750000               1.0879423931721375              0.1007819531998994              1.1254201588932413              2.8135503972331040              1.3999999999999999              1.3999999999999999
       0.13250000               1.0880285167112305              0.1008991347303842              1.1255523344538891              2.8138808361347234              1.3999999999999999              1.3999999999999999
       0.13750000               1.0854907741180939              0.0979765212912394              1.1218642308038518              2.8046605770096300              1.3999999999999999              1.3999999999999999
       0.14250000               1.0759984234766997              0.0875612310455574              1.1081678238279709              2.7704195595699281              1.3999999999999999              1.3999999999999999
       0.14750000               1.0552470648125312              0.0641291935743093              1.0783380263408111              2.6958450658520285              1.3999999999999999              1.3999999999999999
       0.15250000               1.0252233889593803              0.0295775155389939              1.0355841382000914              2.5889603455002290              1.3999999999999999              1.3999999999999999
       0.15750000               1.0065806350958348              0.0078714004827791              1.0093037241253924              2.5232593103134815              1.3999999999999999              1.3999999999999999
       0.16250000               1.0018438823845215              0.0022900934674627              1.0026656751572174              2.5066641878930440              1.3999999999999999              1.3999999999999999
       0.16750000               1.0005728673256313              0.0007866510597224              1.0008852916849444              2.5022132292123613              1.3999999999999999              1.3999999999999999
       0.17250000               1.0001973730648934              0.0003402997592917              1.0003589807533242              2.5008974518833109              1.3999999999999999              1.3999999999999999
       0.17750000               1.0000749247692065              0.0001944702381896              1.0001875586905737              2.5004688967264350              1.3999999999999999              1.3999999999999999
       0.18250000               1.0000253155338303              0.0001369436055216              1.0001190158232998              2.5002975395582498              1.3999999999999999              1.3999999999999999
       0.18750000               0.9999998683226101              0.0001079082611803              1.0000827752975636              2.5002069382439096              1.3999999999999999              1.3999999999999999
       0.19250000               0.9999825862134000              0.0000887985373906              1.0000579552494193              2.5001448881235491              1.3999999999999999              1.3999999999999999
       0.19750000               0.9999678257708753              0.0000732218522092              1.0000379778742641              2.5000949446856611              1.3999999999999999              1.3999999999999999
       0.20250000               0.9999560965863563              0.0000598704164671              1.0000217903739592              2.5000544759348986              1.3999999999999999              1.3999999999999999
       0.20750000               0.9999477683264997              0.0000493763603643              1.0000097738197780              2.5000244345494456              1.3999999999999999              1.3999999999999999
       0.21250000               0.9999414638148064              0.0000416642769568              1.0000015417771233              2.5000038544428089              1.3999999999999999              1.3999999999999999
       0.21750000               0.9999369844757503              0.0000358784089584              0.9999957604028908              2.4999894010072277              1.3999999999999999              1.3999999999999999
       0.22250000               0.9999339691479313              0.0000313829783744              0.9999913067301934              2.4999782668254840              1.3999999999999999              1.3999999999999999
       0.22750000               0.9999310469014069              0.0000280086877891              0.9999876620661642              2.4999691551654109              1.3999999999999999              1.3999999999999999
       0.23250000               0.9999284234853445              0.0000258061723098              0.9999845519952479              2.4999613799881204              1.3999999999999999              1.3999999999999999
       0.23750000               0.9999268949646767              0.0000245780542455              0.9999818896742947              2.4999547241857374              1.3999999999999999              1.3999999999999999
       0.24250000               0.9999251544392634              0.0000239727907534              0.9999796303493413              2.4999490758733538              1.3999999999999999              1.3999999999999999
       0.24750000               0.9999232178565750              0.0000236651857786              0.9999777887356968              2.4999444718392425              1.3999999999999999              1.3999999999999999
       0.25250000               0.9999228032600344              0.0000233753391642              0.9999764897808420              2.4999412244521055              1.3999999999999999              1.3999999999999999
       0.25750000               0.9999228922016917              0.0000227866917672              0.9999759889006939              2.4999399722517355              1.3999999999999999              1.3999999999999999
       0.26250000               0.9999225629182235              0.0000218611267497              0.9999762280190668              2.4999405700476678              1.3999999999999999              1.3999999999999999
       0.26750000               0.9999229738739470              0.0000208746769989              0.9999767842903702              2.4999419607259261              1.3999999999999999              1.3999999999999999
       0.27250000               0.9999236098944184              0.0000201391602342              0.9999772158555027              2.4999430396387572              1.3999999999999999              1.3999999999999999
       0.27750000               0.9999230270635490              0.0000199822206594              0.9999770874480451              2.4999427186201135              1.3999999999999999              1.3999999999999999
       0.28250000               0.9999222824581986              0.0000203168771538              0.9999764693293635              2.4999411733234091              1.3999999999999999              1.3999999999999999
       0.28750000               0.9999218473978323              0.0000209081189200              0.9999756140604564              2.4999390351511419              1.3999999999999999              1.3999999999999999
       0.29250000               0.9999208714486855              0.0000215373136324              0.9999747605251498              2.4999369013128749              1.3999999999999999              1.3999999999999999
       0.29750000               0.9999200991723256              0.0000219972469087              0.9999741399539429              2.4999353498848578              1.3999999999999999              1.3999999999999999
       0.30250000               0.9999202859854132              0.0000221477065030              0.9999739088425228              2.4999347721063074              1.3999999999999999              1.3999999999999999
       0.30750000               0.9999201997718661              0.0000219690395139              0.9999740837391708              2.4999352093479277              1.3999999999999999              1.3999999999999999
       0.31250000               0.9999199863477933              0.0000215263001875              0.9999745826295140              2.4999364565737858              1.3999999999999999              1.3999999999999999
       0.31750000               0.9999210242536344              0.0000209079927482              0.9999752971377753              2.4999382428444390              1.3999999999999999              1.3999999999999999
       0.32250000               0.9999219292336510              0.0000202514907015              0.9999760622467875              2.4999401556169691              1.3999999999999999              1.3999999999999999
       0.32750000               0.9999218117928522              0.0000197420439047              0.9999766571194368              2.4999416427985928              1.3999999999999999              1.3999999999999999
       0.33250000               0.9999221488350977              0.0000195804149482              0.9999768430629884              2.4999421076574713              1.3999999999999999              1.3999999999999999
       0.33750000               0.9999221674132499              0.0000200936193136              0.9999762323331879              2.4999405808329702              1.3999999999999999              1.3999999999999999
       0.34250000               0.9999208017314057              0.0000210736040705              0.9999750705067242              2.4999376762668111              1.3999999999999999              1.3999999999999999
       0.34750000               0.9999198048360496              0.0000219728608130              0.9999740049846854              2.4999350124617137              1.3999999999999999              1.3999999999999999
       0.35250000               0.9999196466584437              0.0000223486546935              0.9999735593334915              2.4999338983337296              1.3999999999999999              1.3999999999999999
       0.35750000               0.9999194155296097              0.0000221606108221              0.9999737811501338              2.4999344528753351              1.3999999999999999              1.3999999999999999
       0.36250000               0.9999195463449758              0.0000216232158229              0.9999744165415129              2.4999360413537826              1.3999999999999999              1.3999999999999999
       0.36750000               0.9999203771945795              0.0000209442778031              0.9999752195568767              2.4999380488921923              1.3999999999999999              1.3999999999999999
       0.37250000               0.9999206192879491              0.0000203508529733              0.9999759214949282              2.4999398037373211              1.3999999999999999              1.3999999999999999
       0.37750000               0.9999203717361277              0.0000200125294880              0.9999763216675703              2.4999408041689266              1.3999999999999999              1.3999999999999999
       0.38250000               0.9999208950146121              0.0000199833317820              0.9999763561308950              2.4999408903272382              1.3999999999999999              1.3999999999999999
       0.38750000               0.9999208976155839              0.0000202442848026              0.9999760473236515              2.4999401183091297              1.3999999999999999              1.3999999999999999
       0.39250000               0.9999198307363394              0.0000207714861906              0.9999754235232893              2.4999385588082239              1.3999999999999999              1.3999999999999999
       0.39750000               0.9999195288200613              0.0000214983518405              0.9999745635138048              2.4999364087845128              1.3999999999999999              1.3999999999999999
       0.40250000               0.9999194743296589              0.0000222725058771              0.9999736475654024              2.4999341189135067              1.3999999999999999              1.3999999999999999
       0.40750000               0.9999184676586629              0.0000228670689705              0.9999729441063312              2.4999323602658285              1.3999999999999999              1.3999999999999999
       0.41250000               0.9999181702543236              0.0000230262748109              0.9999727557438071              2.4999318893595182              1.3999999999999999              1.3999999999999999
       0.41750000               0.9999188703455832              0.0000223810799345              0.9999735191111174              2.4999337977777940              1.3999999999999999              1.3999999999999999
       0.42250000               0.9999194270852382              0.0000212546945561              0.9999748518020233              2.4999371295050588              1.3999999999999999              1.3999999999999999
       0.42750000               0.9999198666242886              0.0000202543349324              0.9999760353864500              2.4999400884661256              1.3999999999999999              1.3999999999999999
       0.43250000               0.9999201163461570              0.0000200116355365              0.9999763225425524              2.4999408063563817              1.3999999999999999              1.3999999999999999
       0.43750000               0.9999192216463504              0.0000207856903763              0.9999754067218395              2.4999385168045993              1.3999999999999999              1.3999999999999999
       0.44250000               0.9999176330234860              0.0000219727262984              0.9999740022843460              2.4999350057108654              1.3999999999999999              1.3999999999999999
       0.44750000               0.9999172280031601              0.0000228921470488              0.9999729144813950              2.4999322862034883              1.3999999999999999              1.3999999999999999
       0.45250000               0.9999169472786101              0.0000232907031313              0.9999724429506069              2.4999311073765180              1.3999999999999999              1.3999999999999999
       0.45750000               0.9999162417152869              0.0000233055813463              0.9999724253879443              2.4999310634698615              1.3999999999999999              1.3999999999999999
       0.46250000               0.9999167695815645              0.0000231242370003              0.9999726400200879              2.4999316000502203              1.3999999999999999              1.3999999999999999
       0.46750000               0.9999176454043485              0.0000228374910826              0.9999729794084417              2.4999324485211045              1.3999999999999999              1.3999999999999999
       0.47250000               0.9999175060408971              0.0000225597888005              0.9999733081641488              2.4999332704103723              1.3999999999999999              1.3999999999999999
       0.47750000               0.9999173671944148              0.0000223819726982              0.9999735188335623              2.4999337970839064              1.3999999999999999              1.3999999999999999
       0.48250000               0.9999173640971697              0.0000223483151358              0.9999735590841622              2.4999338977104060              1.3999999999999999              1.3999999999999999
       0.48750000               0.9999170027903742              0.0000224886760169              0.9999733936683303              2.4999334841708265              1.3999999999999999              1.3999999999999999
       0.49250000               0.9999161141420576              0.0000228789633744              0.9999729329016155              2.4999323322540397              1.3999999999999999              1.3999999999999999
       0.49750000               0.9999153538679573              0.0000234904562620              0.9999722109518572              2.4999305273796435              1.3999999999999999              1.3999999999999999
       0.50250000               0.9999145037481212              0.0000241189111523              0.9999714697410667              2.4999286743526672              1.3999999999999999              1.3999999999999999
       0.50750000               0.9999135991271156              0.0000244911073412              0.9999710329257678              2.4999275823144202              1.3999999999999999              1.3999999999999999
       0.51250000               0.9999139253743252              0.0000241248747710              0.9999714715629772              2.4999286789074437              1.3999999999999999              1.3999999999999999
       0.51750000               0.9999149734659966              0.0000228397285503              0.9999730000421030              2.4999325001052579              1.3999999999999999              1.3999999999999999
       0.52250000               0.9999153145062076              0.0000215726544200              0.9999745110010414              2.4999362775026039              1.3999999999999999              1.3999999999999999
       0.52750000               0.9999160541442134              0.0000209766282882              0.9999752336492614              2.4999380841231544              1.3999999999999999              1.3999999999999999
       0.53250000               0.9999163897646876              0.0000210802766085              0.9999751366694025              2.4999378416735070              1.3999999999999999              1.3999999999999999
       0.53750000               0.9999156194374255              0.0000216107364905              0.9999745465431988              2.4999363663579977              1.3999999999999999              1.3999999999999999
       0.54250000               0.9999147047736423              0.0000223414882809              0.9999737364494132              2.4999343411235335              1.3999999999999999              1.3999999999999999
       0.54750000               0.9999139992271120              0.0000230245842949              0.9999730070417766              2.4999325176044418              1.3999999999999999              1.3999999999999999
       0.55250000               0.9999132274143431              0.0000235028776834              0.9999725544751021              2.4999313861877561              1.3999999999999999              1.3999999999999999
       0.55750000               0.9999123017931669              0.0000237798346263              0.9999723888996145              2.4999309722490368              1.3999999999999999              1.3999999999999999
       0.56250000               0.9999119154941263              0.0000238950700026              0.9999724831871603              2.4999312079679012              1.3999999999999999              1.3999999999999999
       0.56750000               0.9999117462433146              0.0000238146469179              0.9999729046794524              2.4999322616986319              1.3999999999999999              1.3999999999999999
       0.57250000               0.9999116757316009              0.0000233673099364              0.9999738932242458              2.4999347330606150              1.3999999999999999              1.3999999999999999
       0.57750000               0.9999123059300783              0.0000226891925614              0.9999753384252270              2.4999383460630682              1.3999999999999999              1.3999999999999999
       0.58250000               0.9999130301600022              0.0000222388763624              0.9999767662631276              2.4999419156578195              1.3999999999999999              1.3999999999999999
       0.58750000               0.9999128087276491              0.0000225304797397              0.9999776606325390              2.4999441515813481              1.3999999999999999              1.3999999999999999
       0.59250000               0.9999121224739933              0.0000243302753529              0.9999772380967167              2.4999430952417923              1.3999999999999999              1.3999999999999999
       0.59750000               0.9999116035776481              0.0000268441073224              0.9999766018545219              2.4999415046363054              1.3999999999999999              1.3999999999999999
       0.60250000               0.9999116236792619              0.0000291444689272              0.9999770651769219              2.4999426629423054              1.3999999999999999              1.3999999999999999
       0.60750000               0.9999123812412242              0.0000309988376641              0.9999791862606223              2.4999479656515566              1.3999999999999999              1.3999999999999999
       0.61250000               0.9999143145170430              0.0000329779491272              0.9999826586008099              2.4999566465020253              1.3999999999999999              1.3999999999999999
       0.61750000               0.9999169718583703              0.0000355786735296              0.9999873714510965              2.4999684286277417              1.3999999999999999              1.3999999999999999
       0.62250000               0.9999198829565994              0.0000394165100709              0.9999932096031583              2.4999830240078964              1.3999999999999999              1.3999999999999999
       0.62750000               0.9999240952485992              0.0000449688641110              1.0000003901472658              2.5000009753681653              1.3999999999999999              1.3999999999999999
       0.63250000               0.9999297785371243              0.0000525452392940              1.0000095367260931              2.5000238418152336              1.3999999999999999              1.3999999999999999
       0.63750000               0.9999370860175864              0.0000626079897115              1.0000213452893338              2.5000533632233353              1.3999999999999999              1.3999999999999999
       0.64250000               0.9999471665064055              0.0000758092657371              1.0000365918396013              2.5000914795990039              1.3999999999999999              1.3999999999999999
       0.64750000               0.9999603747716147              0.0000930494267731              1.0000561203977751              2.5001403009944383              1.3999999999999999              1.3999999999999999
       0.65250000               0.9999770170440428              0.0001153799983534              1.0000810190260319              2.5002025475650802              1.3999999999999999              1.3999999999999999
       0.65750000               0.9999990831886829              0.0001437993717402              1.0001129246099747              2.5002823115249377              1.3999999999999999              1.3999999999999999
       0.66250000               1.0000280265471138              0.0001794091713228              1.0001538988209970              2.5003847470524931              1.3999999999999999              1.3999999999999999
       0.66750000               1.0000651126918891              0.0002234311194550              1.0002064618963846              2.5005161547409624              1.3999999999999999              1.3999999999999999
       0.67250000               1.0001123335477478              0.0002770417832313              1.0002738279055841              2.5006845697639606              1.3999999999999999              1.3999999999999999
       0.67750000               1.0001714101831085              0.0003435551273723              1.0003573395686167              2.5008933489215424              1.3999999999999999              1.3999999999999999
       0.68250000               1.0002428725663308              0.0004268020505956              1.0004583727366509              2.5011459318416276              1.3999999999999999              1.3999999999999999
       0.68750000               1.0003285054470705              0.0005301224152460              1.0005794783528394              2.5014486958820989              1.3999999999999999              1.3999999999999999
       0.69250000               1.0004318418252953              0.0006558528561785              1.0007248949757030              2.5018122374392582              1.3999999999999999              1.3999999999999999
       0.69750000               1.0005559469988310              0.0008062070596441              1.0008993680227400              2.5022484200568504              1.3999999999999999              1.3999999999999999
       0.70250000               1.0007039812137257              0.0009835672188692              1.0011076238862608              2.5027690597156522              1.3999999999999999              1.3999999999999999
       0.70750000               1.0008792550778673              0.0011908972201342              1.0013536671690570              2.5033841679226434              1.3999999999999999              1.3999999999999999
       0.71250000               1.0010837788310767              0.0014316648124738              1.0016406401276201              2.5041016003190508              1.3999999999999999              1.3999999999999999
       0.71750000               1.0013192200553753              0.0017090985326335              1.0019714689254571              2.5049286723136430              1.3999999999999999              1.3999999999999999
       0.72250000               1.0015881589600857              0.0020260792101428              1.0023487768928090              2.5058719422320235              1.3999999999999999              1.3999999999999999
       0.72750000               1.0018922817095679              0.0023848418445192              1.0027750577324073              2.5069376443310190              1.3999999999999999              1.3999999999999999
       0.73250000               1.0022324485446898              0.0027869556442466              1.0032525660392029              2.5081314150980081              1.3999999999999999              1.3999999999999999
       0.73750000               1.0026108060423193              0.0032335568036038              1.0037829647258389              2.5094574118145974              1.3999999999999999              1.3999999999999999
       0.74250000               1.0030278908719874              0.0037254379039220              1.0043671977974427              2.5109179944936071              1.3999999999999999              1.3999999999999999
       0.74750000               1.0034826059248796              0.0042633907841120              1.0050051134313647              2.5125127835784120              1.3999999999999999              1.3999999999999999
       0.75250000               1.0039744560357180              0.0048478115453398              1.0056960054961825              2.5142400137404572              1.3999999999999999              1.3999999999999999
       0.75750000               1.0045048664248284              0.0054770548967789              1.0064406812455444              2.5161017031138613              1.3999999999999999              1.3999999999999999
       0.76250000               1.0050739592101001              0.0061490465394938              1.0072396751418258              2.5180991878545651              1.3999999999999999              1.3999999999999999
       0.76750000               1.0056806856063987              0.0068619424243025              1.0080926028681945              2.5202315071704868              1.3999999999999999              1.3999999999999999
       0.77250000               1.0063227145834905              0.0076162050284175              1.0089958190407813              2.5224895476019538              1.3999999999999999              1.3999999999999999
       0.77750000               1.0069982262551915              0.0084113653535339              1.0099463998834983              2.5248659997087461              1.3999999999999999              1.3999999999999999
       0.78250000               1.0077046702895625              0.0092458972877966              1.0109424120762818              2.5273560301907048              1.3999999999999999              1.3999999999999999
       0.78750000               1.0084418547917708              0.0101178189543752              1.0119823010017923              2.5299557525044811              1.3999999999999999              1.3999999999999999
       0.79250000               1.0092098219441843              0.0110250069620275              1.0130646051091177              2.5326615127727949              1.3999999999999999              1.3999999999999999
       0.79750000               1.0100077048176133              0.0119651422838057              1.0141880897809070              2.5354702244522680              1.3999999999999999              1.3999999999999999
       0.80250000               1.0108352576246447              0.0129364214445719              1.0153509511500907              2.5383773778752272              1.3999999999999999              1.3999999999999999
       0.80750000               1.0116904763492287              0.0139374887092514              1.0165509377746591              2.5413773444366488              1.3999999999999999              1.3999999999999999
       0.81250000               1.0125691582588330              0.0149668535801530              1.0177860727180263              2.5444651817950663              1.3999999999999999              1.3999999999999999
       0.81750000               1.0134722934818037              0.0160229090976301              1.0190546578388633              2.5476366445971590              1.3999999999999999              1.3999999999999999
       0.82250000               1.0143982191394703              0.0171037480706355              1.0203555123961592              2.5508887809903986              1.3999999999999999              1.3999999999999999
       0.82750000               1.0153433397729175              0.0182071545828582              1.0216879863362884              2.5542199658407214              1.3999999999999999              1.3999999999999999
       0.83250000               1.0163088232601376              0.0193326859752771              1.0230494601675508              2.5576236504188778              1.3999999999999999              1.3999999999999999
       0.83750000               1.0172928521196760              0.0204801972484227              1.0244371145731772              2.5610927864329436              1.3999999999999999              1.3999999999999999
       0.84250000               1.0182931065963889              0.0216493575667077              1.0258485078889088              2.5646212697222728              1.3999999999999999              1.3999999999999999
       0.84750000               1.0193085535130131              0.0228392252665486              1.0272820872324606              2.5682052180811521              1.3999999999999999              1.3999999999999999
       0.85250000               1.0203404702907581              0.0240468897689922              1.0287388356637106              2.5718470891592773              1.3999999999999999              1.3999999999999999
       0.85750000               1.0213894801964079              0.0252691128233345              1.0302202906494651              2.5755507266236632              1.3999999999999999              1.3999999999999999
       0.86250000               1.0224533060583008              0.0265055517153751              1.0317246175917569              2.5793115439793928              1.3999999999999999              1.3999999999999999
       0.86750000               1.0235323884660874              0.0277564707822601              1.0332493682557593              2.5831234206393989              1.3999999999999999              1.3999999999999999
       0.87250000               1.0246240527374493              0.0290218563401070              1.0347925453015852              2.5869813632539636              1.3999999999999999              1.3999999999999999
       0.87750000               1.0257264012129315              0.0303013539445637              1.0363526688302183              2.5908816720755463              1.3999999999999999              1.3999999999999999
       0.88250000               1.0268408511534888              0.0315940120137985              1.0379290934893193              2.5948227337232987              1.3999999999999999              1.3999999999999999
       0.88750000               1.0279663817774134              0.0328980814215472              1.0395222453171116              2.5988056132927797              1.3999999999999999              1.3999999999999999
       0.89250000               1.0291029505389018              0.0342125723598107              1.0411317198863530              2.6028292997158831              1.3999999999999999              1.3999999999999999
       0.89750000               1.0302502029863141              0.0355377882225507              1.0427556094631367              2.6068890236578426              1.3999999999999999              1.3999999999999999
       0.90250000               1.0314078482301028              0.0368733460024933              1.0443929247299364              2.6109823118248414              1.3999999999999999              1.3999999999999999
       0.90750000               1.0325714026841766              0.0382186847721694              1.0460429568693139              2.6151073921732850              1.3999999999999999              1.3999999999999999
       0.91250000               1.0337440736554502              0.0395728221491146              1.0477055831931090              2.6192639579827728              1.3999999999999999              1.3999999999999999
       0.91750000               1.0349263677403622              0.0409343777429540              1.0493812393533797              2.6234530983834499              1.3999999999999999              1.3999999999999999
       0.92250000               1.0361166506816188              0.0423008390716983              1.0510718166413633              2.6276795416034089              1.3999999999999999              1.3999999999999999
       0.92750000               1.0373158296167500              0.0436727812089438              1.0527754541891270              2.6319386354728183              1.3999999999999999              1.3999999999999999
       0.93250000               1.0385222943001555              0.0450521482561011              1.0544886354052883              2.6362215885132212              1.3999999999999999              1.3999999999999999
       0.93750000               1.0397320558571070              0.0464402442730428              1.0562086593519679              2.6405216483799205              1.3999999999999999              1.3999999999999999
       0.94250000               1.0409440867514492              0.0478368577203084              1.0579347255139777              2.6448368137849450              1.3999999999999999              1.3999999999999999
       0.94750000               1.0421626873541099              0.0492392986289672              1.0596691541525511              2.6491728853813781              1.3999999999999999              1.3999999999999999
       0.95250000               1.0433881818108388              0.0506446370339411              1.0614146122936816              2.6535365307342049              1.3999999999999999              1.3999999999999999
       0.95750000               1.0446190499843835              0.0520526206893909              1.0631704705544121              2.6579261763860305              1.3999999999999999              1.3999999999999999
       0.96250000               1.0458567045331486              0.0534641382944703              1.0649347014353971              2.6623367535884936              1.3999999999999999              1.3999999999999999
       0.96750000               1.0470982684951644              0.0548796017495731              1.0667058780807006              2.6667646952017519              1.3999999999999999              1.3999999999999999
       0.97250000               1.0483428689403014              0.0562991273037740              1.0684829609262010              2.6712074023155030              1.3999999999999999              1.3999999999999999
       0.97750000               1.0495923077250064              0.0577223092029575              1.0702655624368380              2.6756639060920953              1.3999999999999999              1.3999999999999999
       0.98250000               1.0508451849941465              0.0591480756744770              1.0720541638338339              2.6801354095845853              1.3999999999999999              1.3999999999999999
       0.98750000               1.0521009372543701              0.0605744380445239              1.0738503828920871              2.6846259572302182              1.3999999999999999              1.3999999999999999
       0.99250000               1.0533610428472087              0.0620027014968095              1.0756517350173902              2.6891293375434762              1.3999999999999999              1.3999999999999999
       0.99750000               1.0546238088094348              0.0634342230490630              1.0774556373567892              2.6936390933919734              1.3999999999999999              1.3999999999999999
