       0.00250000               1.3716532274396194              0.9999999999999999              0.5999999999998800              0.8999999999993699              1.6666666666670000              1.6666666666670000
       0.00750000               1.4095054210044500              1.0000000000000000              0.5999999999998797              0.8999999999993696              1.6666666666670000              1.6666666666670000
       0.01250000               1.4489604840523818              1.0000000000000007              0.5999999999998793              0.8999999999993689              1.6666666666670000              1.6666666666670000
       0.01750000               1.4897601907768663              1.0000000000000000              0.5999999999998787              0.8999999999993681              1.6666666666670000              1.6666666666670000
       0.02250000               1.5316012115590640              0.9999999999999991              0.5999999999998809              0.8999999999993712              1.6666666666670000              1.6666666666670000
       0.02750000               1.5741373870831121              0.9999999999999993              0.5999999999998801              0.8999999999993701              1.6666666666670000              1.6666666666670000
       0.03250000               1.6169832952995988              0.9999999999999981              0.5999999999998816              0.8999999999993723              1.6666666666670000              1.6666666666670000
       0.03750000               1.6597190743979251              0.9999999999999984              0.5999999999998811              0.8999999999993716              1.6666666666670000              1.6666666666670000
       0.04250000               1.7018964375389587              0.9999999999999987              0.5999999999998810              0.8999999999993714              1.6666666666670000              1.6666666666670000
       0.04750000               1.7430458118273839              0.9999999999999989              0.5999999999998807              0.8999999999993711              1.6666666666670000              1.6666666666670000
       0.05250000               1.7826845360332453              0.9999999999999993              0.5999999999998800              0.8999999999993700              1.6666666666670000              1.6666666666670000
       0.05750000               1.8203260272355746              0.9999999999999989              0.5999999999998809              0.8999999999993712              1.6666666666670000              1.6666666666670000
       0.06250000               1.8554897490303279              0.9999999999999998              0.5999999999998799              0.8999999999993697              1.6666666666670000              1.6666666666670000
       0.06750000               1.8877116810807566              0.9999999999999993              0.5999999999998805              0.8999999999993707              1.6666666666670000              1.6666666666670000
       0.07250000               1.9165548342485346              1.0000000000000004              0.5999999999998796              0.8999999999993694              1.6666666666670000              1.6666666666670000
       0.07750000               1.9416192376170289              1.0000000000000004              0.5999999999998800              0.8999999999993700              1.6666666666670000              1.6666666666670000
       0.08250000               1.9625508096579474              1.0000000000000009              0.5999999999998786              0.8999999999993681              1.6666666666670000              1.6666666666670000
       0.08750000               1.9790486660536217              1.0000000000000004              0.5999999999998797              0.8999999999993695              1.6666666666670000              1.6666666666670000
       0.09250000               1.9908707482078034              1.0000000000000009              0.5999999999998784              0.8999999999993675              1.6666666666670000              1.6666666666670000
       0.09750000               1.9978382755074020              0.9999999999999997              0.5999999999998804              0.8999999999993706              1.6666666666670000              1.6666666666670000
       0.10250000               1.9998407169504693              0.9999999999999991              0.5999999999998810              0.8999999999993714              1.6666666666670000              1.6666666666670000
       0.10750000               1.9968439563829077              0.9999999999999996              0.5999999999998802              0.8999999999993702              1.6666666666670000              1.6666666666670000
       0.11250000               1.9888963043688146              0.9999999999999994              0.5999999999998800              0.8999999999993700              1.6666666666670000              1.6666666666670000
       0.11750000               1.9761221152842872              0.9999999999999993              0.5999999999998800              0.8999999999993700              1.6666666666670000              1.6666666666670000
       0.12250000               1.9587139942967100              0.9999999999999997              0.5999999999998806              0.8999999999993710              1.6666666666670000              1.6666666666670000
       0.12750000               1.9369273724978870              0.9999999999999997              0.5999999999998802              0.8999999999993702              1.6666666666670000              1.6666666666670000
       0.13250000               1.9110753178984221              1.0000000000000000              0.5999999999998803              0.8999999999993704              1.6666666666670000              1.6666666666670000
       0.13750000               1.8815222725700049              0.9999999999999998              0.5999999999998800              0.8999999999993699              1.6666666666670000              1.6666666666670000
       0.14250000               1.8486763691580910              0.9999999999999996              0.5999999999998805              0.8999999999993707              1.6666666666670000              1.6666666666670000
       0.14750000               1.8129804464810515              0.9999999999999998              0.5999999999998804              0.8999999999993705              1.6666666666670000              1.6666666666670000
       0.15250000               1.7749021511687622              0.9999999999999999              0.5999999999998799              0.8999999999993696              1.6666666666670000              1.6666666666670000
       0.15750000               1.7349236138100279              0.9999999999999999              0.5999999999998801              0.8999999999993702              1.6666666666670000              1.6666666666670000
       0.16250000               1.6935311774349500              0.9999999999999999              0.5999999999998800              0.8999999999993700              1.6666666666670000              1.6666666666670000
       0.16750000               1.6512055789890421              1.0000000000000002              0.5999999999998793              0.8999999999993690              1.6666666666670000              1.6666666666670000
       0.17250000               1.6084128839018268              1.0000000000000004              0.5999999999998790              0.8999999999993683              1.6666666666670000              1.6666666666670000
       0.17750000               1.5655963820925443              1.0000000000000004              0.5999999999998793              0.8999999999993689              1.6666666666670000              1.6666666666670000
       0.18250000               1.5231695853544653              1.0000000000000000              0.5999999999998803              0.8999999999993704              1.6666666666670000              1.6666666666670000
       0.18750000               1.4815104202858114              1.0000000000000002              0.5999999999998794              0.8999999999993692              1.6666666666670000              1.6666666666670000
       0.19250000               1.4409566781756789              1.0000000000000002              0.5999999999998802              0.8999999999993702              1.6666666666670000              1.6666666666670000
       0.19750000               1.4018027528704013              1.0000000000000009              0.5999999999998791              0.8999999999993686              1.6666666666670000              1.6666666666670000
       0.20250000               1.3642976633131851              1.0000000000000002              0.5999999999998791              0.8999999999993686              1.6666666666670000              1.6666666666670000
       0.20750000               1.3286443186887398              0.9999999999999997              0.5999999999998805              0.8999999999993707              1.6666666666670000              1.6666666666670000
       0.21250000               1.2949999446625562              0.9999999999999997              0.5999999999998803              0.8999999999993703              1.6666666666670000              1.6666666666670000
       0.21750000               1.2634775541228302              1.0000000000000022              0.5999999999998780              0.8999999999993670              1.6666666666670000              1.6666666666670000
       0.22250000               1.2341483189790552              1.0000000000000020              0.5999999999998782              0.8999999999993672              1.6666666666670000              1.6666666666670000
       0.22750000               1.2070446825495167              1.0000000000000009              0.5999999999998799              0.8999999999993697              1.6666666666670000              1.6666666666670000
       0.23250000               1.1821640444631354              0.9999999999999994              0.5999999999998810              0.8999999999993714              1.6666666666670000              1.6666666666670000
       0.23750000               1.1594728502963561              1.0000000000000002              0.5999999999998799              0.8999999999993697              1.6666666666670000              1.6666666666670000
       0.24250000               1.1389109246672546              0.9999999999999982              0.5999999999998822              0.8999999999993731              1.6666666666670000              1.6666666666670000
       0.24750000               1.1203958978308397              1.0000000000000022              0.5999999999998775              0.8999999999993663              1.6666666666670000              1.6666666666670000
       0.25250000               1.1038275909358004              0.9999999999999986              0.5999999999998819              0.8999999999993727              1.6666666666670000              1.6666666666670000
       0.25750000               1.0890922431525620              0.9999999999999980              0.5999999999998824              0.8999999999993735              1.6666666666670000              1.6666666666670000
       0.26250000               1.0760664839758523              0.9999999999999983              0.5999999999998822              0.8999999999993733              1.6666666666670000              1.6666666666670000
       0.26750000               1.0646209751504263              0.9999999999999996              0.5999999999998805              0.8999999999993709              1.6666666666670000              1.6666666666670000
       0.27250000               1.0546236678393039              0.9999999999999986              0.5999999999998812              0.8999999999993719              1.6666666666670000              1.6666666666670000
       0.27750000               1.0459426409023229              1.0000000000000002              0.5999999999998800              0.8999999999993700              1.6666666666670000              1.6666666666670000
       0.28250000               1.0384485047137697              0.9999999999999979              0.5999999999998823              0.8999999999993733              1.6666666666670000              1.6666666666670000
       0.28750000               1.0320163712783661              0.9999999999999993              0.5999999999998809              0.8999999999993712              1.6666666666670000              1.6666666666670000
       0.29250000               1.0265274051763706              0.9999999999999979              0.5999999999998813              0.8999999999993719              1.6666666666670000              1.6666666666670000
       0.29750000               1.0218699809298821              0.9999999999999957              0.5999999999998845              0.8999999999993767              1.6666666666670000              1.6666666666670000
       0.30250000               1.0179404807258419              0.9999999999999993              0.5999999999998811              0.8999999999993714              1.6666666666670000              1.6666666666670000
       0.30750000               1.0146437721625585              0.9999999999999989              0.5999999999998806              0.8999999999993710              1.6666666666670000              1.6666666666670000
       0.31250000               1.0118934090060638              0.9999999999999998              0.5999999999998806              0.8999999999993709              1.6666666666670000              1.6666666666670000
       0.31750000               1.0096115991254133              0.9999999999999989              0.5999999999998810              0.8999999999993715              1.6666666666670000              1.6666666666670000
       0.32250000               1.0077289831472576              0.9999999999999978              0.5999999999998826              0.8999999999993737              1.6666666666670000              1.6666666666670000
       0.32750000               1.0061842652828796              1.0000000000000004              0.5999999999998794              0.8999999999993690              1.6666666666670000              1.6666666666670000
       0.33250000               1.0049237345902309              1.0000000000000022              0.5999999999998780              0.8999999999993670              1.6666666666670000              1.6666666666670000
       0.33750000               1.0039007109777343              1.0000000000000047              0.5999999999998752              0.8999999999993626              1.6666666666670000              1.6666666666670000
       0.34250000               1.0030749458435548              0.9999999999999978              0.5999999999998815              0.8999999999993722              1.6666666666670000              1.6666666666670000
       0.34750000               1.0024120026406065              0.9999999999999984              0.5999999999998813              0.8999999999993720              1.6666666666670000              1.6666666666670000
       0.35250000               1.0018826380874861              1.0000000000000000              0.5999999999998795              0.8999999999993693              1.6666666666670000              1.6666666666670000
       0.35750000               1.0014622003840976              1.0000000000000022              0.5999999999998774              0.8999999999993661              1.6666666666670000              1.6666666666670000
       0.36250000               1.0011300567700332              0.9999999999999967              0.5999999999998833              0.8999999999993750              1.6666666666670000              1.6666666666670000
       0.36750000               1.0008690591709077              0.9999999999999980              0.5999999999998822              0.8999999999993732              1.6666666666670000              1.6666666666670000
       0.37250000               1.0006650535639521              0.9999999999999991              0.5999999999998805              0.8999999999993706              1.6666666666670000              1.6666666666670000
       0.37750000               1.0005064360764087              0.9999999999999964              0.5999999999998835              0.8999999999993752              1.6666666666670000              1.6666666666670000
       0.38250000               1.0003837567015657              0.9999999999999991              0.5999999999998803              0.8999999999993704              1.6666666666670000              1.6666666666670000
       0.38750000               1.0002893698492161              1.0000000000000011              0.5999999999998789              0.8999999999993682              1.6666666666670000              1.6666666666670000
       0.39250000               1.0002171296985523              0.9999999999999982              0.5999999999998816              0.8999999999993723              1.6666666666670000              1.6666666666670000
       0.39750000               1.0001621274424055              1.0000000000000011              0.5999999999998782              0.8999999999993671              1.6666666666670000              1.6666666666670000
       0.40250000               1.0001204669474291              0.9999999999999996              0.5999999999998794              0.8999999999993691              1.6666666666670000              1.6666666666670000
       0.40750000               1.0000890750505340              0.9999999999999976              0.5999999999998822              0.8999999999993732              1.6666666666670000              1.6666666666670000
       0.41250000               1.0000655426152396              0.9999999999999998              0.5999999999998806              0.8999999999993709              1.6666666666670000              1.6666666666670000
       0.41750000               1.0000479925332906              0.9999999999999976              0.5999999999998823              0.8999999999993733              1.6666666666670000              1.6666666666670000
       0.42250000               1.0000349710344072              0.9999999999999991              0.5999999999998807              0.8999999999993712              1.6666666666670000              1.6666666666670000
       0.42750000               1.0000253589236925              1.0000000000000033              0.5999999999998769              0.8999999999993653              1.6666666666670000              1.6666666666670000
       0.43250000               1.0000182996709464              0.9999999999999976              0.5999999999998821              0.8999999999993730              1.6666666666670000              1.6666666666670000
       0.43750000               1.0000131416044853              0.9999999999999978              0.5999999999998817              0.8999999999993725              1.6666666666670000              1.6666666666670000
       0.44250000               1.0000093917947095              1.0000000000000011              0.5999999999998790              0.8999999999993684              1.6666666666670000              1.6666666666670000
       0.44750000               1.0000066795350160              0.9999999999999953              0.5999999999998844              0.8999999999993765              1.6666666666670000              1.6666666666670000
       0.45250000               1.0000047276313242              0.9999999999999996              0.5999999999998802              0.8999999999993702              1.6666666666670000              1.6666666666670000
       0.45750000               1.0000033299901445              0.9999999999999993              0.5999999999998807              0.8999999999993711              1.6666666666670000              1.6666666666670000
       0.46250000               1.0000023342449162              0.9999999999999991              0.5999999999998810              0.8999999999993714              1.6666666666670000              1.6666666666670000
       0.46750000               1.0000016283806814              0.9999999999999976              0.5999999999998825              0.8999999999993737              1.6666666666670000              1.6666666666670000
       0.47250000               1.0000011305065202              1.0000000000000011              0.5999999999998786              0.8999999999993679              1.6666666666670000              1.6666666666670000
       0.47750000               1.0000007810865617              1.0000000000000013              0.5999999999998785              0.8999999999993678              1.6666666666670000              1.6666666666670000
       0.48250000               1.0000005370761591              1.0000000000000000              0.5999999999998796              0.8999999999993695              1.6666666666670000              1.6666666666670000
       0.48750000               1.0000003675239584              1.0000000000000011              0.5999999999998789              0.8999999999993682              1.6666666666670000              1.6666666666670000
       0.49250000               1.0000002502945482              0.9999999999999996              0.5999999999998809              0.8999999999993711              1.6666666666670000              1.6666666666670000
       0.49750000               1.0000001696424039              1.0000000000000011              0.5999999999998797              0.8999999999993694              1.6666666666670000              1.6666666666670000
       0.50250000               1.0000001144279649              0.9999999999999989              0.5999999999998814              0.8999999999993720              1.6666666666670000              1.6666666666670000
       0.50750000               1.0000000768136774              1.0000000000000024              0.5999999999998781              0.8999999999993670              1.6666666666670000              1.6666666666670000
       0.51250000               1.0000000513157243              0.9999999999999978              0.5999999999998831              0.8999999999993745              1.6666666666670000              1.6666666666670000
       0.51750000               1.0000000341175623              0.9999999999999978              0.5999999999998824              0.8999999999993736              1.6666666666670000              1.6666666666670000
       0.52250000               1.0000000225761001              1.0000000000000016              0.5999999999998791              0.8999999999993686              1.6666666666670000              1.6666666666670000
       0.52750000               1.0000000148693808              1.0000000000000013              0.5999999999998791              0.8999999999993686              1.6666666666670000              1.6666666666670000
       0.53250000               1.0000000097477018              1.0000000000000002              0.5999999999998799              0.8999999999993697              1.6666666666670000              1.6666666666670000
       0.53750000               1.0000000063590571              1.0000000000000002              0.5999999999998800              0.8999999999993699              1.6666666666670000              1.6666666666670000
       0.54250000               1.0000000041267880              1.0000000000000020              0.5999999999998787              0.8999999999993681              1.6666666666670000              1.6666666666670000
       0.54750000               1.0000000026634399              1.0000000000000024              0.5999999999998786              0.8999999999993679              1.6666666666670000              1.6666666666670000
       0.55250000               1.0000000017099702              0.9999999999999984              0.5999999999998815              0.8999999999993723              1.6666666666670000              1.6666666666670000
       0.55750000               1.0000000010933237              1.0000000000000013              0.5999999999998786              0.8999999999993680              1.6666666666670000              1.6666666666670000
       0.56250000               1.0000000006975971              1.0000000000000027              0.5999999999998770              0.8999999999993653              1.6666666666670000              1.6666666666670000
       0.56750000               1.0000000004450438              1.0000000000000009              0.5999999999998796              0.8999999999993694              1.6666666666670000              1.6666666666670000
       0.57250000               1.0000000002838583              0.9999999999999993              0.5999999999998807              0.8999999999993711              1.6666666666670000              1.6666666666670000
       0.57750000               1.0000000001801850              0.9999999999999984              0.5999999999998817              0.8999999999993725              1.6666666666670000              1.6666666666670000
       0.58250000               1.0000000001125904              1.0000000000000009              0.5999999999998793              0.8999999999993689              1.6666666666670000              1.6666666666670000
       0.58750000               1.0000000000681439              1.0000000000000009              0.5999999999998791              0.8999999999993685              1.6666666666670000              1.6666666666670000
       0.59250000               1.0000000000395819              1.0000000000000000              0.5999999999998803              0.8999999999993705              1.6666666666670000              1.6666666666670000
       0.59750000               1.0000000000233054              1.0000000000000016              0.5999999999998781              0.8999999999993671              1.6666666666670000              1.6666666666670000
       0.60250000               1.0000000000179350              0.9999999999999976              0.5999999999998819              0.8999999999993729              1.6666666666670000              1.6666666666670000
       0.60750000               1.0000000000232676              0.9999999999999991              0.5999999999998813              0.8999999999993720              1.6666666666670000              1.6666666666670000
       0.61250000               1.0000000000399278              0.9999999999999987              0.5999999999998814              0.8999999999993721              1.6666666666670000              1.6666666666670000
       0.61750000               1.0000000000698006              1.0000000000000011              0.5999999999998790              0.8999999999993684              1.6666666666670000              1.6666666666670000
       0.62250000               1.0000000001170370              1.0000000000000018              0.5999999999998781              0.8999999999993671              1.6666666666670000              1.6666666666670000
       0.62750000               1.0000000001894715              0.9999999999999993              0.5999999999998807              0.8999999999993711              1.6666666666670000              1.6666666666670000
       0.63250000               1.0000000003006342              1.0000000000000002              0.5999999999998803              0.8999999999993704              1.6666666666670000              1.6666666666670000
       0.63750000               1.0000000004727021              0.9999999999999973              0.5999999999998823              0.8999999999993734              1.6666666666670000              1.6666666666670000
       0.64250000               1.0000000007407432              0.9999999999999989              0.5999999999998812              0.8999999999993716              1.6666666666670000              1.6666666666670000
       0.64750000               1.0000000011589445              0.9999999999999969              0.5999999999998831              0.8999999999993746              1.6666666666670000              1.6666666666670000
       0.65250000               1.0000000018096551              0.9999999999999973              0.5999999999998831              0.8999999999993746              1.6666666666670000              1.6666666666670000
       0.65750000               1.0000000028168168              1.0000000000000013              0.5999999999998786              0.8999999999993679              1.6666666666670000              1.6666666666670000
       0.66250000               1.0000000043660195              0.9999999999999984              0.5999999999998817              0.8999999999993726              1.6666666666670000              1.6666666666670000
       0.66750000               1.0000000067343486              0.9999999999999978              0.5999999999998827              0.8999999999993742              1.6666666666670000              1.6666666666670000
       0.67250000               1.0000000103345283              0.9999999999999996              0.5999999999998804              0.8999999999993706              1.6666666666670000              1.6666666666670000
       0.67750000               1.0000000157791380              1.0000000000000002              0.5999999999998804              0.8999999999993706              1.6666666666670000              1.6666666666670000
       0.68250000               1.0000000239730111              0.9999999999999980              0.5999999999998819              0.8999999999993729              1.6666666666670000              1.6666666666670000
       0.68750000               1.0000000362451271              1.0000000000000004              0.5999999999998800              0.8999999999993699              1.6666666666670000              1.6666666666670000
       0.69250000               1.0000000545359955              0.9999999999999996              0.5999999999998803              0.8999999999993703              1.6666666666670000              1.6666666666670000
       0.69750000               1.0000000816628145              0.9999999999999982              0.5999999999998815              0.8999999999993723              1.6666666666670000              1.6666666666670000
       0.70250000               1.0000001216931904              1.0000000000000022              0.5999999999998786              0.8999999999993681              1.6666666666670000              1.6666666666670000
       0.70750000               1.0000001804689547              0.9999999999999987              0.5999999999998812              0.8999999999993719              1.6666666666670000              1.6666666666670000
       0.71250000               1.0000002663356504              0.9999999999999993              0.5999999999998809              0.8999999999993713              1.6666666666670000              1.6666666666670000
       0.71750000               1.0000003911518760              0.9999999999999980              0.5999999999998821              0.8999999999993730              1.6666666666670000              1.6666666666670000
       0.72250000               1.0000005716767058              1.0000000000000029              0.5999999999998772              0.8999999999993656              1.6666666666670000              1.6666666666670000
       0.72750000               1.0000008314651441              1.0000000000000000              0.5999999999998801              0.8999999999993701              1.6666666666670000              1.6666666666670000
       0.73250000               1.0000012034417283              0.9999999999999984              0.5999999999998814              0.8999999999993721              1.6666666666670000              1.6666666666670000
       0.73750000               1.0000017333736304              0.9999999999999996              0.5999999999998802              0.8999999999993702              1.6666666666670000              1.6666666666670000
       0.74250000               1.0000024845279603              1.0000000000000004              0.5999999999998796              0.8999999999993695              1.6666666666670000              1.6666666666670000
       0.74750000               1.0000035438769226              1.0000000000000011              0.5999999999998786              0.8999999999993680              1.6666666666670000              1.6666666666670000
       0.75250000               1.0000050303113122              0.9999999999999991              0.5999999999998809              0.8999999999993712              1.6666666666670000              1.6666666666670000
       0.75750000               1.0000071054405257              0.9999999999999993              0.5999999999998807              0.8999999999993711              1.6666666666670000              1.6666666666670000
       0.76250000               1.0000099876988457              0.9999999999999998              0.5999999999998805              0.8999999999993706              1.6666666666670000              1.6666666666670000
       0.76750000               1.0000139706453579              0.9999999999999993              0.5999999999998807              0.8999999999993711              1.6666666666670000              1.6666666666670000
       0.77250000               1.0000194465408381              1.0000000000000000              0.5999999999998805              0.8999999999993706              1.6666666666670000              1.6666666666670000
       0.77750000               1.0000269365104701              0.9999999999999984              0.5999999999998814              0.8999999999993722              1.6666666666670000              1.6666666666670000
       0.78250000               1.0000371288565750              0.9999999999999987              0.5999999999998802              0.8999999999993702              1.6666666666670000              1.6666666666670000
       0.78750000               1.0000509273691283              1.0000000000000004              0.5999999999998792              0.8999999999993687              1.6666666666670000              1.6666666666670000
       0.79250000               1.0000695117895759              1.0000000000000011              0.5999999999998787              0.8999999999993680              1.6666666666670000              1.6666666666670000
       0.79750000               1.0000944129087959              1.0000000000000009              0.5999999999998789              0.8999999999993682              1.6666666666670000              1.6666666666670000
       0.80250000               1.0001276051123809              1.0000000000000007              0.5999999999998796              0.8999999999993694              1.6666666666670000              1.6666666666670000
       0.80750000               1.0001716195109545              1.0000000000000011              0.5999999999998792              0.8999999999993686              1.6666666666670000              1.6666666666670000
       0.81250000               1.0002296810895559              0.9999999999999996              0.5999999999998802              0.8999999999993702              1.6666666666670000              1.6666666666670000
       0.81750000               1.0003058735520369              1.0000000000000002              0.5999999999998799              0.8999999999993697              1.6666666666670000              1.6666666666670000
       0.82250000               1.0004053356925608              1.0000000000000000              0.5999999999998803              0.8999999999993703              1.6666666666670000              1.6666666666670000
       0.82750000               1.0005344931592515              1.0000000000000013              0.5999999999998783              0.8999999999993674              1.6666666666670000              1.6666666666670000
       0.83250000               1.0007013293411182              1.0000000000000000              0.5999999999998799              0.8999999999993697              1.6666666666670000              1.6666666666670000
       0.83750000               1.0009156987575394              0.9999999999999980              0.5999999999998813              0.8999999999993720              1.6666666666670000              1.6666666666670000
       0.84250000               1.0011896857054126              1.0000000000000007              0.5999999999998794              0.8999999999993691              1.6666666666670000              1.6666666666670000
       0.84750000               1.0015380099682183              0.9999999999999984              0.5999999999998812              0.8999999999993717              1.6666666666670000              1.6666666666670000
       0.85250000               1.0019784800638079              1.0000000000000011              0.5999999999998790              0.8999999999993683              1.6666666666670000              1.6666666666670000
       0.85750000               1.0025324927569879              0.9999999999999978              0.5999999999998824              0.8999999999993736              1.6666666666670000              1.6666666666670000
       0.86250000               1.0032255753450623              1.0000000000000004              0.5999999999998797              0.8999999999993695              1.6666666666670000              1.6666666666670000
       0.86750000               1.0040879645089276              1.0000000000000002              0.5999999999998795              0.8999999999993693              1.6666666666670000              1.6666666666670000
       0.87250000               1.0051552123043472              0.9999999999999993              0.5999999999998803              0.8999999999993704              1.6666666666670000              1.6666666666670000
       0.87750000               1.0064688061837557              1.0000000000000011              0.5999999999998789              0.8999999999993682              1.6666666666670000              1.6666666666670000
       0.88250000               1.0080767858569617              0.9999999999999996              0.5999999999998802              0.8999999999993702              1.6666666666670000              1.6666666666670000
       0.88750000               1.0100343354104082              1.0000000000000007              0.5999999999998795              0.8999999999993692              1.6666666666670000              1.6666666666670000
       0.89250000               1.0124043245223979              0.9999999999999996              0.5999999999998812              0.8999999999993717              1.6666666666670000              1.6666666666670000
       0.89750000               1.0152577680009589              0.9999999999999987              0.5999999999998814              0.8999999999993722              1.6666666666670000              1.6666666666670000
       0.90250000               1.0186741684842244              0.9999999999999991              0.5999999999998799              0.8999999999993699              1.6666666666670000              1.6666666666670000
       0.90750000               1.0227417033099178              0.9999999999999991              0.5999999999998806              0.8999999999993709              1.6666666666670000              1.6666666666670000
       0.91250000               1.0275572136259346              0.9999999999999977              0.5999999999998824              0.8999999999993735              1.6666666666670000              1.6666666666670000
       0.91750000               1.0332259520688212              0.9999999999999987              0.5999999999998809              0.8999999999993712              1.6666666666670000              1.6666666666670000
       0.92250000               1.0398610450268468              0.9999999999999991              0.5999999999998804              0.8999999999993706              1.6666666666670000              1.6666666666670000
       0.92750000               1.0475826269270232              0.9999999999999996              0.5999999999998804              0.8999999999993705              1.6666666666670000              1.6666666666670000
       0.93250000               1.0565166075719181              0.9999999999999991              0.5999999999998803              0.8999999999993703              1.6666666666670000              1.6666666666670000
       0.93750000               1.0667930397887564              0.9999999999999996              0.5999999999998803              0.8999999999993704              1.6666666666670000              1.6666666666670000
       0.94250000               1.0785440638327133              0.9999999999999993              0.5999999999998802              0.8999999999993702              1.6666666666670000              1.6666666666670000
       0.94750000               1.0919014169817591              1.0000000000000002              0.5999999999998799              0.8999999999993697              1.6666666666670000              1.6666666666670000
       0.95250000               1.1069935110871130              1.0000000000000004              0.5999999999998796              0.8999999999993694              1.6666666666670000              1.6666666666670000
       0.95750000               1.1239420970476373              1.0000000000000004              0.5999999999998792              0.8999999999993687              1.6666666666670000              1.6666666666670000
       0.96250000               1.1428585532247164              1.0000000000000000              0.5999999999998795              0.8999999999993692              1.6666666666670000              1.6666666666670000
       0.96750000               1.1638398550040692              1.0000000000000004              0.5999999999998787              0.8999999999993681              1.6666666666670000              1.6666666666670000
       0.97250000               1.1869643049579246              1.0000000000000011              0.5999999999998786              0.8999999999993679              1.6666666666670000              1.6666666666670000
       0.97750000               1.2122871260601487              1.0000000000000016              0.5999999999998781              0.8999999999993671              1.6666666666670000              1.6666666666670000
       0.98250000               1.2398360415484480              1.0000000000000011              0.5999999999998783              0.8999999999993674              1.6666666666670000              1.6666666666670000
       0.98750000               1.2696069815427873              1.0000000000000007              0.5999999999998781              0.8999999999993672              1.6666666666670000              1.6666666666670000
       0.99250000               1.3015600672718304              1.0000000000000007              0.5999999999998784              0.8999999999993676              1.6666666666670000              1.6666666666670000
       0.99750000               1.3356160301234508              1.0000000000000007              0.5999999999998790              0.8999999999993684              1.6666666666670000              1.6666666666670000
