       0.00250000               0.9998109628771378             -0.0000033038353561              1.0000095557339610              1.5000143336001917              1.6666666666670000              1.6666666666670000
       0.00750000               0.9998110621230376             -0.0000034085387269              1.0000117812092986              1.5000176718131979              1.6666666666670000              1.6666666666670000
       0.01250000               0.9998114642959026             -0.0000029185208249              1.0000140110891711              1.5000210166330066              1.6666666666670000              1.6666666666670000
       0.01750000               0.9998123890958999             -0.0000016225510756              1.0000162364263525              1.5000243546387786              1.6666666666670000              1.6666666666670000
       0.02250000               0.9998133767381031              0.0000005317031333              1.0000187352475005              1.5000281028705007              1.6666666666670000              1.6666666666670000
       0.02750000               0.9998142607389847              0.0000036821641456              1.0000217792912596              1.5000326689361394              1.6666666666670000              1.6666666666670000
       0.03250000               0.9998170704599927              0.0000080499952246              1.0000256643802552              1.5000384965696327              1.6666666666670000              1.6666666666670000
       0.03750000               0.9998203983243859              0.0000138448195225              1.0000308658185257              1.5000462987270384              1.6666666666670000              1.6666666666670000
       0.04250000               0.9998240733791960              0.0000212394566075              1.0000381103250373              1.5000571654868056              1.6666666666670000              1.6666666666670000
       0.04750000               0.9998304619288363              0.0000304109078501              1.0000483692453868              1.5000725538673301              1.6666666666670000              1.6666666666670000
       0.05250000               0.9998393278320203              0.0000415679178315              1.0000628758222885              1.5000943137326825              1.6666666666670000              1.6666666666670000
       0.05750000               0.9998511888295857              0.0000549799343324              1.0000831469792324              1.5001247204680983              1.6666666666670000              1.6666666666670000
       0.06250000               0.9998667975676858              0.0000722265221209              1.0001094343711390              1.5001641515559583              1.6666666666670000              1.6666666666670000
       0.06750000               0.9998862276498643              0.0000952719131887              1.0001419854035722              1.5002129781046081              1.6666666666670000              1.6666666666670000
       0.07250000               0.9999091217984254              0.0001259925449900              1.0001817176021379              1.5002725764024569              1.6666666666670000              1.6666666666670000
       0.07750000               0.9999379641917248              0.0001655184457143              1.0002311261267860              1.5003466891894288              1.6666666666670000              1.6666666666670000
       0.08250000               0.9999747440520237              0.0002153175782600              1.0002929258248983              1.5004393887365970              1.6666666666670000              1.6666666666670000
       0.08750000               1.0000207184924637              0.0002769369638864              1.0003704034896144              1.5005556052336713              1.6666666666670000              1.6666666666670000
       0.09250000               1.0000785607829337              0.0003523747619930              1.0004669216077020              1.5007003824108027              1.6666666666670000              1.6666666666670000
       0.09750000               1.0001507927807765              0.0004442697102084              1.0005856163963371              1.5008784245937552              1.6666666666670000              1.6666666666670000
       0.10250000               1.0002370515898094              0.0005554891426281              1.0007298235296076              1.5010947352936610              1.6666666666670000              1.6666666666670000
       0.10750000               1.0003409139505088              0.0006889580963094              1.0009031447058820              1.5013547170580721              1.6666666666670000              1.6666666666670000
       0.11250000               1.0004655245085377              0.0008475847498472              1.0011093458603779              1.5016640187898163              1.6666666666670000              1.6666666666670000
       0.11750000               1.0006116465023083              0.0010342256764046              1.0013521714378215              1.5020282571559811              1.6666666666670000              1.6666666666670000
       0.12250000               1.0007807185266635              0.0012517515771508              1.0016350122514441              1.5024525183764148              1.6666666666670000              1.6666666666670000
       0.12750000               1.0009765161159634              0.0015029487363706              1.0019607919389839              1.5029411879077244              1.6666666666670000              1.6666666666670000
       0.13250000               1.0011992775449456              0.0017904793067085              1.0023318006580704              1.5034977009863537              1.6666666666670000              1.6666666666670000
       0.13750000               1.0014495642796053              0.0021165389741511              1.0027499623766620              1.5041249435642408              1.6666666666670000              1.6666666666670000
       0.14250000               1.0017299940354432              0.0024816635817039              1.0032182607483597              1.5048273911217871              1.6666666666670000              1.6666666666670000
       0.14750000               1.0020419603236423              0.0028859079918523              1.0037391577225292              1.5056087365830408              1.6666666666670000              1.6666666666670000
       0.15250000               1.0023859132069470              0.0033286778990531              1.0043148124489285              1.5064722186726396              1.6666666666670000              1.6666666666670000
       0.15750000               1.0027620921270639              0.0038109004013484              1.0049443240903677              1.5074164861347976              1.6666666666670000              1.6666666666670000
       0.16250000               1.0031697112047842              0.0043335841696934              1.0056256884280068              1.5084385326412559              1.6666666666670000              1.6666666666670000
       0.16750000               1.0036072128533078              0.0048966058362391              1.0063574953604908              1.5095362430399815              1.6666666666670000              1.6666666666670000
       0.17250000               1.0040745322979812              0.0054988614989771              1.0071388756193507              1.5107083134282704              1.6666666666670000              1.6666666666670000
       0.17750000               1.0045717331097386              0.0061390087825765              1.0079686881942342              1.5119530322905952              1.6666666666670000              1.6666666666670000
       0.18250000               1.0050958544941297              0.0068155812416137              1.0088455093629654              1.5132682640436912              1.6666666666670000              1.6666666666670000
       0.18750000               1.0056471113034120              0.0075269219239455              1.0097678507321695              1.5146517760974967              1.6666666666670000              1.6666666666670000
       0.19250000               1.0062255147708896              0.0082713753048826              1.0107340239428657              1.5161010359135405              1.6666666666670000              1.6666666666670000
       0.19750000               1.0068293630762053              0.0090473534154702              1.0117421516617053              1.5176132274917991              1.6666666666670000              1.6666666666670000
       0.20250000               1.0074554385502339              0.0098531454163508              1.0127904898895137              1.5191857348335109              1.6666666666670000              1.6666666666670000
       0.20750000               1.0081047606726736              0.0106868203418581              1.0138776212859102              1.5208164319281048              1.6666666666670000              1.6666666666670000
       0.21250000               1.0087764646047273              0.0115458861285138              1.0150029506512861              1.5225044259761678              1.6666666666670000              1.6666666666670000
       0.21750000               1.0094675480644275              0.0124295967446654              1.0161637225355129              1.5242455838025073              1.6666666666670000              1.6666666666670000
       0.22250000               1.0101776114891976              0.0133378622505082              1.0173564640582422              1.5260346960866003              1.6666666666670000              1.6666666666670000
       0.22750000               1.0109050097173120              0.0142703071998539              1.0185782304615500              1.5278673456915610              1.6666666666670000              1.6666666666670000
       0.23250000               1.0116474050345199              0.0152262378272605              1.0198266555007884              1.5297399832504177              1.6666666666670000              1.6666666666670000
       0.23750000               1.0124057243035980              0.0162032359788816              1.0211018061212112              1.5316527091810508              1.6666666666670000              1.6666666666670000
       0.24250000               1.0131803573995364              0.0171985743130400              1.0224043342824141              1.5336065014228542              1.6666666666670000              1.6666666666670000
       0.24750000               1.0139702605263110              0.0182103043480215              1.0237340454753123              1.5356010682122008              1.6666666666670000              1.6666666666670000
       0.25250000               1.0147745204347620              0.0192382151787644              1.0250886232421290              1.5376329348624249              1.6666666666670000              1.6666666666670000
       0.25750000               1.0155932186877352              0.0202819078064545              1.0264661543836919              1.5396992315747680              1.6666666666670000              1.6666666666670000
       0.26250000               1.0164232879798412              0.0213409226427654              1.0278649482694862              1.5417974224034583              1.6666666666670000              1.6666666666670000
       0.26750000               1.0172648427044697              0.0224146322814797              1.0292836739738889              1.5439255109600611              1.6666666666670000              1.6666666666670000
       0.27250000               1.0181184633722220              0.0235022148836766              1.0307213900325942              1.5460820850481181              1.6666666666670000              1.6666666666670000
       0.27750000               1.0189832445945277              0.0246024187927553              1.0321778498593903              1.5482667747883114              1.6666666666670000              1.6666666666670000
       0.28250000               1.0198569892279692              0.0257143623485073              1.0336524329916736              1.5504786494867351              1.6666666666670000              1.6666666666670000
       0.28750000               1.0207406344176337              0.0268382503281219              1.0351431873137495              1.5527147809698478              1.6666666666670000              1.6666666666670000
       0.29250000               1.0216318402712636              0.0279738699707306              1.0366488122344886              1.5549732183509553              1.6666666666670000              1.6666666666670000
       0.29750000               1.0225287904804001              0.0291204283348062              1.0381688646670162              1.5572532969997455              1.6666666666670000              1.6666666666670000
       0.30250000               1.0234354151257523              0.0302763786748266              1.0397039984857117              1.5595559977277877              1.6666666666670000              1.6666666666670000
       0.30750000               1.0243517213926028              0.0314392223885289              1.0412562268803593              1.5618843403197580              1.6666666666670000              1.6666666666670000
       0.31250000               1.0252754410141309              0.0326093375778848              1.0428238079556253              1.5642357119326558              1.6666666666670000              1.6666666666670000
       0.31750000               1.0262066061943969              0.0337883681380956              1.0444033734072282              1.5666050601100590              1.6666666666670000              1.6666666666670000
       0.32250000               1.0271435517466283              0.0349768254249409              1.0459931194747103              1.5689896792112810              1.6666666666670000              1.6666666666670000
       0.32750000               1.0280851326067022              0.0361738001975756              1.0475931994634387              1.5713897991943722              1.6666666666670000              1.6666666666670000
       0.33250000               1.0290325184687057              0.0373784814361670              1.0492036907447577              1.5738055361163497              1.6666666666670000              1.6666666666670000
       0.33750000               1.0299878135909841              0.0385894042882082              1.0508256089450236              1.5762384134167473              1.6666666666670000              1.6666666666670000
       0.34250000               1.0309481138305632              0.0398058697300011              1.0524589919830614              1.5786884879738026              1.6666666666670000              1.6666666666670000
       0.34750000               1.0319139238709736              0.0410280003394300              1.0541028155813248              1.5811542233711964              1.6666666666670000              1.6666666666670000
       0.35250000               1.0328862443001026              0.0422557246788808              1.0557563586359613              1.5836345379531500              1.6666666666670000              1.6666666666670000
       0.35750000               1.0338622033032119              0.0434887645158580              1.0574192118699854              1.5861288178041848              1.6666666666670000              1.6666666666670000
       0.36250000               1.0348428532950025              0.0447266173432645              1.0590913017946126              1.5886369526911246              1.6666666666670000              1.6666666666670000
       0.36750000               1.0358303297773042              0.0459679333782661              1.0607737397816113              1.5911606096716213              1.6666666666670000              1.6666666666670000
       0.37250000               1.0368215730901205              0.0472125974092655              1.0624659989676850              1.5936989984507306              1.6666666666670000              1.6666666666670000
       0.37750000               1.0378154167723683              0.0484620662354029              1.0641654426863953              1.5962481640287949              1.6666666666670000              1.6666666666670000
       0.38250000               1.0388129791985721              0.0497174386528082              1.0658699355552965              1.5988049033321454              1.6666666666670000              1.6666666666670000
       0.38750000               1.0398110456847132              0.0509798434676929              1.0675773137394136              1.6013659706083196              1.6666666666670000              1.6666666666670000
       0.39250000               1.0408102149019871              0.0522466149342260              1.0692905878476424              1.6039358817706615              1.6666666666670000              1.6666666666670000
       0.39750000               1.0418167256399697              0.0535141261943145              1.0710141228346055              1.6065211842511047              1.6666666666670000              1.6666666666670000
       0.40250000               1.0428286288409536              0.0547818849009159              1.0727480478858220              1.6091220718279284              1.6666666666670000              1.6666666666670000
       0.40750000               1.0438423665762659              0.0560515774607874              1.0744895240510379              1.6117342860757509              1.6666666666670000              1.6666666666670000
       0.41250000               1.0448599152671536              0.0573243868438600              1.0762364047233524              1.6143546070842212              1.6666666666670000              1.6666666666670000
       0.41750000               1.0458809162673199              0.0586010330825229              1.0779871803305718              1.6169807704950492              1.6666666666670000              1.6666666666670000
       0.42250000               1.0469015268409494              0.0598808611780739              1.0797422337947591              1.6196133506913288              1.6666666666670000              1.6666666666670000
       0.42750000               1.0479249357998528              0.0611631566050705              1.0815020336428376              1.6222530504634449              1.6666666666670000              1.6666666666670000
       0.43250000               1.0489513167605713              0.0624467764791484              1.0832676628281799              1.6249014942414572              1.6666666666670000              1.6666666666670000
       0.43750000               1.0499776046043936              0.0637325156132542              1.0850375407118653              1.6275563110669840              1.6666666666670000              1.6666666666670000
       0.44250000               1.0510052031433541              0.0650204329565658              1.0868110908763409              1.6302166363136963              1.6666666666670000              1.6666666666670000
       0.44750000               1.0520372269474914              0.0663104258329844              1.0885879942179031              1.6328819913260380              1.6666666666670000              1.6666666666670000
       0.45250000               1.0530681572747755              0.0676019456285487              1.0903684999050880              1.6355527498568143              1.6666666666670000              1.6666666666670000
       0.45750000               1.0541016150774758              0.0688940040251114              1.0921535402031224              1.6382303103038645              1.6666666666670000              1.6666666666670000
       0.46250000               1.0551413415208404              0.0701842363749893              1.0939458720517183              1.6409188080767569              1.6666666666670000              1.6666666666670000
       0.46750000               1.0561814585201708              0.0714725390255101              1.0957452359816953              1.6436178539717212              1.6666666666670000              1.6666666666670000
       0.47250000               1.0572208937991667              0.0727619880088684              1.0975468403725119              1.6463202605579446              1.6666666666670000              1.6666666666670000
       0.47750000               1.0582619359276011              0.0740549956340304              1.0993468306675527              1.6490202460005043              1.6666666666670000              1.6666666666670000
       0.48250000               1.0593001162733466              0.0753515637649666              1.1011447770900666              1.6517171656342742              1.6666666666670000              1.6666666666670000
       0.48750000               1.0603356357543170              0.0766488380890320              1.1029439570485529              1.6544159355720016              1.6666666666670000              1.6666666666670000
       0.49250000               1.0613764160695855              0.0779442850799022              1.1047477507923771              1.6571216261877366              1.6666666666670000              1.6666666666670000
       0.49750000               1.0624188179476997              0.0792367076344832              1.1065569014708923              1.6598353522055085              1.6666666666670000              1.6666666666670000
       0.50250000               1.0634563927439462              0.0805277149857897              1.1083691743322019              1.6625537614974715              1.6666666666670000              1.6666666666670000
       0.50750000               1.0645005594777599              0.0818179929693315              1.1101824231134110              1.6652736346692838              1.6666666666670000              1.6666666666670000
       0.51250000               1.0655434237656383              0.0831083334304876              1.1119950626827970              1.6679925940233615              1.6666666666670000              1.6666666666670000
       0.51750000               1.0665779016963224              0.0843987026015873              1.1138064415827180              1.6707096623732416              1.6666666666670000              1.6666666666670000
       0.52250000               1.0676194375426808              0.0856864560426211              1.1156185570769062              1.6734278356145225              1.6666666666670000              1.6666666666670000
       0.52750000               1.0686660349540456              0.0869671176755333              1.1174406904419572              1.6761610356620975              1.6666666666670000              1.6666666666670000
       0.53250000               1.0697020319538659              0.0882513568560535              1.1192576882333496              1.6788865323491848              1.6666666666670000              1.6666666666670000
       0.53750000               1.0707426863366452              0.0895405492860661              1.1210724952562656              1.6816087428835573              1.6666666666670000              1.6666666666670000
       0.54250000               1.0717793986485853              0.0908285910419042              1.1228788017685634              1.6843182026520025              1.6666666666670000              1.6666666666670000
       0.54750000               1.0728091347038147              0.0921060931817755              1.1246836222646286              1.6870254333960992              1.6666666666670000              1.6666666666670000
       0.55250000               1.0738292691572624              0.0933654992081513              1.1264685131176821              1.6897027696756783              1.6666666666670000              1.6666666666670000
       0.55750000               1.0748332775249523              0.0945959182060690              1.1282159952132798              1.6923239928190736              1.6666666666670000              1.6666666666670000
       0.56250000               1.0758429889092400              0.0958289312329176              1.1299915912933047              1.6949873869391092              1.6666666666670000              1.6666666666670000
       0.56750000               1.0769872755629057              0.0972230310830388              1.1320048726007896              1.6980073089003354              1.6666666666670000              1.6666666666670000
       0.57250000               1.0783865646191733              0.0989433983087345              1.1344477697602957              1.7016716546395927              1.6666666666670000              1.6666666666670000
       0.57750000               1.0797867523745390              0.1006977791064526              1.1369157962697996              1.7053736944038465              1.6666666666670000              1.6666666666670000
       0.58250000               1.0806159648535416              0.1017116560872883              1.1383808840320691              1.7075713260472498              1.6666666666670000              1.6666666666670000
       0.58750000               1.0804510478261586              0.1014634773169177              1.1380762455064208              1.7071143682587777              1.6666666666670000              1.6666666666670000
       0.59250000               1.0768429204910255              0.0971517215397159              1.1317685717459935              1.6976528576181413              1.6666666666670000              1.6666666666670000
       0.59750000               1.0669511661072191              0.0848131530356608              1.1144884544502469              1.6717326816745344              1.6666666666670000              1.6666666666670000
       0.60250000               1.0445001481974323              0.0568774757013544              1.0756256647325784              1.6134384970980606              1.6666666666670000              1.6666666666670000
       0.60750000               1.0176409802848125              0.0227919512498068              1.0298538116932752              1.5447807175391404              1.6666666666670000              1.6666666666670000
       0.61250000               1.0041110602312329              0.0054965136763652              1.0071269634047433              1.5106904451063594              1.6666666666670000              1.6666666666670000
       0.61750000               1.0010136128036184              0.0015090936415440              1.0019606286758871              1.5029409430130793              1.6666666666670000              1.6666666666670000
       0.62250000               1.0001724535929477              0.0004245106844819              1.0005574120809042              1.5008361181206058              1.6666666666670000              1.6666666666670000
       0.62750000               0.9999387822573755              0.0001244162431569              1.0001683117276912              1.5002524675907867              1.6666666666670000              1.6666666666670000
       0.63250000               0.9998725910287194              0.0000410794851828              1.0000591991198104              1.5000887986789655              1.6666666666670000              1.6666666666670000
       0.63750000               0.9998524807854584              0.0000166167717844              1.0000266309466554              1.5000399464192331              1.6666666666670000              1.6666666666670000
       0.64250000               0.9998453553709555              0.0000082119039281              1.0000158435711486              1.5000237653559727              1.6666666666670000              1.6666666666670000
       0.64750000               0.9998421350428945              0.0000041576586792              1.0000120546757987              1.5000180820129481              1.6666666666670000              1.6666666666670000
       0.65250000               0.9998403611508663              0.0000014631295993              1.0000106910522100              1.5000160365775650              1.6666666666670000              1.6666666666670000
       0.65750000               0.9998382757439053             -0.0000005009033458              1.0000099488014638              1.5000149232014455              1.6666666666670000              1.6666666666670000
       0.66250000               0.9998342985085942             -0.0000017148975742              1.0000089551968800              1.5000134327945700              1.6666666666670000              1.6666666666670000
       0.66750000               0.9998300012857125             -0.0000022552966214              1.0000076621037339              1.5000114931548507              1.6666666666670000              1.6666666666670000
       0.67250000               0.9998247200933140             -0.0000023112522244              1.0000063219308348              1.5000094828955022              1.6666666666670000              1.6666666666670000
       0.67750000               0.9998153008754596             -0.0000021332184011              1.0000051367649760              1.5000077051467140              1.6666666666670000              1.6666666666670000
       0.68250000               0.9997928290308167             -0.0000020266948627              1.0000043209306348              1.5000064813952023              1.6666666666670000              1.6666666666670000
       0.68750000               0.9997643940065057             -0.0000021850895986              1.0000040201961644              1.5000060302934968              1.6666666666670000              1.6666666666670000
       0.69250000               0.9997561224528458             -0.0000025357271235              1.0000041037378966              1.5000061556060948              1.6666666666670000              1.6666666666670000
       0.69750000               0.9997633265656937             -0.0000029984008245              1.0000044451548125              1.5000066677314685              1.6666666666670000              1.6666666666670000
       0.70250000               0.9997730855899384             -0.0000034896241733              1.0000049048909523              1.5000073573356785              1.6666666666670000              1.6666666666670000
       0.70750000               0.9997818028915398             -0.0000039251477786              1.0000053448053374              1.5000080172072561              1.6666666666670000              1.6666666666670000
       0.71250000               0.9997951012300966             -0.0000042352493111              1.0000056576688927              1.5000084865025891              1.6666666666670000              1.6666666666670000
       0.71750000               0.9998183336706867             -0.0000043599097219              1.0000057572174672              1.5000086358254507              1.6666666666670000              1.6666666666670000
       0.72250000               0.9998305244087677             -0.0000042133686976              1.0000055263112666              1.5000082894661497              1.6666666666670000              1.6666666666670000
       0.72750000               0.9998334554437630             -0.0000038238895566              1.0000049954103596              1.5000074931147893              1.6666666666670000              1.6666666666670000
       0.73250000               0.9998316406441601             -0.0000033348424474              1.0000043449322427              1.5000065173976140              1.6666666666670000              1.6666666666670000
       0.73750000               0.9998295327682583             -0.0000029342147641              1.0000038146462682              1.5000057219686525              1.6666666666670000              1.6666666666670000
       0.74250000               0.9998287963314995             -0.0000028187875970              1.0000036567743718              1.5000054851608076              1.6666666666670000              1.6666666666670000
       0.74750000               0.9998289160771425             -0.0000032678261235              1.0000042305040502              1.5000063457553252              1.6666666666670000              1.6666666666670000
       0.75250000               0.9998290601492814             -0.0000040504874525              1.0000052368486780              1.5000078552722669              1.6666666666670000              1.6666666666670000
       0.75750000               0.9998281448890833             -0.0000047505985520              1.0000061378949685              1.5000092068417028              1.6666666666670000              1.6666666666670000
       0.76250000               0.9998272813918757             -0.0000050478046658              1.0000065196750936              1.5000097795118903              1.6666666666670000              1.6666666666670000
       0.76750000               0.9998260378034863             -0.0000048701800023              1.0000062890899180              1.5000094336341270              1.6666666666670000              1.6666666666670000
       0.77250000               0.9998244571969218             -0.0000043694390744              1.0000056418607175              1.5000084627903263              1.6666666666670000              1.6666666666670000
       0.77750000               0.9998232692280858             -0.0000036851176614              1.0000047580305578              1.5000071370450867              1.6666666666670000              1.6666666666670000
       0.78250000               0.9998221788498395             -0.0000029649039300              1.0000038281028329              1.5000057421534994              1.6666666666670000              1.6666666666670000
       0.78750000               0.9998204793370195             -0.0000023540592969              1.0000030394664514              1.5000045591989271              1.6666666666670000              1.6666666666670000
       0.79250000               0.9998201736859611             -0.0000019909299843              1.0000025706432061              1.5000038559640592              1.6666666666670000              1.6666666666670000
       0.79750000               0.9998228470379676             -0.0000020515136697              1.0000026487905109              1.5000039731850165              1.6666666666670000              1.6666666666670000
       0.80250000               0.9998261316840704             -0.0000027164757433              1.0000035071076423              1.5000052606607135              1.6666666666670000              1.6666666666670000
       0.80750000               0.9998289102531043             -0.0000037177071979              1.0000047994937586              1.5000071992398880              1.6666666666670000              1.6666666666670000
       0.81250000               0.9998303798548377             -0.0000045888776583              1.0000059239820305              1.5000088859722955              1.6666666666670000              1.6666666666670000
       0.81750000               0.9998291457176465             -0.0000048244941372              1.0000062280520681              1.5000093420773521              1.6666666666670000              1.6666666666670000
       0.82250000               0.9998272022364683             -0.0000044339451615              1.0000057238419078              1.5000085857621117              1.6666666666670000              1.6666666666670000
       0.82750000               0.9998253405459101             -0.0000037249738865              1.0000048086292286              1.5000072129430930              1.6666666666670000              1.6666666666670000
       0.83250000               0.9998228135707858             -0.0000030545083398              1.0000039431663461              1.5000059147487692              1.6666666666670000              1.6666666666670000
       0.83750000               0.9998211578150140             -0.0000028210460388              1.0000036418500595              1.5000054627743393              1.6666666666670000              1.6666666666670000
       0.84250000               0.9998206490445489             -0.0000031378626205              1.0000040508876602              1.5000060763307401              1.6666666666670000              1.6666666666670000
       0.84750000               0.9998203079056383             -0.0000037453762351              1.0000048351730755              1.5000072527588630              1.6666666666670000              1.6666666666670000
       0.85250000               0.9998193219477046             -0.0000044218248909              1.0000057084219918              1.5000085626322377              1.6666666666670000              1.6666666666670000
       0.85750000               0.9998186448671940             -0.0000049578440304              1.0000064003734521              1.5000096005594281              1.6666666666670000              1.6666666666670000
       0.86250000               0.9998178739297844             -0.0000052211223427              1.0000067402433317              1.5000101103642476              1.6666666666670000              1.6666666666670000
       0.86750000               0.9998164943285605             -0.0000051791623387              1.0000066860874817              1.5000100291304723              1.6666666666670000              1.6666666666670000
       0.87250000               0.9998163855142030             -0.0000048388823055              1.0000062468432493              1.5000093702641240              1.6666666666670000              1.6666666666670000
       0.87750000               0.9998160715662819             -0.0000042219143757              1.0000054504478519              1.5000081756710280              1.6666666666670000              1.6666666666670000
       0.88250000               0.9998148063129741             -0.0000034311999426              1.0000044298105386              1.5000066447150577              1.6666666666670000              1.6666666666670000
       0.88750000               0.9998133219349903             -0.0000026681158873              1.0000034449289412              1.5000051673926618              1.6666666666670000              1.6666666666670000
       0.89250000               0.9998123629964899             -0.0000021908341209              1.0000028291351490              1.5000042437019736              1.6666666666670000              1.6666666666670000
       0.89750000               0.9998117687749476             -0.0000023728261724              1.0000030646188633              1.5000045969275451              1.6666666666670000              1.6666666666670000
       0.90250000               0.9998104628896018             -0.0000033645236786              1.0000043456619461              1.5000065184921691              1.6666666666670000              1.6666666666670000
       0.90750000               0.9998081587364516             -0.0000045659474596              1.0000058978835966              1.5000088468246451              1.6666666666670000              1.6666666666670000
       0.91250000               0.9998028104074690             -0.0000053985397854              1.0000069746144085              1.5000104619208627              1.6666666666670000              1.6666666666670000
       0.91750000               0.9997956198193668             -0.0000056081380815              1.0000072480616724              1.5000108720917587              1.6666666666670000              1.6666666666670000
       0.92250000               0.9997917470327886             -0.0000054147552372              1.0000070027186003              1.5000105040771503              1.6666666666670000              1.6666666666670000
       0.92750000               0.9997903399188920             -0.0000049757569828              1.0000064424634592              1.5000096636944387              1.6666666666670000              1.6666666666670000
       0.93250000               0.9997905513225492             -0.0000044560377491              1.0000057812365410              1.5000086718540617              1.6666666666670000              1.6666666666670000
       0.93750000               0.9997938549789849             -0.0000040248704821              1.0000052390949266              1.5000078586416399              1.6666666666670000              1.6666666666670000
       0.94250000               0.9997982633431176             -0.0000037818852165              1.0000049468454324              1.5000074202673985              1.6666666666670000              1.6666666666670000
       0.94750000               0.9998027349107249             -0.0000037535770874              1.0000049418106047              1.5000074127151573              1.6666666666670000              1.6666666666670000
       0.95250000               0.9998112004829248             -0.0000039710975321              1.0000052686397365              1.5000079029588549              1.6666666666670000              1.6666666666670000
       0.95750000               0.9998162986158922             -0.0000045412933643              1.0000060715601093              1.5000091073394139              1.6666666666670000              1.6666666666670000
       0.96250000               0.9998166611892587             -0.0000054057002507              1.0000072840066752              1.5000109260092624              1.6666666666670000              1.6666666666670000
       0.96750000               0.9998171070843643             -0.0000062730819918              1.0000085425485814              1.5000128138221220              1.6666666666670000              1.6666666666670000
       0.97250000               0.9998175909937737             -0.0000067604043374              1.0000093702107655              1.5000140553153982              1.6666666666670000              1.6666666666670000
       0.97750000               0.9998172526192587             -0.0000062830255365              1.0000090365102752              1.5000135547646629              1.6666666666670000              1.6666666666670000
       0.98250000               0.9998159513334990             -0.0000049731946377              1.0000077455126684              1.5000116182682526              1.6666666666670000              1.6666666666670000
       0.98750000               0.9998145526362526             -0.0000036374237647              1.0000065839498473              1.5000098759240208              1.6666666666670000              1.6666666666670000
       0.99250000               0.9998124560312482             -0.0000029900657079              1.0000065360059682              1.5000098040082024              1.6666666666670000              1.6666666666670000
       0.99750000               0.9998109841618934             -0.0000030234563887              1.0000076756651404              1.5000115134969607              1.6666666666670000              1.6666666666670000
