       0.00250000               1.0000002228295448              0.0000016183893862              1.0000008908932330              1.5000013363390994              1.6666666666670000              1.6666666666670000
       0.00750000               1.0000006232068051              0.0000020215045502              1.0000015747539024              1.5000023621301037              1.6666666666670000              1.6666666666670000
       0.01250000               1.0000011931227233              0.0000025603509296              1.0000025403486188              1.5000038105221782              1.6666666666670000              1.6666666666670000
       0.01750000               1.0000019496297095              0.0000033413198355              1.0000038116194043              1.5000057174283565              1.6666666666670000              1.6666666666670000
       0.02250000               1.0000029198849969              0.0000044870298862              1.0000054438045014              1.5000081657060020              1.6666666666670000              1.6666666666670000
       0.02750000               1.0000041873392549              0.0000061079835216              1.0000075752337643              1.5000113628498963              1.6666666666670000              1.6666666666670000
       0.03250000               1.0000058821702131              0.0000083242524060              1.0000104183615757              1.5000156275416134              1.6666666666670000              1.6666666666670000
       0.03750000               1.0000081592128021              0.0000113095515347              1.0000142264809790              1.5000213397207185              1.6666666666670000              1.6666666666670000
       0.04250000               1.0000112053056327              0.0000152922964202              1.0000193214017545              1.5000289821018817              1.6666666666670000              1.6666666666670000
       0.04750000               1.0000152609593185              0.0000205756801907              1.0000261029126629              1.5000391543682443              1.6666666666670000              1.6666666666670000
       0.05250000               1.0000206235989828              0.0000275601600150              1.0000350624177026              1.5000525936258038              1.6666666666670000              1.6666666666670000
       0.05750000               1.0000276575332050              0.0000367680166560              1.0000468021128259              1.5000702031684887              1.6666666666670000              1.6666666666670000
       0.06250000               1.0000368553000056              0.0000487978222689              1.0000621537193435              1.5000932305782650              1.6666666666670000              1.6666666666670000
       0.06750000               1.0000488558796667              0.0000643764936048              1.0000821809557785              1.5001232714329178              1.6666666666670000              1.6666666666670000
       0.07250000               1.0000644805119772              0.0000843675244968              1.0001082486502957              1.5001623729746936              1.6666666666670000              1.6666666666670000
       0.07750000               1.0000846022289547              0.0001100076423770              1.0001418068217081              1.5002127102318119              1.6666666666670000              1.6666666666670000
       0.08250000               1.0001102519289804              0.0001428325879875              1.0001845851283182              1.5002768776917270              1.6666666666670000              1.6666666666670000
       0.08750000               1.0001427749379936              0.0001845793446850              1.0002388248945959              1.5003582373411439              1.6666666666670000              1.6666666666670000
       0.09250000               1.0001838053363956              0.0002372960540750              1.0003072470893350              1.5004608706332523              1.6666666666670000              1.6666666666670000
       0.09750000               1.0002352241782462              0.0003034807169138              1.0003929825871409              1.5005894738799610              1.6666666666670000              1.6666666666670000
       0.10250000               1.0002991431159818              0.0003861664275102              1.0004995646748887              1.5007493470115827              1.6666666666670000              1.6666666666670000
       0.10750000               1.0003781500874158              0.0004886955347254              1.0006313083674818              1.5009469625504721              1.6666666666670000              1.6666666666670000
       0.11250000               1.0004753656177883              0.0006146859955405              1.0007934172565354              1.5011901258840525              1.6666666666670000              1.6666666666670000
       0.11750000               1.0005943024349835              0.0007682353109658              1.0009917478594976              1.5014876217884958              1.6666666666670000              1.6666666666670000
       0.12250000               1.0007385091842542              0.0009543484842159              1.0012322377245635              1.5018483565860943              1.6666666666670000              1.6666666666670000
       0.12750000               1.0009120154189746              0.0011783278992411              1.0015216168483332              1.5022824252717488              1.6666666666670000              1.6666666666670000
       0.13250000               1.0011191109851769              0.0014459367497167              1.0018670545776027              1.5028005818656527              1.6666666666670000              1.6666666666670000
       0.13750000               1.0013644786293558              0.0017630650500970              1.0022763792346416              1.5034145688512108              1.6666666666670000              1.6666666666670000
       0.14250000               1.0016530447510863              0.0021356870326530              1.0027578533741106              1.5041367800604140              1.6666666666670000              1.6666666666670000
       0.14750000               1.0019897728063962              0.0025698867299038              1.0033198002453678              1.5049797003672989              1.6666666666670000              1.6666666666670000
       0.15250000               1.0023794512823576              0.0030718221823344              1.0039702645095481              1.5059553967635690              1.6666666666670000              1.6666666666670000
       0.15750000               1.0028266217779493              0.0036475012821201              1.0047168923332108              1.5070753384990627              1.6666666666670000              1.6666666666670000
       0.16250000               1.0033355369858281              0.0043025029515758              1.0055668845428105              1.5083503268134615              1.6666666666670000              1.6666666666670000
       0.16750000               1.0039099936628075              0.0050419225735000              1.0065266871559686              1.5097900307331977              1.6666666666670000              1.6666666666670000
       0.17250000               1.0045533431007536              0.0058700929278981              1.0076020258815166              1.5114030388215192              1.6666666666670000              1.6666666666670000
       0.17750000               1.0052683563164493              0.0067905653105112              1.0087976766932272              1.5131965150390838              1.6666666666670000              1.6666666666670000
       0.18250000               1.0060571202707893              0.0078060945429511              1.0101173147396614              1.5151759721087346              1.6666666666670000              1.6666666666670000
       0.18750000               1.0069216992438212              0.0089177548365609              1.0115645862878246              1.5173468794309781              1.6666666666670000              1.6666666666670000
       0.19250000               1.0078628805107872              0.0101265468571134              1.0131410268951890              1.5197115403420238              1.6666666666670000              1.6666666666670000
       0.19750000               1.0088806136368154              0.0114329008855162              1.0148467833944845              1.5222701750909657              1.6666666666670000              1.6666666666670000
       0.20250000               1.0099746567010393              0.0128359414975568              1.0166817225288765              1.5250225837925517              1.6666666666670000              1.6666666666670000
       0.20750000               1.0111435428286351              0.0143349911867506              1.0186436534434684              1.5279654801644384              1.6666666666670000              1.6666666666670000
       0.21250000               1.0123862653798408              0.0159275597763538              1.0207311761829949              1.5310967642737268              1.6666666666670000              1.6666666666670000
       0.21750000               1.0137013535147801              0.0176107290154970              1.0229421107674099              1.5344131661503475              1.6666666666670000              1.6666666666670000
       0.22250000               1.0150863638178504              0.0193819466568089              1.0252726754914923              1.5379090132364692              1.6666666666670000              1.6666666666670000
       0.22750000               1.0165392148042465              0.0212375335576751              1.0277196756056339              1.5415795134076800              1.6666666666670000              1.6666666666670000
       0.23250000               1.0180568578004701              0.0231745080138328              1.0302782992177462              1.5454174488258465              1.6666666666670000              1.6666666666670000
       0.23750000               1.0196366412406381              0.0251890061306000              1.0329443809810117              1.5494165714707429              1.6666666666670000              1.6666666666670000
       0.24250000               1.0212756618174585              0.0272771939820933              1.0357133566688743              1.5535700350025345              1.6666666666670000              1.6666666666670000
       0.24750000               1.0229709324838956              0.0294351999923103              1.0385804813173656              1.5578707219752692              1.6666666666670000              1.6666666666670000
       0.25250000               1.0247198193172236              0.0316586072311853              1.0415416151831363              1.5623124227739231              1.6666666666670000              1.6666666666670000
       0.25750000               1.0265196552849711              0.0339430422611172              1.0445925290353231              1.5668887935522013              1.6666666666670000              1.6666666666670000
       0.26250000               1.0283674157583753              0.0362845957655116              1.0477284056288489              1.5715926084424876              1.6666666666670000              1.6666666666670000
       0.26750000               1.0302597540341918              0.0386798569087342              1.0509438323368936              1.5764157485045520              1.6666666666670000              1.6666666666670000
       0.27250000               1.0321934739375354              0.0411252922126117              1.0542336613989467              1.5813504920976293              1.6666666666670000              1.6666666666670000
       0.27750000               1.0341656248514455              0.0436171895691294              1.0575931068321915              1.5863896602474941              1.6666666666670000              1.6666666666670000
       0.28250000               1.0361735169825754              0.0461515928358507              1.0610178437559410              1.5915267656331158              1.6666666666670000              1.6666666666670000
       0.28750000               1.0382148178750827              0.0487242333396957              1.0645041046893204              1.5967561570331821              1.6666666666670000              1.6666666666670000
       0.29250000               1.0402869309317062              0.0513312534621914              1.0680476907979515              1.6020715361961264              1.6666666666670000              1.6666666666670000
       0.29750000               1.0423867006738881              0.0539696277803753              1.0716433707917090              1.6074650561867596              1.6666666666670000              1.6666666666670000
       0.30250000               1.0445110578429417              0.0566362438689766              1.0752860985382195              1.6129291478065226              1.6666666666670000              1.6666666666670000
       0.30750000               1.0466573753232407              0.0593275148970953              1.0789715163236040              1.6184572744845966              1.6666666666670000              1.6666666666670000
       0.31250000               1.0488234448543505              0.0620393334522968              1.0826959919991956              1.6240439879979813              1.6666666666670000              1.6666666666670000
       0.31750000               1.0510068819024738              0.0647678509698108              1.0864555133743803              1.6296832700607558              1.6666666666670000              1.6666666666670000
       0.32250000               1.0532046074955257              0.0675099735601605              1.0902449470908262              1.6353674206354214              1.6666666666670000              1.6666666666670000
       0.32750000               1.0554136195391803              0.0702624968308488              1.0940591703945421              1.6410887555909928              1.6666666666670000              1.6666666666670000
       0.33250000               1.0576309558057120              0.0730220007044525              1.0978931578817022              1.6468397368217298              1.6666666666670000              1.6666666666670000
       0.33750000               1.0598536064069597              0.0757849869288912              1.1017417244153460              1.6526125866221926              1.6666666666670000              1.6666666666670000
       0.34250000               1.0620786849738153              0.0785475179901801              1.1055999516334065              1.6583999274492807              1.6666666666670000              1.6666666666670000
       0.34750000               1.0643036453102015              0.0813050396527100              1.1094633558662090              1.6641950337984817              1.6666666666670000              1.6666666666670000
       0.35250000               1.0665250098400534              0.0840536806554289              1.1133259660542285              1.6699889490805078              1.6666666666670000              1.6666666666670000
       0.35750000               1.0687386297828925              0.0867900405542128              1.1171804844749975              1.6757707267116582              1.6666666666670000              1.6666666666670000
       0.36250000               1.0709406090197471              0.0895098259194656              1.1210200623539774              1.6815300935301254              1.6666666666670000              1.6666666666670000
       0.36750000               1.0731277119926070              0.0922073000404277              1.1248389283503077              1.6872583925246181              1.6666666666670000              1.6666666666670000
       0.37250000               1.0752964772476983              0.0948761115875465              1.1286310351028137              1.6929465526533740              1.6666666666670000              1.6666666666670000
       0.37750000               1.0774413285492106              0.0975117329468022              1.1323863395278240              1.6985795092908864              1.6666666666670000              1.6666666666670000
       0.38250000               1.0795564588300646              0.1001085767490756              1.1360945839851155              1.7041418759768214              1.6666666666670000              1.6666666666670000
       0.38750000               1.0816361492830389              0.1026595952079942              1.1397455188490320              1.7096182782726934              1.6666666666670000              1.6666666666670000
       0.39250000               1.0836741621327799              0.1051566644959863              1.1433279154262930              1.7149918731385816              1.6666666666670000              1.6666666666670000
       0.39750000               1.0856633500925361              0.1075907078309237              1.1468288308974208              1.7202432463452710              1.6666666666670000              1.6666666666670000
       0.40250000               1.0875955993473876              0.1099510396930943              1.1502339081178765              1.7253508621759519              1.6666666666670000              1.6666666666670000
       0.40750000               1.0894613776264721              0.1122259707830138              1.1535257097097906              1.7302885645638206              1.6666666666670000              1.6666666666670000
       0.41250000               1.0912483259296590              0.1144030941879669              1.1566820411760574              1.7350230617632185              1.6666666666670000              1.6666666666670000
       0.41750000               1.0929419147456834              0.1164673784230435              1.1596769294966367              1.7395153942440851              1.6666666666670000              1.6666666666670000
       0.42250000               1.0945261026338562              0.1183987766843852              1.1624813886563323              1.7437220829836264              1.6666666666670000              1.6666666666670000
       0.42750000               1.0959829740292191              0.1201686647648498              1.1650628583052300              1.7475942874569712              1.6666666666670000              1.6666666666670000
       0.43250000               1.0972844477338253              0.1217436077721871              1.1673714427012944              1.7510571640510664              1.6666666666670000              1.6666666666670000
       0.43750000               1.0983899826174657              0.1230891597934995              1.1693342358917136              1.7540013538366934              1.6666666666670000              1.6666666666670000
       0.44250000               1.0992639557178443              0.1241557469670118              1.1708872080934980              1.7563308121393690              1.6666666666670000              1.6666666666670000
       0.44750000               1.0998639559714636              0.1248815963221508              1.1719547397294416              1.7579321095932834              1.6666666666670000              1.6666666666670000
       0.45250000               1.1001178562785126              0.1251829841078912              1.1724080601991258              1.7586120902978093              1.6666666666670000              1.6666666666670000
       0.45750000               1.0998982683981384              0.1249432123470139              1.1720202312717292              1.7580303469067147              1.6666666666670000              1.6666666666670000
       0.46250000               1.0988442472064781              0.1236580157439527              1.1701519301435148              1.7552278952143947              1.6666666666670000              1.6666666666670000
       0.46750000               1.0958537047325390              0.1199607436167130              1.1648530739561638              1.7472796109333721              1.6666666666670000              1.6666666666670000
       0.47250000               1.0888316915795837              0.1115737572635404              1.1524421637406868              1.7286632456101658              1.6666666666670000              1.6666666666670000
       0.47750000               1.0742065248126926              0.0934892191989544              1.1267542784438109              1.6901314176648712              1.6666666666670000              1.6666666666670000
       0.48250000               1.0525950546907610              0.0667142647827217              1.0892019050327639              1.6338028575483288              1.6666666666670000              1.6666666666670000
       0.48750000               1.0317488938990462              0.0405422427368318              1.0534712183477726              1.5802068275208687              1.6666666666670000              1.6666666666670000
       0.49250000               1.0197301895199771              0.0252918305993590              1.0330968571616688              1.5496452857417284              1.6666666666670000              1.6666666666670000
       0.49750000               1.0146271733378227              0.0187934472753694              1.0244976421196794              1.5367464631787504              1.6666666666670000              1.6666666666670000
       0.50250000               1.0116679702965379              0.0150034480177247              1.0195223068219359              1.5292834602321390              1.6666666666670000              1.6666666666670000
       0.50750000               1.0094734336640843              0.0121920392361887              1.0158389801818366              1.5237584702719928              1.6666666666670000              1.6666666666670000
       0.51250000               1.0076094285661028              0.0097985123277951              1.0127145954607972              1.5190718931904359              1.6666666666670000              1.6666666666670000
       0.51750000               1.0060459081488258              0.0077897931850391              1.0100968626529336              1.5151452939786427              1.6666666666670000              1.6666666666670000
       0.52250000               1.0048241385442258              0.0062181079013326              1.0080532227469925              1.5120798341197328              1.6666666666670000              1.6666666666670000
       0.52750000               1.0038947425592488              0.0050218335596287              1.0064997529692010              1.5097496294530464              1.6666666666670000              1.6666666666670000
       0.53250000               1.0031613443774416              0.0040772257479145              1.0052745555281366              1.5079118332914507              1.6666666666670000              1.6666666666670000
       0.53750000               1.0025581380399449              0.0032999318344507              1.0042672910092740              1.5064009365131577              1.6666666666670000              1.6666666666670000
       0.54250000               1.0020590466466155              0.0026565331475223              1.0034341858995695              1.5051512788486012              1.6666666666670000              1.6666666666670000
       0.54750000               1.0016525343774993              0.0021322924168003              1.0027558309651523              1.5041337464469764              1.6666666666670000              1.6666666666670000
       0.55250000               1.0013249676779850              0.0017097165883260              1.0022093500443723              1.5033140250658068              1.6666666666670000              1.6666666666670000
       0.55750000               1.0010606325690843              0.0013686130016222              1.0017684479147624              1.5026526718713920              1.6666666666670000              1.6666666666670000
       0.56250000               1.0008463176331182              0.0010920030515140              1.0014110384244008              1.5021165576358499              1.6666666666670000              1.6666666666670000
       0.56750000               1.0006725840196764              0.0008677650687782              1.0011213525887617              1.5016820288823916              1.6666666666670000              1.6666666666670000
       0.57250000               1.0005323951964238              0.0006868429430173              1.0008876251206156              1.5013314376801727              1.6666666666670000              1.6666666666670000
       0.57750000               1.0004198159810065              0.0005416320203421              1.0006999450938703              1.5010499176400547              1.6666666666670000              1.6666666666670000
       0.58250000               1.0003297188302092              0.0004255090650553              1.0005497571224009              1.5008246356828507              1.6666666666670000              1.6666666666670000
       0.58750000               1.0002578300966698              0.0003329227160771              1.0004299355082229              1.5006449032615843              1.6666666666670000              1.6666666666670000
       0.59250000               1.0002006865059820              0.0002593702668973              1.0003346933763566              1.5005020400637845              1.6666666666670000              1.6666666666670000
       0.59750000               1.0001554743214416              0.0002011881063528              1.0002593374123432              1.5003890061177645              1.6666666666670000              1.6666666666670000
       0.60250000               1.0001198786348164              0.0001553679047384              1.0002000114855378              1.5003000172275565              1.6666666666670000              1.6666666666670000
       0.60750000               1.0000919898401883              0.0001194391974100              1.0001535362302505              1.5002303043446257              1.6666666666670000              1.6666666666670000
       0.61250000               1.0000702505641257              0.0000913890152725              1.0001173067616946              1.5001759601417919              1.6666666666670000              1.6666666666670000
       0.61750000               1.0000533921329045              0.0000695873042085              1.0000892076787100              1.5001338115173148              1.6666666666670000              1.6666666666670000
       0.62250000               1.0000403861878520              0.0000527192590301              1.0000675298906117              1.5001012948351673              1.6666666666670000              1.6666666666670000
       0.62750000               1.0000304027122400              0.0000397307288818              1.0000508937386732              1.5000763406072599              1.6666666666670000              1.6666666666670000
       0.63250000               1.0000227782844471              0.0000297838285507              1.0000381859576679              1.5000572789357516              1.6666666666670000              1.6666666666670000
       0.63750000               1.0000169764538862              0.0000222177596522              1.0000285114635574              1.5000427671945862              1.6666666666670000              1.6666666666670000
       0.64250000               1.0000125676715756              0.0000165103105710              1.0000211601986295              1.5000317402971943              1.6666666666670000              1.6666666666670000
       0.64750000               1.0000092290319664              0.0000122318029297              1.0000155969413658              1.5000233954112985              1.6666666666670000              1.6666666666670000
       0.65250000               1.0000067156972938              0.0000090424341065              1.0000114068971448              1.5000171103449671              1.6666666666670000              1.6666666666670000
       0.65750000               1.0000048387409073              0.0000066727823134              1.0000082733474820              1.5000124100204728              1.6666666666670000              1.6666666666670000
       0.66250000               1.0000034506173372              0.0000049097814198              1.0000059569324256              1.5000089353978883              1.6666666666670000              1.6666666666670000
       0.66750000               1.0000024447646045              0.0000035826902670              1.0000042821799651              1.5000064232691972              1.6666666666670000              1.6666666666670000
       0.67250000               1.0000017255535523              0.0000025850940646              1.0000030835639198              1.5000046253451298              1.6666666666670000              1.6666666666670000
       0.67750000               1.0000012082903311              0.0000018499655747              1.0000022172024714              1.5000033258029573              1.6666666666670000              1.6666666666670000
       0.68250000               1.0000008199234827              0.0000013310826441              1.0000015685164210              1.5000023527738815              1.6666666666670000              1.6666666666670000
       0.68750000               1.0000005076113585              0.0000009940168274              1.0000010509392800              1.5000015764081702              1.6666666666670000              1.6666666666670000
       0.69250000               1.0000002673401551              0.0000007725219778              1.0000006520612743              1.5000009780911612              1.6666666666670000              1.6666666666670000
       0.69750000               1.0000001020388705              0.0000006089694541              1.0000003734977849              1.5000005602459272              1.6666666666670000              1.6666666666670000
       0.70250000               1.0000000061467089              0.0000004630387956              1.0000002135220762              1.5000003202823642              1.6666666666670000              1.6666666666670000
       0.70750000               0.9999999552591839              0.0000003346462396              1.0000001327312344              1.5000001990961018              1.6666666666670000              1.6666666666670000
       0.71250000               0.9999999306118028              0.0000002299876587              1.0000000942644489              1.5000001413959234              1.6666666666670000              1.6666666666670000
       0.71750000               0.9999999171597180              0.0000001548988306              1.0000000696247004              1.5000001044363007              1.6666666666670000              1.6666666666670000
       0.72250000               0.9999999036835004              0.0000001061995062              1.0000000477780699              1.5000000716663551              1.6666666666670000              1.6666666666670000
       0.72750000               0.9999998928175967              0.0000000710798110              1.0000000343899043              1.5000000515841063              1.6666666666670000              1.6666666666670000
       0.73250000               0.9999998921950418              0.0000000380549580              1.0000000365233797              1.5000000547843195              1.6666666666670000              1.6666666666670000
       0.73750000               0.9999999099654985             -0.0000000051000108              1.0000000644480402              1.5000000966713103              1.6666666666670000              1.6666666666670000
       0.74250000               0.9999999352137785             -0.0000000532143133              1.0000001075957603              1.5000001613928904              1.6666666666670000              1.6666666666670000
       0.74750000               0.9999999529902717             -0.0000000901660195              1.0000001424198552              1.5000002136290327              1.6666666666670000              1.6666666666670000
       0.75250000               0.9999999516781612             -0.0000000979647642              1.0000001437861985              1.5000002156785477              1.6666666666670000              1.6666666666670000
       0.75750000               0.9999999013651230             -0.0000000365062275              1.0000000585949067              1.5000000878916102              1.6666666666670000              1.6666666666670000
       0.76250000               0.9999998195101741              0.0000000650410312              0.9999999235871090              1.4999998853799135              1.6666666666670000              1.6666666666670000
       0.76750000               0.9999997545362731              0.0000001425931167              0.9999998208661038              1.4999997312984057              1.6666666666670000              1.6666666666670000
       0.77250000               0.9999997450755219              0.0000001504710539              0.9999998089737993              1.4999997134599488              1.6666666666670000              1.6666666666670000
       0.77750000               0.9999997734029243              0.0000001137976255              0.9999998551851759              1.4999997827770137              1.6666666666670000              1.6666666666670000
       0.78250000               0.9999998187794579              0.0000000532527939              0.9999999326054887              1.4999998989074830              1.6666666666670000              1.6666666666670000
       0.78750000               0.9999998558946432              0.0000000003604072              1.0000000004052136              1.5000000006070704              1.6666666666670000              1.6666666666670000
       0.79250000               0.9999998709690695             -0.0000000226165063              1.0000000297543916              1.5000000446308372              1.6666666666670000              1.6666666666670000
       0.79750000               0.9999998689283330             -0.0000000196230587              1.0000000256873383              1.5000000385302572              1.6666666666670000              1.6666666666670000
       0.80250000               0.9999998530064526             -0.0000000008696071              1.0000000013467594              1.5000000020193891              1.6666666666670000              1.6666666666670000
       0.80750000               0.9999998282026946              0.0000000261808839              0.9999999663418063              1.4999999495119594              1.6666666666670000              1.6666666666670000
       0.81250000               0.9999998042183227              0.0000000535015779              0.9999999310183549              1.4999998965267825              1.6666666666670000              1.6666666666670000
       0.81750000               0.9999997874862869              0.0000000753095549              0.9999999028311365              1.4999998542459547              1.6666666666670000              1.6666666666670000
       0.82250000               0.9999997751021770              0.0000000891906500              0.9999998848896697              1.4999998273337545              1.6666666666670000              1.6666666666670000
       0.82750000               0.9999997675418310              0.0000000937108274              0.9999998790407518              1.4999998185603778              1.6666666666670000              1.6666666666670000
       0.83250000               0.9999997714107207              0.0000000847169583              0.9999998906433389              1.4999998359642583              1.6666666666670000              1.6666666666670000
       0.83750000               0.9999997907883864              0.0000000596194792              0.9999999230390940              1.4999998845578910              1.6666666666670000              1.6666666666670000
       0.84250000               0.9999998143384859              0.0000000266728132              0.9999999655709849              1.4999999483557271              1.6666666666670000              1.6666666666670000
       0.84750000               0.9999998339459577             -0.0000000042450694              1.0000000054864717              1.5000000082289577              1.6666666666670000              1.6666666666670000
       0.85250000               0.9999998527993784             -0.0000000330177722              1.0000000426354319              1.5000000639523976              1.6666666666670000              1.6666666666670000
       0.85750000               0.9999998831114528             -0.0000000725998933              1.0000000937426747              1.5000001406132619              1.6666666666670000              1.6666666666670000
       0.86250000               0.9999999335645642             -0.0000001407699641              1.0000001817612896              1.5000002726411845              1.6666666666670000              1.6666666666670000
       0.86750000               0.9999999940392927             -0.0000002248861619              1.0000002903728518              1.5000004355585277              1.6666666666670000              1.6666666666670000
       0.87250000               1.0000000427734366             -0.0000002927162352              1.0000003779693296              1.5000005669532441              1.6666666666670000              1.6666666666670000
       0.87750000               1.0000000566034513             -0.0000003114454131              1.0000004021929787              1.5000006032887181              1.6666666666670000              1.6666666666670000
       0.88250000               0.9999999606609999             -0.0000001911449974              1.0000002469557439              1.5000003704328657              1.6666666666670000              1.6666666666670000
       0.88750000               0.9999997392728293              0.0000000881504157              0.9999998864970697              1.4999998297448545              1.6666666666670000              1.6666666666670000
       0.89250000               0.9999995026530569              0.0000003882504754              0.9999994992423020              1.4999992488627030              1.6666666666670000              1.6666666666670000
       0.89750000               0.9999993512009743              0.0000005825195697              0.9999992487111010              1.4999988730659013              1.6666666666670000              1.6666666666670000
       0.90250000               0.9999993658115364              0.0000005597126051              0.9999992785713828              1.4999989178563240              1.6666666666670000              1.6666666666670000
       0.90750000               0.9999994984490894              0.0000003817268589              0.9999995089915786              1.4999992634866179              1.6666666666670000              1.6666666666670000
       0.91250000               0.9999996883280777              0.0000001311775981              0.9999998334322556              1.4999997501476334              1.6666666666670000              1.6666666666670000
       0.91750000               0.9999998311758111             -0.0000000541999959              1.0000000742519013              1.5000001113771018              1.6666666666670000              1.6666666666670000
       0.92250000               0.9999998809124403             -0.0000001216823490              1.0000001636427673              1.5000002454634007              1.6666666666670000              1.6666666666670000
       0.92750000               0.9999998643497294             -0.0000001056555362              1.0000001463783244              1.5000002195667363              1.6666666666670000              1.6666666666670000
       0.93250000               0.9999998219112972             -0.0000000538683261              1.0000000846618335              1.5000001269920005              1.6666666666670000              1.6666666666670000
       0.93750000               0.9999997822329739              0.0000000003888223              1.0000000222886549              1.5000000334322323              1.6666666666670000              1.6666666666670000
       0.94250000               0.9999997772706866              0.0000000096887039              1.0000000216742504              1.5000000325106255              1.6666666666670000              1.6666666666670000
       0.94750000               0.9999997952435037             -0.0000000094064417              1.0000000631512789              1.5000000947261682              1.6666666666670000              1.6666666666670000
       0.95250000               0.9999998230760392             -0.0000000341154219              1.0000001197711954              1.5000001796560429              1.6666666666670000              1.6666666666670000
       0.95750000               0.9999998437387698             -0.0000000366409256              1.0000001591630350              1.5000002387438023              1.6666666666670000              1.6666666666670000
       0.96250000               0.9999998168357733              0.0000000317388189              1.0000001234181501              1.5000001851264750              1.6666666666670000              1.6666666666670000
       0.96750000               0.9999997633401001              0.0000001496522964              1.0000000471729538              1.5000000707586807              1.6666666666670000              1.6666666666670000
       0.97250000               0.9999997278521555              0.0000002710608128              0.9999999997536840              1.4999999996297759              1.6666666666670000              1.6666666666670000
       0.97750000               0.9999997169930566              0.0000004013082113              0.9999999880659446              1.4999999820981667              1.6666666666670000              1.6666666666670000
       0.98250000               0.9999997150460145              0.0000005680940344              0.9999999955067443              1.4999999932593666              1.6666666666670000              1.6666666666670000
       0.98750000               0.9999997337607531              0.0000007769949487              1.0000000413085948              1.5000000619621419              1.6666666666670000              1.6666666666670000
       0.99250000               0.9999998046113947              0.0000010193405714              1.0000001729239703              1.5000002593852053              1.6666666666670000              1.6666666666670000
       0.99750000               0.9999999598343934              0.0000012950934630              1.0000004398522540              1.5000006597776308              1.6666666666670000              1.6666666666670000
