       0.00250000               0.9999774597745609              0.0002115041310565              1.0002871221634813              1.5004306832444716              1.6666666666670000              1.6666666666670000
       0.00750000               1.0000221388210253              0.0002719345384411              1.0003636726095484              1.5005455089135724              1.6666666666670000              1.6666666666670000
       0.01250000               1.0000780866781742              0.0003464777299756              1.0004585122582044              1.5006877683865563              1.6666666666670000              1.6666666666670000
       0.01750000               1.0001476370171918              0.0004374899529012              1.0005751602901130              1.5008627404344188              1.6666666666670000              1.6666666666670000
       0.02250000               1.0002322826779795              0.0005477220074174              1.0007171547820339              1.5010757321723003              1.6666666666670000              1.6666666666670000
       0.02750000               1.0003338870744571              0.0006801267507377              1.0008881540464405              1.5013322310689099              1.6666666666670000              1.6666666666670000
       0.03250000               1.0004565989414043              0.0008376664757756              1.0010919931401738              1.5016379897095098              1.6666666666670000              1.6666666666670000
       0.03750000               1.0006011567750743              0.0010230908334609              1.0013327423697116              1.5019991135538164              1.6666666666670000              1.6666666666670000
       0.04250000               1.0007694497742934              0.0012388464147083              1.0016145755444559              1.5024218633159327              1.6666666666670000              1.6666666666670000
       0.04750000               1.0009648946301855              0.0014880881068695              1.0019402158360349              1.5029103237533008              1.6666666666670000              1.6666666666670000
       0.05250000               1.0011877159900140              0.0017739099243808              1.0023117012060150              1.5034675518082707              1.6666666666670000              1.6666666666670000
       0.05750000               1.0014383798523938              0.0020991214864379              1.0027304850599061              1.5040957275891071              1.6666666666670000              1.6666666666670000
       0.06250000               1.0017190921516592              0.0024647426334149              1.0031992500094367              1.5047988750134025              1.6666666666670000              1.6666666666670000
       0.06750000               1.0020314677501152              0.0028707618496065              1.0037208568455203              1.5055812852675274              1.6666666666670000              1.6666666666670000
       0.07250000               1.0023760004681297              0.0033166115315191              1.0042977180010226              1.5064465770007804              1.6666666666670000              1.6666666666670000
       0.07750000               1.0027537385696408              0.0038026851958022              1.0049298770865560              1.5073948156290802              1.6666666666670000              1.6666666666670000
       0.08250000               1.0031642275074648              0.0043295711577909              1.0056160867717359              1.5084241301568495              1.6666666666670000              1.6666666666670000
       0.08750000               1.0036058622187201              0.0048973116803817              1.0063548890183363              1.5095323335267494              1.6666666666670000              1.6666666666670000
       0.09250000               1.0040784847660957              0.0055052709298604              1.0071449267823216              1.5107173901727269              1.6666666666670000              1.6666666666670000
       0.09750000               1.0045820522707813              0.0061521092411797              1.0079851296767879              1.5119776945144257              1.6666666666670000              1.6666666666670000
       0.10250000               1.0051132531080149              0.0068364050044117              1.0088740483989418              1.5133110725976560              1.6666666666670000              1.6666666666670000
       0.10750000               1.0056725246476688              0.0075566881490178              1.0098099476795592              1.5147149215185816              1.6666666666670000              1.6666666666670000
       0.11250000               1.0062595461100583              0.0083115391687603              1.0107907977011616              1.5161861965509844              1.6666666666670000              1.6666666666670000
       0.11750000               1.0068714045901610              0.0090994340858963              1.0118145762408306              1.5177218643604871              1.6666666666670000              1.6666666666670000
       0.12250000               1.0075066042581118              0.0099186077749145              1.0128795292451480              1.5193192938669622              1.6666666666670000              1.6666666666670000
       0.12750000               1.0081663178027369              0.0107670814068024              1.0139842084429949              1.5209763126637319              1.6666666666670000              1.6666666666670000
       0.13250000               1.0088486272022388              0.0116425906832746              1.0151276151339295              1.5226914227001327              1.6666666666670000              1.6666666666670000
       0.13750000               1.0095525585258636              0.0125427949984927              1.0163089678102044              1.5244634517145446              1.6666666666670000              1.6666666666670000
       0.14250000               1.0102766554503910              0.0134678189757819              1.0175244024713346              1.5262866037062388              1.6666666666670000              1.6666666666670000
       0.14750000               1.0110188741513204              0.0144173904861048              1.0187707260611336              1.5281560890909363              1.6666666666670000              1.6666666666670000
       0.15250000               1.0117770615911637              0.0153903926308049              1.0200460147588695              1.5300690221375393              1.6666666666670000              1.6666666666670000
       0.15750000               1.0125515966182743              0.0163854064301023              1.0213489140390521              1.5320233710578124              1.6666666666670000              1.6666666666670000
       0.16250000               1.0133422428304513              0.0174005886940383              1.0226788038223458              1.5340182057327514              1.6666666666670000              1.6666666666670000
       0.16750000               1.0141480010054882              0.0184339991501608              1.0240353668101183              1.5360530502144096              1.6666666666670000              1.6666666666670000
       0.17250000               1.0149691147734738              0.0194842697383484              1.0254177038643073              1.5381265557956918              1.6666666666670000              1.6666666666670000
       0.17750000               1.0158050648447055              0.0205509048793394              1.0268239307727194              1.5402358961583087              1.6666666666670000              1.6666666666670000
       0.18250000               1.0166525295318614              0.0216332412898438              1.0282525315496984              1.5423787973237766              1.6666666666670000              1.6666666666670000
       0.18750000               1.0175123623929505              0.0227305028037242              1.0297022829871163              1.5445534244799022              1.6666666666670000              1.6666666666670000
       0.19250000               1.0183853000218814              0.0238417686943392              1.0311722921243403              1.5467584381857367              1.6666666666670000              1.6666666666670000
       0.19750000               1.0192695143101445              0.0249657345751007              1.0326623034999352              1.5489934552491282              1.6666666666670000              1.6666666666670000
       0.20250000               1.0201629370422658              0.0261019445521634              1.0341710570303249              1.5512565855447116              1.6666666666670000              1.6666666666670000
       0.20750000               1.0210663035522085              0.0272505407924201              1.0356966101144844              1.5535449151709497              1.6666666666670000              1.6666666666670000
       0.21250000               1.0219777584254959              0.0284115396328921              1.0372372883526375              1.5558559325281780              1.6666666666670000              1.6666666666670000
       0.21750000               1.0228950424504650              0.0295847958333026              1.0387917203509758              1.5581875805256846              1.6666666666670000              1.6666666666670000
       0.22250000               1.0238215504624455              0.0307683366466819              1.0403610608797857              1.5605415913188982              1.6666666666670000              1.6666666666670000
       0.22750000               1.0247579503870445              0.0319592137488695              1.0419478616645623              1.5629217924960619              1.6666666666670000              1.6666666666670000
       0.23250000               1.0257029374685709              0.0331567109143853              1.0435517864281290              1.5653276796414106              1.6666666666670000              1.6666666666670000
       0.23750000               1.0266564955464952              0.0343625150829603              1.0451693589585194              1.5677540384369950              1.6666666666670000              1.6666666666670000
       0.24250000               1.0276164805130801              0.0355772429216297              1.0467985888397335              1.5701978832588150              1.6666666666670000              1.6666666666670000
       0.24750000               1.0285811271706959              0.0368007436377706              1.0484385657352402              1.5726578486020739              1.6666666666670000              1.6666666666670000
       0.25250000               1.0295522851998746              0.0380323385622349              1.0500891446067828              1.5751337169093866              1.6666666666670000              1.6666666666670000
       0.25750000               1.0305302637951383              0.0392711585994956              1.0517504940711035              1.5776257411058665              1.6666666666670000              1.6666666666670000
       0.26250000               1.0315127240286466              0.0405163288341139              1.0534228404928070              1.5801342607384203              1.6666666666670000              1.6666666666670000
       0.26750000               1.0325012077575577              0.0417676026846762              1.0551056111495378              1.5826584167235151              1.6666666666670000              1.6666666666670000
       0.27250000               1.0334969551211373              0.0430248771332453              1.0567980869019662              1.5851971303521564              1.6666666666670000              1.6666666666670000
       0.27750000               1.0344963299276024              0.0442878214853379              1.0584998884845878              1.5877498327260877              1.6666666666670000              1.6666666666670000
       0.28250000               1.0355001362636842              0.0455557655278687              1.0602111302614239              1.5903166953913406              1.6666666666670000              1.6666666666670000
       0.28750000               1.0365101757326145              0.0468275848048544              1.0619325800810395              1.5928988701207627              1.6666666666670000              1.6666666666670000
       0.29250000               1.0375244940342268              0.0481016440082260              1.0636657354336341              1.5954986031496532              1.6666666666670000              1.6666666666670000
       0.29750000               1.0385420859236978              0.0493792202625812              1.0654081707103742              1.5981122560647623              1.6666666666670000              1.6666666666670000
       0.30250000               1.0395648196558620              0.0506620636283138              1.0671568369843212              1.6007352554756815              1.6666666666670000              1.6666666666670000
       0.30750000               1.0405882022291959              0.0519515862339501              1.0689091533714823              1.6033637300564216              1.6666666666670000              1.6666666666670000
       0.31250000               1.0416117670024705              0.0532473422631124              1.0706650721962678              1.6059976082935985              1.6666666666670000              1.6666666666670000
       0.31750000               1.0426410103243853              0.0545462838032347              1.0724281288590496              1.6086421932877699              1.6666666666670000              1.6666666666670000
       0.32250000               1.0436748776214801              0.0558458459603206              1.0742012361744671              1.6113018542608948              1.6666666666670000              1.6666666666670000
       0.32750000               1.0447113052692201              0.0571467383526506              1.0759828532519775              1.6139742798771592              1.6666666666670000              1.6666666666670000
       0.33250000               1.0457534181148171              0.0584498164111376              1.0777712515715610              1.6166568773565333              1.6666666666670000              1.6666666666670000
       0.33750000               1.0467988286994911              0.0597556512764982              1.0795650947201003              1.6193476420793407              1.6666666666670000              1.6666666666670000
       0.34250000               1.0478440830662552              0.0610644759247310              1.0813635173666936              1.6220452760492292              1.6666666666670000              1.6666666666670000
       0.34750000               1.0488923556090726              0.0623760037570004              1.0831663612624935              1.6247495418929279              1.6666666666670000              1.6666666666670000
       0.35250000               1.0499444857665512              0.0636891964567667              1.0849745388757928              1.6274618083128753              1.6666666666670000              1.6666666666670000
       0.35750000               1.0509972244575778              0.0650025795666180              1.0867895445864704              1.6301843168788903              1.6666666666670000              1.6666666666670000
       0.36250000               1.0520530438978339              0.0663177207209829              1.0886087131638151              1.6329130697449061              1.6666666666670000              1.6666666666670000
       0.36750000               1.0531103051671289              0.0676360286787189              1.0904295690354542              1.6356443535523633              1.6666666666670000              1.6666666666670000
       0.37250000               1.0541641864121847              0.0689577761920872              1.0922511991722119              1.6383767987574984              1.6666666666670000              1.6666666666670000
       0.37750000               1.0552204220829964              0.0702804450556851              1.0940765841252038              1.6411148761869851              1.6666666666670000              1.6666666666670000
       0.38250000               1.0562825493077841              0.0716001987822657              1.0959104815958398              1.6438657223929378              1.6666666666670000              1.6666666666670000
       0.38750000               1.0573451421237710              0.0729178474633708              1.0977513557386522              1.6466270336071549              1.6666666666670000              1.6666666666670000
       0.39250000               1.0584090246447495              0.0742358123180891              1.0995951834708739              1.6493927752054862              1.6666666666670000              1.6666666666670000
       0.39750000               1.0594747996938405              0.0755564029077995              1.1014383557524563              1.6521575336278582              1.6666666666670000              1.6666666666670000
       0.40250000               1.0605365116179055              0.0768792414725805              1.1032807219636420              1.6549210829446355              1.6666666666670000              1.6666666666670000
       0.40750000               1.0615965441330752              0.0782032993732761              1.1051232101729118              1.6576848152585388              1.6666666666670000              1.6666666666670000
       0.41250000               1.0626622899797824              0.0795258071300519              1.1069692577426911              1.6604538866132064              1.6666666666670000              1.6666666666670000
       0.41750000               1.0637277620194827              0.0808465383626527              1.1088182908402771              1.6632274362595840              1.6666666666670000              1.6666666666670000
       0.42250000               1.0647908173100431              0.0821659106089965              1.1106696667020082              1.6660045000521790              1.6666666666670000              1.6666666666670000
       0.42750000               1.0658572817254843              0.0834840529861253              1.1125213949377100              1.6687820924057306              1.6666666666670000              1.6666666666670000
       0.43250000               1.0669210678779268              0.0848014742051134              1.1143731761984317              1.6715597642968114              1.6666666666670000              1.6666666666670000
       0.43750000               1.0679783222711732              0.0861172263419279              1.1162238799086941              1.6743358198622038              1.6666666666670000              1.6666666666670000
       0.44250000               1.0690438266691280              0.0874310134070482              1.1180756819319646              1.6771135228971081              1.6666666666670000              1.6666666666670000
       0.44750000               1.0701125495754449              0.0887390431497633              1.1199360934325333              1.6799041401479602              1.6666666666670000              1.6666666666670000
       0.45250000               1.0711763188206158              0.0900445362265942              1.1218011801022925              1.6827017701525973              1.6666666666670000              1.6666666666670000
       0.45750000               1.0722419108512533              0.0913562084930277              1.1236553970124337              1.6854830955178075              1.6666666666670000              1.6666666666670000
       0.46250000               1.0732953409551107              0.0926634646744206              1.1254920010328024              1.6882380015483596              1.6666666666670000              1.6666666666670000
       0.46750000               1.0743329363190097              0.0939582549020523              1.1273173223268709              1.6909759834894609              1.6666666666670000              1.6666666666670000
       0.47250000               1.0753576252123211              0.0952189744328564              1.1291066366878260              1.6936599550308920              1.6666666666670000              1.6666666666670000
       0.47750000               1.0763779797709310              0.0964715869676580              1.1308881231827907              1.6963321847733379              1.6666666666670000              1.6666666666670000
       0.48250000               1.0774981092064104              0.0978541690537161              1.1328582310234163              1.6992873465342746              1.6666666666670000              1.6666666666670000
       0.48750000               1.0788757341054784              0.0995269083647070              1.1352750111123804              1.7029125166677190              1.6666666666670000              1.6666666666670000
       0.49250000               1.0803712201988389              0.1013354021250958              1.1378921485063971              1.7068382227587422              1.6666666666670000              1.6666666666670000
       0.49750000               1.0813443093021093              0.1025806708342002              1.1396131929613709              1.7094197894412013              1.6666666666670000              1.6666666666670000
       0.50250000               1.0813829764797682              0.1026603293320038              1.1396928416395777              1.7095392624585117              1.6666666666670000              1.6666666666670000
       0.50750000               1.0789508433223207              0.0995473661058214              1.1354050316299424              1.7031075474440620              1.6666666666670000              1.6666666666670000
       0.51250000               1.0699034325782077              0.0885652697407635              1.1196096167084573              1.6794144250618459              1.6666666666670000              1.6666666666670000
       0.51750000               1.0503093202181715              0.0641199503474494              1.0855968966391323              1.6283953449578841              1.6666666666670000              1.6666666666670000
       0.52250000               1.0221235631076560              0.0284612120100543              1.0373965460235812              1.5560948190345938              1.6666666666670000              1.6666666666670000
       0.52750000               1.0054213357227675              0.0071532140512905              1.0092792445419241              1.5139188668121288              1.6666666666670000              1.6666666666670000
       0.53250000               1.0013528334089572              0.0019197370923147              1.0024918036479273              1.5037377054711394              1.6666666666670000              1.6666666666670000
       0.53750000               1.0002834816830741              0.0005412393588081              1.0007096596451259              1.5010644894669383              1.6666666666670000              1.6666666666670000
       0.54250000               0.9999869359302114              0.0001594153973163              1.0002164341310673              1.5003246511958506              1.6666666666670000              1.6666666666670000
       0.54750000               0.9999034131960350              0.0000530568911511              1.0000779133827638              1.5001168700733956              1.6666666666670000              1.6666666666670000
       0.55250000               0.9998776212441275              0.0000218717040666              1.0000361425672515              1.5000542138501269              1.6666666666670000              1.6666666666670000
       0.55750000               0.9998673092918769              0.0000116285718968              1.0000213241303089              1.5000319861947131              1.6666666666670000              1.6666666666670000
       0.56250000               0.9998612678597349              0.0000074849790372              1.0000147166195885              1.5000220749286326              1.6666666666670000              1.6666666666670000
       0.56750000               0.9998574051672789              0.0000051017584395              1.0000112058380151              1.5000168087562726              1.6666666666670000              1.6666666666670000
       0.57250000               0.9998551837178369              0.0000029767113199              1.0000093802724788              1.5000140704079681              1.6666666666670000              1.6666666666670000
       0.57750000               0.9998533712890539              0.0000008933400076              1.0000084531696005              1.5000126797536504              1.6666666666670000              1.6666666666670000
       0.58250000               0.9998514435932017             -0.0000008686815721              1.0000079190524869              1.5000118785779801              1.6666666666670000              1.6666666666670000
       0.58750000               0.9998500862657728             -0.0000020255854978              1.0000074257180220              1.5000111385762829              1.6666666666670000              1.6666666666670000
       0.59250000               0.9998487843193378             -0.0000025789678482              1.0000067877985286              1.5000101816970428              1.6666666666670000              1.6666666666670000
       0.59750000               0.9998468283890151             -0.0000027556174367              1.0000060443251351              1.5000090664869525              1.6666666666670000              1.6666666666670000
       0.60250000               0.9998451551873595             -0.0000027019523706              1.0000052457795128              1.5000078686685190              1.6666666666670000              1.6666666666670000
       0.60750000               0.9998437600201188             -0.0000025473385181              1.0000045116080389              1.5000067674113082              1.6666666666670000              1.6666666666670000
       0.61250000               0.9998418443235998             -0.0000024068982546              1.0000039582608453              1.5000059373905177              1.6666666666670000              1.6666666666670000
       0.61750000               0.9998406592589586             -0.0000023637089198              1.0000036472215861              1.5000054708316288              1.6666666666670000              1.6666666666670000
       0.62250000               0.9998402898151547             -0.0000024587288758              1.0000035897813095              1.5000053846712142              1.6666666666670000              1.6666666666670000
       0.62750000               0.9998400746759806             -0.0000026928010819              1.0000037627282594              1.5000056440916392              1.6666666666670000              1.6666666666670000
       0.63250000               0.9998395455849444             -0.0000030350148314              1.0000041134292137              1.5000061701430705              1.6666666666670000              1.6666666666670000
       0.63750000               0.9998392316990243             -0.0000034179576877              1.0000045453541728              1.5000068180305091              1.6666666666670000              1.6666666666670000
       0.64250000               0.9998387948413666             -0.0000037314005387              1.0000049074835529              1.5000073612245790              1.6666666666670000              1.6666666666670000
       0.64750000               0.9998379173008632             -0.0000038441847533              1.0000050238829854              1.5000075358237281              1.6666666666670000              1.6666666666670000
       0.65250000               0.9998367797256877             -0.0000036250642279              1.0000047209465297              1.5000070814190443              1.6666666666670000              1.6666666666670000
       0.65750000               0.9998348266453362             -0.0000032314166317              1.0000041991764601              1.5000062987639400              1.6666666666670000              1.6666666666670000
       0.66250000               0.9998311716990581             -0.0000028849052203              1.0000037427367954              1.5000056141044431              1.6666666666670000              1.6666666666670000
       0.66750000               0.9998275750266200             -0.0000027925441020              1.0000036173797113              1.5000054260688169              1.6666666666670000              1.6666666666670000
       0.67250000               0.9998234012871351             -0.0000031875453621              1.0000041231365222              1.5000061847040331              1.6666666666670000              1.6666666666670000
       0.67750000               0.9998151799139772             -0.0000038179575265              1.0000049341020132              1.5000074011522697              1.6666666666670000              1.6666666666670000
       0.68250000               0.9997936204396649             -0.0000043649203573              1.0000056382297133              1.5000084573438197              1.6666666666670000              1.6666666666670000
       0.68750000               0.9997655625811237             -0.0000046204581664              1.0000059667688315              1.5000089501524969              1.6666666666670000              1.6666666666670000
       0.69250000               0.9997571646805674             -0.0000045241494196              1.0000058415945270              1.5000087623910403              1.6666666666670000              1.6666666666670000
       0.69750000               0.9997638786558581             -0.0000041561771494              1.0000053661037065              1.5000080491548096              1.6666666666670000              1.6666666666670000
       0.70250000               0.9997729256380939             -0.0000035929208436              1.0000046387791415              1.5000069581679623              1.6666666666670000              1.6666666666670000
       0.70750000               0.9997808675450474             -0.0000029324954918              1.0000037861453579              1.5000056792172869              1.6666666666670000              1.6666666666670000
       0.71250000               0.9997934944352735             -0.0000023084354624              1.0000029805000905              1.5000044707493856              1.6666666666670000              1.6666666666670000
       0.71750000               0.9998163408577089             -0.0000018870879279              1.0000024365324751              1.5000036547979627              1.6666666666670000              1.6666666666670000
       0.72250000               0.9998286578858450             -0.0000018708412964              1.0000024154877483              1.5000036232308722              1.6666666666670000              1.6666666666670000
       0.72750000               0.9998324102480519             -0.0000025196997247              1.0000032530018965              1.5000048795020946              1.6666666666670000              1.6666666666670000
       0.73250000               0.9998317610546322             -0.0000035210253367              1.0000045455040767              1.5000068182553650              1.6666666666670000              1.6666666666670000
       0.73750000               0.9998306165287384             -0.0000043543431843              1.0000056211385377              1.5000084317070566              1.6666666666670000              1.6666666666670000
       0.74250000               0.9998301187774236             -0.0000045403734686              1.0000058612271483              1.5000087918399723              1.6666666666670000              1.6666666666670000
       0.74750000               0.9998296212230051             -0.0000041876827726              1.0000054059338206              1.5000081088999810              1.6666666666670000              1.6666666666670000
       0.75250000               0.9998286589158808             -0.0000035384933958              1.0000045679317322              1.5000068518968481              1.6666666666670000              1.6666666666670000
       0.75750000               0.9998267110398125             -0.0000029029958009              1.0000037476320403              1.5000056214473103              1.6666666666670000              1.6666666666670000
       0.76250000               0.9998253637130446             -0.0000025739144302              1.0000033228944247              1.5000049843408871              1.6666666666670000              1.6666666666670000
       0.76750000               0.9998242829725877             -0.0000026055127548              1.0000033637454711              1.5000050456174567              1.6666666666670000              1.6666666666670000
       0.77250000               0.9998232981152729             -0.0000028734370865              1.0000037096390659              1.5000055644578487              1.6666666666670000              1.6666666666670000
       0.77750000               0.9998229511710374             -0.0000032748244072              1.0000042277961099              1.5000063416934151              1.6666666666670000              1.6666666666670000
       0.78250000               0.9998227489659431             -0.0000037013408691              1.0000047783871375              1.5000071675799564              1.6666666666670000              1.6666666666670000
       0.78750000               0.9998218052950382             -0.0000040664720217              1.0000052497374439              1.5000078746054157              1.6666666666670000              1.6666666666670000
       0.79250000               0.9998219795081035             -0.0000043230851447              1.0000055810105815              1.5000083715151220              1.6666666666670000              1.6666666666670000
       0.79750000               0.9998246939281111             -0.0000044367012830              1.0000057277104832              1.5000085915649748              1.6666666666670000              1.6666666666670000
       0.80250000               0.9998273814918601             -0.0000043304795837              1.0000055906670462              1.5000083859998190              1.6666666666670000              1.6666666666670000
       0.80750000               0.9998290309951277             -0.0000038734709128              1.0000050008791255              1.5000075013179381              1.6666666666670000              1.6666666666670000
       0.81250000               0.9998293249423853             -0.0000032260555111              1.0000041654437377              1.5000062481648566              1.6666666666670000              1.6666666666670000
       0.81750000               0.9998274993263147             -0.0000026973291707              1.0000034834544720              1.5000052251809579              1.6666666666670000              1.6666666666670000
       0.82250000               0.9998258010561043             -0.0000026227318859              1.0000033880226746              1.5000050820332620              1.6666666666670000              1.6666666666670000
       0.82750000               0.9998250178564330             -0.0000033054089347              1.0000042705841998              1.5000064058755496              1.6666666666670000              1.6666666666670000
       0.83250000               0.9998237544160891             -0.0000042651224215              1.0000055113742574              1.5000082670606358              1.6666666666670000              1.6666666666670000
       0.83750000               0.9998228294493939             -0.0000049732978602              1.0000064283506955              1.5000096425252933              1.6666666666670000              1.6666666666670000
       0.84250000               0.9998221984266468             -0.0000051290815385              1.0000066336163767              1.5000099504238147              1.6666666666670000              1.6666666666670000
       0.84750000               0.9998211806182672             -0.0000048579544727              1.0000062898739575              1.5000094348101860              1.6666666666670000              1.6666666666670000
       0.85250000               0.9998192474496091             -0.0000043039777054              1.0000055841441824              1.5000083762155234              1.6666666666670000              1.6666666666670000
       0.85750000               0.9998176179615692             -0.0000035992671694              1.0000046884804785              1.5000070327199677              1.6666666666670000              1.6666666666670000
       0.86250000               0.9998160975720115             -0.0000028785475492              1.0000037789360834              1.5000056684033751              1.6666666666670000              1.6666666666670000
       0.86750000               0.9998142876273932             -0.0000022572619745              1.0000030075748036              1.5000045113614553              1.6666666666670000              1.6666666666670000
       0.87250000               0.9998141555580374             -0.0000018522640969              1.0000025295599764              1.5000037943392146              1.6666666666670000              1.6666666666670000
       0.87750000               0.9998143215107861             -0.0000018046185969              1.0000025331219711              1.5000037996822067              1.6666666666670000              1.6666666666670000
       0.88250000               0.9998142303248817             -0.0000024572166778              1.0000034695680007              1.5000052043512511              1.6666666666670000              1.6666666666670000
       0.88750000               0.9998143265107426             -0.0000036306311898              1.0000051194841990              1.5000076792255486              1.6666666666670000              1.6666666666670000
       0.89250000               0.9998146698381307             -0.0000046854861309              1.0000066745583986              1.5000100118368480              1.6666666666670000              1.6666666666670000
       0.89750000               0.9998142532920825             -0.0000048841118935              1.0000072061772196              1.5000108092650792              1.6666666666670000              1.6666666666670000
       0.90250000               0.9998118005512286             -0.0000040936243798              1.0000065753444414              1.5000098630159122              1.6666666666670000              1.6666666666670000
       0.90750000               0.9998079300142119             -0.0000028482902003              1.0000055162686006              1.5000082744021506              1.6666666666670000              1.6666666666670000
       0.91250000               0.9998015024283373             -0.0000016935538683              1.0000047936393253              1.5000071904582377              1.6666666666670000              1.6666666666670000
       0.91750000               0.9997944051913122             -0.0000011975759734              1.0000052228179581              1.5000078342261869              1.6666666666670000              1.6666666666670000
       0.92250000               0.9997915070753781             -0.0000011190918399              1.0000066025394299              1.5000099038083949              1.6666666666670000              1.6666666666670000
       0.92750000               0.9997916435475419             -0.0000010983179759              1.0000086156227188              1.5000129234333279              1.6666666666670000              1.6666666666670000
       0.93250000               0.9997936430122608             -0.0000007306353909              1.0000109353317108              1.5000164029968164              1.6666666666670000              1.6666666666670000
       0.93750000               0.9997987428090030              0.0000003187996348              1.0000133875138562              1.5000200812700342              1.6666666666670000              1.6666666666670000
       0.94250000               0.9998049938006027              0.0000021612840940              1.0000161668631125              1.5000242502939185              1.6666666666670000              1.6666666666670000
       0.94750000               0.9998115187820297              0.0000048968041553              1.0000195849176081              1.5000293773756621              1.6666666666670000              1.6666666666670000
       0.95250000               0.9998223841160502              0.0000087573614246              1.0000239120043706              1.5000358680058059              1.6666666666670000              1.6666666666670000
       0.95750000               0.9998302667278240              0.0000141485177634              1.0000293561772877              1.5000440342651815              1.6666666666670000              1.6666666666670000
       0.96250000               0.9998341319219247              0.0000214126773774              1.0000364076221775              1.5000546114325162              1.6666666666670000              1.6666666666670000
       0.96750000               0.9998395792152049              0.0000307367334492              1.0000460035634386              1.5000690053444077              1.6666666666670000              1.6666666666670000
       0.97250000               0.9998475844295510              0.0000423158358917              1.0000593693661142              1.5000890540484209              1.6666666666670000              1.6666666666670000
       0.97750000               0.9998586990508427              0.0000563141761693              1.0000781281359097              1.5001171922031142              1.6666666666670000              1.6666666666670000
       0.98250000               0.9998735082217917              0.0000733846483538              1.0001036940742027              1.5001555411105540              1.6666666666670000              1.6666666666670000
       0.98750000               0.9998922579503734              0.0000956124592029              1.0001361213140056              1.5002041819702585              1.6666666666670000              1.6666666666670000
       0.99250000               0.9999141921150795              0.0001249920491986              1.0001761361524695              1.5002642042279541              1.6666666666670000              1.6666666666670000
       0.99750000               0.9999416893083063              0.0001631371182748              1.0002255710381358              1.5003383565564536              1.6666666666670000              1.6666666666670000
