       0.00250000               1.0384380493975396              1.0000000000000024              0.5999999999998773              0.8999999999993659              1.6666666666670000              1.6666666666670000
       0.00750000               1.0320061274323242              0.9999999999999981              0.5999999999998812              0.8999999999993717              1.6666666666670000              1.6666666666670000
       0.01250000               1.0265177043723750              1.0000000000000004              0.5999999999998783              0.8999999999993674              1.6666666666670000              1.6666666666670000
       0.01750000               1.0218610655871898              1.0000000000000009              0.5999999999998780              0.8999999999993669              1.6666666666670000              1.6666666666670000
       0.02250000               1.0179325115713056              1.0000000000000004              0.5999999999998792              0.8999999999993687              1.6666666666670000              1.6666666666670000
       0.02750000               1.0146368379960951              0.9999999999999980              0.5999999999998816              0.8999999999993724              1.6666666666670000              1.6666666666670000
       0.03250000               1.0118875378529693              0.9999999999999984              0.5999999999998810              0.8999999999993714              1.6666666666670000              1.6666666666670000
       0.03750000               1.0096067699508324              1.0000000000000024              0.5999999999998769              0.8999999999993652              1.6666666666670000              1.6666666666670000
       0.04250000               1.0077251374281173              0.9999999999999978              0.5999999999998810              0.8999999999993714              1.6666666666670000              1.6666666666670000
       0.04750000               1.0061813178742858              1.0000000000000036              0.5999999999998756              0.8999999999993633              1.6666666666670000              1.6666666666670000
       0.05250000               1.0049215834761578              1.0000000000000020              0.5999999999998771              0.8999999999993656              1.6666666666670000              1.6666666666670000
       0.05750000               1.0038992456454636              1.0000000000000018              0.5999999999998772              0.8999999999993658              1.6666666666670000              1.6666666666670000
       0.06250000               1.0030740541561005              0.9999999999999984              0.5999999999998803              0.8999999999993703              1.6666666666670000              1.6666666666670000
       0.06750000               1.0024115761935160              0.9999999999999998              0.5999999999998785              0.8999999999993678              1.6666666666670000              1.6666666666670000
       0.07250000               1.0018825761233434              0.9999999999999996              0.5999999999998792              0.8999999999993689              1.6666666666670000              1.6666666666670000
       0.07750000               1.0014624124007487              1.0000000000000018              0.5999999999998769              0.8999999999993653              1.6666666666670000              1.6666666666670000
       0.08250000               1.0011304639989136              0.9999999999999984              0.5999999999998807              0.8999999999993710              1.6666666666670000              1.6666666666670000
       0.08750000               1.0008695951227990              1.0000000000000016              0.5999999999998771              0.8999999999993656              1.6666666666670000              1.6666666666670000
       0.09250000               1.0006656638440463              0.9999999999999998              0.5999999999998787              0.8999999999993681              1.6666666666670000              1.6666666666670000
       0.09750000               1.0005070776618827              0.9999999999999982              0.5999999999998810              0.8999999999993714              1.6666666666670000              1.6666666666670000
       0.10250000               1.0003843968566575              0.9999999999999998              0.5999999999998793              0.8999999999993690              1.6666666666670000              1.6666666666670000
       0.10750000               1.0002899848284310              0.9999999999999942              0.5999999999998848              0.8999999999993772              1.6666666666670000              1.6666666666670000
       0.11250000               1.0002177033615989              0.9999999999999991              0.5999999999998799              0.8999999999993697              1.6666666666670000              1.6666666666670000
       0.11750000               1.0001626498770755              1.0000000000000016              0.5999999999998771              0.8999999999993656              1.6666666666670000              1.6666666666670000
       0.12250000               1.0001209331703620              1.0000000000000002              0.5999999999998790              0.8999999999993683              1.6666666666670000              1.6666666666670000
       0.12750000               1.0000894838324690              0.9999999999999996              0.5999999999998793              0.8999999999993690              1.6666666666670000              1.6666666666670000
       0.13250000               1.0000658954571453              0.9999999999999996              0.5999999999998795              0.8999999999993692              1.6666666666670000              1.6666666666670000
       0.13750000               1.0000482928037890              0.9999999999999973              0.5999999999998821              0.8999999999993730              1.6666666666670000              1.6666666666670000
       0.14250000               1.0000352232672467              0.9999999999999998              0.5999999999998796              0.8999999999993694              1.6666666666670000              1.6666666666670000
       0.14750000               1.0000255682658641              1.0000000000000007              0.5999999999998786              0.8999999999993680              1.6666666666670000              1.6666666666670000
       0.15250000               1.0000184714664440              0.9999999999999982              0.5999999999998807              0.8999999999993711              1.6666666666670000              1.6666666666670000
       0.15750000               1.0000132810951299              0.9999999999999976              0.5999999999998817              0.8999999999993726              1.6666666666670000              1.6666666666670000
       0.16250000               1.0000095039175210              1.0000000000000016              0.5999999999998774              0.8999999999993660              1.6666666666670000              1.6666666666670000
       0.16750000               1.0000067687962848              1.0000000000000009              0.5999999999998789              0.8999999999993682              1.6666666666670000              1.6666666666670000
       0.17250000               1.0000047980399374              0.9999999999999984              0.5999999999998807              0.8999999999993711              1.6666666666670000              1.6666666666670000
       0.17750000               1.0000033850358652              1.0000000000000007              0.5999999999998784              0.8999999999993676              1.6666666666670000              1.6666666666670000
       0.18250000               1.0000023769098738              0.9999999999999984              0.5999999999998806              0.8999999999993711              1.6666666666670000              1.6666666666670000
       0.18750000               1.0000016611731373              1.0000000000000002              0.5999999999998787              0.8999999999993682              1.6666666666670000              1.6666666666670000
       0.19250000               1.0000011555070059              0.9999999999999982              0.5999999999998810              0.8999999999993714              1.6666666666670000              1.6666666666670000
       0.19750000               1.0000007999982070              0.9999999999999998              0.5999999999998790              0.8999999999993683              1.6666666666670000              1.6666666666670000
       0.20250000               1.0000005512746371              0.9999999999999993              0.5999999999998801              0.8999999999993700              1.6666666666670000              1.6666666666670000
       0.20750000               1.0000003781054596              0.9999999999999996              0.5999999999998797              0.8999999999993696              1.6666666666670000              1.6666666666670000
       0.21250000               1.0000002581218121              1.0000000000000009              0.5999999999998786              0.8999999999993679              1.6666666666670000              1.6666666666670000
       0.21750000               1.0000001753881265              1.0000000000000002              0.5999999999998790              0.8999999999993683              1.6666666666670000              1.6666666666670000
       0.22250000               1.0000001186135239              0.9999999999999980              0.5999999999998810              0.8999999999993715              1.6666666666670000              1.6666666666670000
       0.22750000               1.0000000798410766              0.9999999999999982              0.5999999999998810              0.8999999999993714              1.6666666666670000              1.6666666666670000
       0.23250000               1.0000000534921702              1.0000000000000009              0.5999999999998776              0.8999999999993664              1.6666666666670000              1.6666666666670000
       0.23750000               1.0000000356742897              0.9999999999999989              0.5999999999998805              0.8999999999993709              1.6666666666670000              1.6666666666670000
       0.24250000               1.0000000236838225              0.9999999999999991              0.5999999999998800              0.8999999999993700              1.6666666666670000              1.6666666666670000
       0.24750000               1.0000000156521973              1.0000000000000009              0.5999999999998781              0.8999999999993671              1.6666666666670000              1.6666666666670000
       0.25250000               1.0000000102955802              0.9999999999999962              0.5999999999998830              0.8999999999993743              1.6666666666670000              1.6666666666670000
       0.25750000               1.0000000067379879              0.9999999999999969              0.5999999999998835              0.8999999999993753              1.6666666666670000              1.6666666666670000
       0.26250000               1.0000000043859638              0.9999999999999996              0.5999999999998801              0.8999999999993701              1.6666666666670000              1.6666666666670000
       0.26750000               1.0000000028396170              1.0000000000000018              0.5999999999998779              0.8999999999993666              1.6666666666670000              1.6666666666670000
       0.27250000               1.0000000018300073              0.9999999999999998              0.5999999999998799              0.8999999999993697              1.6666666666670000              1.6666666666670000
       0.27750000               1.0000000011759769              0.9999999999999982              0.5999999999998811              0.8999999999993716              1.6666666666670000              1.6666666666670000
       0.28250000               1.0000000007552596              0.9999999999999996              0.5999999999998806              0.8999999999993710              1.6666666666670000              1.6666666666670000
       0.28750000               1.0000000004855660              1.0000000000000000              0.5999999999998796              0.8999999999993694              1.6666666666670000              1.6666666666670000
       0.29250000               1.0000000003121656              1.0000000000000020              0.5999999999998774              0.8999999999993661              1.6666666666670000              1.6666666666670000
       0.29750000               1.0000000001994758              1.0000000000000002              0.5999999999998795              0.8999999999993692              1.6666666666670000              1.6666666666670000
       0.30250000               1.0000000001250773              1.0000000000000000              0.5999999999998796              0.8999999999993693              1.6666666666670000              1.6666666666670000
       0.30750000               1.0000000000755032              0.9999999999999989              0.5999999999998804              0.8999999999993706              1.6666666666670000              1.6666666666670000
       0.31250000               1.0000000000432157              1.0000000000000004              0.5999999999998791              0.8999999999993686              1.6666666666670000              1.6666666666670000
       0.31750000               1.0000000000245051              0.9999999999999987              0.5999999999998811              0.8999999999993716              1.6666666666670000              1.6666666666670000
       0.32250000               1.0000000000179394              1.0000000000000004              0.5999999999998793              0.8999999999993689              1.6666666666670000              1.6666666666670000
       0.32750000               1.0000000000233387              1.0000000000000018              0.5999999999998781              0.8999999999993671              1.6666666666670000              1.6666666666670000
       0.33250000               1.0000000000413589              1.0000000000000007              0.5999999999998799              0.8999999999993697              1.6666666666670000              1.6666666666670000
       0.33750000               1.0000000000739466              0.9999999999999978              0.5999999999998827              0.8999999999993740              1.6666666666670000              1.6666666666670000
       0.34250000               1.0000000001253406              1.0000000000000020              0.5999999999998784              0.8999999999993675              1.6666666666670000              1.6666666666670000
       0.34750000               1.0000000002035641              0.9999999999999978              0.5999999999998825              0.8999999999993739              1.6666666666670000              1.6666666666670000
       0.35250000               1.0000000003224521              0.9999999999999989              0.5999999999998811              0.8999999999993716              1.6666666666670000              1.6666666666670000
       0.35750000               1.0000000005047316              1.0000000000000013              0.5999999999998795              0.8999999999993692              1.6666666666670000              1.6666666666670000
       0.36250000               1.0000000007864431              1.0000000000000004              0.5999999999998806              0.8999999999993710              1.6666666666670000              1.6666666666670000
       0.36750000               1.0000000012234360              1.0000000000000009              0.5999999999998797              0.8999999999993695              1.6666666666670000              1.6666666666670000
       0.37250000               1.0000000019008588              1.0000000000000011              0.5999999999998790              0.8999999999993685              1.6666666666670000              1.6666666666670000
       0.37750000               1.0000000029470046              0.9999999999999984              0.5999999999998819              0.8999999999993727              1.6666666666670000              1.6666666666670000
       0.38250000               1.0000000045536648              1.0000000000000007              0.5999999999998792              0.8999999999993687              1.6666666666670000              1.6666666666670000
       0.38750000               1.0000000070062218              1.0000000000000000              0.5999999999998801              0.8999999999993702              1.6666666666670000              1.6666666666670000
       0.39250000               1.0000000107278866              0.9999999999999982              0.5999999999998813              0.8999999999993720              1.6666666666670000              1.6666666666670000
       0.39750000               1.0000000163443896              0.9999999999999998              0.5999999999998806              0.8999999999993707              1.6666666666670000              1.6666666666670000
       0.40250000               1.0000000247774847              0.9999999999999984              0.5999999999998813              0.8999999999993719              1.6666666666670000              1.6666666666670000
       0.40750000               1.0000000373786857              0.9999999999999978              0.5999999999998819              0.8999999999993727              1.6666666666670000              1.6666666666670000
       0.41250000               1.0000000561190978              0.9999999999999960              0.5999999999998838              0.8999999999993757              1.6666666666670000              1.6666666666670000
       0.41750000               1.0000000838571830              0.9999999999999980              0.5999999999998824              0.8999999999993735              1.6666666666670000              1.6666666666670000
       0.42250000               1.0000001247148278              0.9999999999999971              0.5999999999998832              0.8999999999993749              1.6666666666670000              1.6666666666670000
       0.42750000               1.0000001846031430              0.9999999999999991              0.5999999999998813              0.8999999999993720              1.6666666666670000              1.6666666666670000
       0.43250000               1.0000002719540588              0.9999999999999976              0.5999999999998831              0.8999999999993746              1.6666666666670000              1.6666666666670000
       0.43750000               1.0000003987322286              1.0000000000000009              0.5999999999998786              0.8999999999993680              1.6666666666670000              1.6666666666670000
       0.44250000               1.0000005818258964              0.9999999999999991              0.5999999999998810              0.8999999999993715              1.6666666666670000              1.6666666666670000
       0.44750000               1.0000008449460438              0.9999999999999993              0.5999999999998800              0.8999999999993700              1.6666666666670000              1.6666666666670000
       0.45250000               1.0000012212032929              0.9999999999999996              0.5999999999998813              0.8999999999993719              1.6666666666670000              1.6666666666670000
       0.45750000               1.0000017565825261              0.9999999999999993              0.5999999999998809              0.8999999999993713              1.6666666666670000              1.6666666666670000
       0.46250000               1.0000025145992602              0.9999999999999984              0.5999999999998820              0.8999999999993730              1.6666666666670000              1.6666666666670000
       0.46750000               1.0000035825007016              1.0000000000000004              0.5999999999998792              0.8999999999993687              1.6666666666670000              1.6666666666670000
       0.47250000               1.0000050794713522              0.9999999999999982              0.5999999999998820              0.8999999999993730              1.6666666666670000              1.6666666666670000
       0.47750000               1.0000071674202364              0.9999999999999998              0.5999999999998802              0.8999999999993702              1.6666666666670000              1.6666666666670000
       0.48250000               1.0000100650679493              1.0000000000000004              0.5999999999998797              0.8999999999993695              1.6666666666670000              1.6666666666670000
       0.48750000               1.0000140662187202              1.0000000000000002              0.5999999999998799              0.8999999999993696              1.6666666666670000              1.6666666666670000
       0.49250000               1.0000195632988007              1.0000000000000009              0.5999999999998790              0.8999999999993683              1.6666666666670000              1.6666666666670000
       0.49750000               1.0000270774682647              0.9999999999999998              0.5999999999998802              0.8999999999993703              1.6666666666670000              1.6666666666670000
       0.50250000               1.0000372968692246              1.0000000000000016              0.5999999999998779              0.8999999999993669              1.6666666666670000              1.6666666666670000
       0.50750000               1.0000511248576232              1.0000000000000016              0.5999999999998784              0.8999999999993676              1.6666666666670000              1.6666666666670000
       0.51250000               1.0000697403740719              0.9999999999999987              0.5999999999998810              0.8999999999993714              1.6666666666670000              1.6666666666670000
       0.51750000               1.0000946729355813              0.9999999999999989              0.5999999999998814              0.8999999999993720              1.6666666666670000              1.6666666666670000
       0.52250000               1.0001278950640133              0.9999999999999991              0.5999999999998810              0.8999999999993714              1.6666666666670000              1.6666666666670000
       0.52750000               1.0001719352940044              0.9999999999999991              0.5999999999998816              0.8999999999993724              1.6666666666670000              1.6666666666670000
       0.53250000               1.0002300152023280              0.9999999999999998              0.5999999999998804              0.8999999999993706              1.6666666666670000              1.6666666666670000
       0.53750000               1.0003062141453143              0.9999999999999982              0.5999999999998815              0.8999999999993723              1.6666666666670000              1.6666666666670000
       0.54250000               1.0004056655493259              1.0000000000000000              0.5999999999998803              0.8999999999993703              1.6666666666670000              1.6666666666670000
       0.54750000               1.0005347886347837              0.9999999999999989              0.5999999999998813              0.8999999999993720              1.6666666666670000              1.6666666666670000
       0.55250000               1.0007015593234021              0.9999999999999989              0.5999999999998813              0.8999999999993720              1.6666666666670000              1.6666666666670000
       0.55750000               1.0009158237308924              0.9999999999999998              0.5999999999998794              0.8999999999993691              1.6666666666670000              1.6666666666670000
       0.56250000               1.0011896570259016              0.9999999999999984              0.5999999999998814              0.8999999999993721              1.6666666666670000              1.6666666666670000
       0.56750000               1.0015377694832117              0.9999999999999996              0.5999999999998794              0.8999999999993691              1.6666666666670000              1.6666666666670000
       0.57250000               1.0019779602238970              0.9999999999999987              0.5999999999998811              0.8999999999993715              1.6666666666670000              1.6666666666670000
       0.57750000               1.0025316173745593              1.0000000000000000              0.5999999999998804              0.8999999999993706              1.6666666666670000              1.6666666666670000
       0.58250000               1.0032242611569164              0.9999999999999993              0.5999999999998801              0.8999999999993700              1.6666666666670000              1.6666666666670000
       0.58750000               1.0040861237059178              0.9999999999999998              0.5999999999998804              0.8999999999993705              1.6666666666670000              1.6666666666670000
       0.59250000               1.0051527561927529              0.9999999999999984              0.5999999999998814              0.8999999999993721              1.6666666666670000              1.6666666666670000
       0.59750000               1.0064656501149805              0.9999999999999998              0.5999999999998797              0.8999999999993695              1.6666666666670000              1.6666666666670000
       0.60250000               1.0080728554804039              1.0000000000000002              0.5999999999998792              0.8999999999993687              1.6666666666670000              1.6666666666670000
       0.60750000               1.0100295741785710              1.0000000000000002              0.5999999999998792              0.8999999999993687              1.6666666666670000              1.6666666666670000
       0.61250000               1.0123987022603687              0.9999999999999978              0.5999999999998820              0.8999999999993729              1.6666666666670000              1.6666666666670000
       0.61750000               1.0152512902970630              0.9999999999999989              0.5999999999998810              0.8999999999993715              1.6666666666670000              1.6666666666670000
       0.62250000               1.0186668866459827              0.9999999999999987              0.5999999999998814              0.8999999999993721              1.6666666666670000              1.6666666666670000
       0.62750000               1.0227337245507107              1.0000000000000000              0.5999999999998796              0.8999999999993693              1.6666666666670000              1.6666666666670000
       0.63250000               1.0275487108960850              0.9999999999999998              0.5999999999998804              0.8999999999993704              1.6666666666670000              1.6666666666670000
       0.63750000               1.0332171725653574              0.9999999999999972              0.5999999999998825              0.8999999999993736              1.6666666666670000              1.6666666666670000
       0.64250000               1.0398523161591189              0.9999999999999998              0.5999999999998796              0.8999999999993694              1.6666666666670000              1.6666666666670000
       0.64750000               1.0475743586629713              0.9999999999999989              0.5999999999998806              0.8999999999993709              1.6666666666670000              1.6666666666670000
       0.65250000               1.0565092906454321              0.9999999999999990              0.5999999999998805              0.8999999999993707              1.6666666666670000              1.6666666666670000
       0.65750000               1.0667872397806670              0.9999999999999993              0.5999999999998810              0.8999999999993713              1.6666666666670000              1.6666666666670000
       0.66250000               1.0785404110479608              0.9999999999999992              0.5999999999998805              0.8999999999993707              1.6666666666670000              1.6666666666670000
       0.66750000               1.0919005911753354              0.9999999999999982              0.5999999999998813              0.8999999999993720              1.6666666666670000              1.6666666666670000
       0.67250000               1.1069962191547775              0.9999999999999992              0.5999999999998800              0.8999999999993699              1.6666666666670000              1.6666666666670000
       0.67750000               1.1239490420677627              0.9999999999999988              0.5999999999998806              0.8999999999993709              1.6666666666670000              1.6666666666670000
       0.68250000               1.1428703954643504              0.9999999999999990              0.5999999999998793              0.8999999999993689              1.6666666666670000              1.6666666666670000
       0.68750000               1.1638571688323849              0.9999999999999987              0.5999999999998810              0.8999999999993714              1.6666666666670000              1.6666666666670000
       0.69250000               1.1869875376329881              0.9999999999999994              0.5999999999998795              0.8999999999993693              1.6666666666670000              1.6666666666670000
       0.69750000               1.2123165627381765              0.9999999999999992              0.5999999999998799              0.8999999999993697              1.6666666666670000              1.6666666666670000
       0.70250000               1.2398717756632651              0.9999999999999998              0.5999999999998795              0.8999999999993693              1.6666666666670000              1.6666666666670000
       0.70750000               1.2696488844061924              1.0000000000000007              0.5999999999998787              0.8999999999993681              1.6666666666670000              1.6666666666670000
       0.71250000               1.3016077505501227              1.0000000000000018              0.5999999999998775              0.8999999999993663              1.6666666666670000              1.6666666666670000
       0.71750000               1.3356688026382766              1.0000000000000009              0.5999999999998782              0.8999999999993673              1.6666666666670000              1.6666666666670000
       0.72250000               1.3717100604998851              1.0000000000000009              0.5999999999998781              0.8999999999993671              1.6666666666670000              1.6666666666670000
       0.72750000               1.4095649453912893              1.0000000000000013              0.5999999999998786              0.8999999999993679              1.6666666666670000              1.6666666666670000
       0.73250000               1.4490210373293828              0.9999999999999997              0.5999999999998801              0.8999999999993700              1.6666666666670000              1.6666666666670000
       0.73750000               1.4898199130682599              1.0000000000000002              0.5999999999998793              0.8999999999993690              1.6666666666670000              1.6666666666670000
       0.74250000               1.5316581601263317              0.9999999999999999              0.5999999999998793              0.8999999999993690              1.6666666666670000              1.6666666666670000
       0.74750000               1.5741896225740832              1.0000000000000002              0.5999999999998784              0.8999999999993678              1.6666666666670000              1.6666666666670000
       0.75250000               1.6170289017509321              1.0000000000000007              0.5999999999998785              0.8999999999993678              1.6666666666670000              1.6666666666670000
       0.75750000               1.6597561137148336              1.0000000000000002              0.5999999999998797              0.8999999999993695              1.6666666666670000              1.6666666666670000
       0.76250000               1.7019228905392307              1.0000000000000004              0.5999999999998790              0.8999999999993684              1.6666666666670000              1.6666666666670000
       0.76750000               1.7430595918008416              0.9999999999999998              0.5999999999998801              0.8999999999993702              1.6666666666670000              1.6666666666670000
       0.77250000               1.7826836498987053              0.9999999999999989              0.5999999999998806              0.8999999999993709              1.6666666666670000              1.6666666666670000
       0.77750000               1.8203088976644601              0.9999999999999992              0.5999999999998810              0.8999999999993713              1.6666666666670000              1.6666666666670000
       0.78250000               1.8554556216647764              0.9999999999999991              0.5999999999998807              0.8999999999993711              1.6666666666670000              1.6666666666670000
       0.78750000               1.8876609685684571              0.9999999999999991              0.5999999999998811              0.8999999999993715              1.6666666666670000              1.6666666666670000
       0.79250000               1.9164892363902593              0.9999999999999986              0.5999999999998814              0.8999999999993721              1.6666666666670000              1.6666666666670000
       0.79750000               1.9415415418507775              0.9999999999999986              0.5999999999998817              0.8999999999993725              1.6666666666670000              1.6666666666670000
       0.80250000               1.9624643971509201              0.9999999999999988              0.5999999999998812              0.8999999999993719              1.6666666666670000              1.6666666666670000
       0.80750000               1.9789568731451828              0.9999999999999997              0.5999999999998809              0.8999999999993712              1.6666666666670000              1.6666666666670000
       0.81250000               1.9907763016929314              1.0000000000000000              0.5999999999998799              0.8999999999993697              1.6666666666670000              1.6666666666670000
       0.81750000               1.9977429997314085              1.0000000000000004              0.5999999999998789              0.8999999999993682              1.6666666666670000              1.6666666666670000
       0.82250000               1.9997456191254626              1.0000000000000011              0.5999999999998781              0.8999999999993670              1.6666666666670000              1.6666666666670000
       0.82750000               1.9967496924611199              1.0000000000000016              0.5999999999998776              0.8999999999993664              1.6666666666670000              1.6666666666670000
       0.83250000               1.9888038352092623              1.0000000000000016              0.5999999999998783              0.8999999999993674              1.6666666666670000              1.6666666666670000
       0.83750000               1.9760331463475391              1.0000000000000009              0.5999999999998783              0.8999999999993675              1.6666666666670000              1.6666666666670000
       0.84250000               1.9586310372159490              1.0000000000000009              0.5999999999998785              0.8999999999993678              1.6666666666670000              1.6666666666670000
       0.84750000               1.9368534630575460              1.0000000000000002              0.5999999999998799              0.8999999999993699              1.6666666666670000              1.6666666666670000
       0.85250000               1.9110135169515754              0.9999999999999992              0.5999999999998811              0.8999999999993716              1.6666666666670000              1.6666666666670000
       0.85750000               1.8814751283850706              0.9999999999999979              0.5999999999998826              0.8999999999993740              1.6666666666670000              1.6666666666670000
       0.86250000               1.8486455088432787              0.9999999999999987              0.5999999999998817              0.8999999999993727              1.6666666666670000              1.6666666666670000
       0.86750000               1.8129663954600510              0.9999999999999987              0.5999999999998817              0.8999999999993725              1.6666666666670000              1.6666666666670000
       0.87250000               1.7749043881627045              0.9999999999999990              0.5999999999998814              0.8999999999993722              1.6666666666670000              1.6666666666670000
       0.87750000               1.7349407934285319              0.9999999999999991              0.5999999999998815              0.8999999999993722              1.6666666666670000              1.6666666666670000
       0.88250000               1.6935614184639263              0.9999999999999996              0.5999999999998803              0.8999999999993704              1.6666666666670000              1.6666666666670000
       0.88750000               1.6512467269697026              1.0000000000000004              0.5999999999998800              0.8999999999993700              1.6666666666670000              1.6666666666670000
       0.89250000               1.6084626962553918              1.0000000000000002              0.5999999999998796              0.8999999999993694              1.6666666666670000              1.6666666666670000
       0.89750000               1.5656526296771631              1.0000000000000002              0.5999999999998791              0.8999999999993684              1.6666666666670000              1.6666666666670000
       0.90250000               1.5232300965519854              1.0000000000000007              0.5999999999998792              0.8999999999993687              1.6666666666670000              1.6666666666670000
       0.90750000               1.4815731040327960              1.0000000000000002              0.5999999999998795              0.8999999999993693              1.6666666666670000              1.6666666666670000
       0.91250000               1.4410195537782289              1.0000000000000000              0.5999999999998801              0.8999999999993700              1.6666666666670000              1.6666666666670000
       0.91750000               1.4018639968710107              0.9999999999999986              0.5999999999998816              0.8999999999993724              1.6666666666670000              1.6666666666670000
       0.92250000               1.3643556676032471              0.9999999999999976              0.5999999999998833              0.8999999999993749              1.6666666666670000              1.6666666666670000
       0.92750000               1.3286977458818188              0.9999999999999997              0.5999999999998804              0.8999999999993705              1.6666666666670000              1.6666666666670000
       0.93250000               1.2950477673252572              0.9999999999999979              0.5999999999998823              0.8999999999993733              1.6666666666670000              1.6666666666670000
       0.93750000               1.2635190706051238              0.9999999999999967              0.5999999999998835              0.8999999999993752              1.6666666666670000              1.6666666666670000
       0.94250000               1.2341831458332859              0.9999999999999973              0.5999999999998828              0.8999999999993743              1.6666666666670000              1.6666666666670000
       0.94750000               1.2070727285619451              0.9999999999999986              0.5999999999998810              0.8999999999993715              1.6666666666670000              1.6666666666670000
       0.95250000               1.1821854730210597              0.9999999999999960              0.5999999999998836              0.8999999999993754              1.6666666666670000              1.6666666666670000
       0.95750000               1.1594880359168986              0.9999999999999989              0.5999999999998807              0.8999999999993710              1.6666666666670000              1.6666666666670000
       0.96250000               1.1389204075613104              0.9999999999999990              0.5999999999998803              0.8999999999993705              1.6666666666670000              1.6666666666670000
       0.96750000               1.1204003386837917              0.9999999999999972              0.5999999999998819              0.8999999999993726              1.6666666666670000              1.6666666666670000
       0.97250000               1.1038277272311063              1.0000000000000000              0.5999999999998797              0.8999999999993695              1.6666666666670000              1.6666666666670000
       0.97750000               1.0890888482260768              0.9999999999999973              0.5999999999998820              0.8999999999993729              1.6666666666670000              1.6666666666670000
       0.98250000               1.0760603301170710              0.9999999999999979              0.5999999999998819              0.8999999999993729              1.6666666666670000              1.6666666666670000
       0.98750000               1.0646128020594490              0.9999999999999983              0.5999999999998806              0.8999999999993709              1.6666666666670000              1.6666666666670000
       0.99250000               1.0546141574437686              0.9999999999999998              0.5999999999998797              0.8999999999993695              1.6666666666670000              1.6666666666670000
       0.99750000               1.0459323990095364              1.0000000000000020              0.5999999999998769              0.8999999999993653              1.6666666666670000              1.6666666666670000
