       0.00250000               1.0000001083664503              0.9999999999999993              0.5999999999998805              0.8999999999993707              1.6666666666670000              1.6666666666670000
       0.00750000               1.0000000724357505              1.0000000000000002              0.5999999999998792              0.8999999999993687              1.6666666666670000              1.6666666666670000
       0.01250000               1.0000000481772602              0.9999999999999984              0.5999999999998819              0.8999999999993727              1.6666666666670000              1.6666666666670000
       0.01750000               1.0000000318833913              0.9999999999999996              0.5999999999998802              0.8999999999993703              1.6666666666670000              1.6666666666670000
       0.02250000               1.0000000209952975              1.0000000000000002              0.5999999999998799              0.8999999999993697              1.6666666666670000              1.6666666666670000
       0.02750000               1.0000000137564242              1.0000000000000009              0.5999999999998797              0.8999999999993696              1.6666666666670000              1.6666666666670000
       0.03250000               1.0000000089684435              1.0000000000000013              0.5999999999998782              0.8999999999993674              1.6666666666670000              1.6666666666670000
       0.03750000               1.0000000058181415              0.9999999999999993              0.5999999999998800              0.8999999999993700              1.6666666666670000              1.6666666666670000
       0.04250000               1.0000000037556354              1.0000000000000002              0.5999999999998799              0.8999999999993697              1.6666666666670000              1.6666666666670000
       0.04750000               1.0000000024117945              0.9999999999999982              0.5999999999998814              0.8999999999993721              1.6666666666670000              1.6666666666670000
       0.05250000               1.0000000015411850              0.9999999999999996              0.5999999999998805              0.8999999999993706              1.6666666666670000              1.6666666666670000
       0.05750000               1.0000000009804730              1.0000000000000004              0.5999999999998796              0.8999999999993693              1.6666666666670000              1.6666666666670000
       0.06250000               1.0000000006205143              0.9999999999999996              0.5999999999998803              0.8999999999993704              1.6666666666670000              1.6666666666670000
       0.06750000               1.0000000003900671              1.0000000000000009              0.5999999999998790              0.8999999999993684              1.6666666666670000              1.6666666666670000
       0.07250000               1.0000000002440357              0.9999999999999996              0.5999999999998801              0.8999999999993701              1.6666666666670000              1.6666666666670000
       0.07750000               1.0000000001527729              0.9999999999999996              0.5999999999998809              0.8999999999993711              1.6666666666670000              1.6666666666670000
       0.08250000               1.0000000000954519              1.0000000000000002              0.5999999999998800              0.8999999999993701              1.6666666666670000              1.6666666666670000
       0.08750000               1.0000000000584703              1.0000000000000009              0.5999999999998796              0.8999999999993694              1.6666666666670000              1.6666666666670000
       0.09250000               1.0000000000346894              1.0000000000000000              0.5999999999998801              0.8999999999993701              1.6666666666670000              1.6666666666670000
       0.09750000               1.0000000000213785              1.0000000000000002              0.5999999999998796              0.8999999999993695              1.6666666666670000              1.6666666666670000
       0.10250000               1.0000000000177740              0.9999999999999993              0.5999999999998807              0.8999999999993712              1.6666666666670000              1.6666666666670000
       0.10750000               1.0000000000235028              0.9999999999999984              0.5999999999998812              0.8999999999993719              1.6666666666670000              1.6666666666670000
       0.11250000               1.0000000000385290              1.0000000000000004              0.5999999999998795              0.8999999999993692              1.6666666666670000              1.6666666666670000
       0.11750000               1.0000000000641469              0.9999999999999991              0.5999999999998806              0.8999999999993711              1.6666666666670000              1.6666666666670000
       0.12250000               1.0000000001044462              0.9999999999999998              0.5999999999998801              0.8999999999993700              1.6666666666670000              1.6666666666670000
       0.12750000               1.0000000001677964              1.0000000000000004              0.5999999999998794              0.8999999999993691              1.6666666666670000              1.6666666666670000
       0.13250000               1.0000000002682803              0.9999999999999993              0.5999999999998809              0.8999999999993714              1.6666666666670000              1.6666666666670000
       0.13750000               1.0000000004276295              0.9999999999999998              0.5999999999998797              0.8999999999993697              1.6666666666670000              1.6666666666670000
       0.14250000               1.0000000006787733              1.0000000000000013              0.5999999999998787              0.8999999999993681              1.6666666666670000              1.6666666666670000
       0.14750000               1.0000000010719823              1.0000000000000000              0.5999999999998801              0.8999999999993701              1.6666666666670000              1.6666666666670000
       0.15250000               1.0000000016842703              0.9999999999999993              0.5999999999998797              0.8999999999993696              1.6666666666670000              1.6666666666670000
       0.15750000               1.0000000026330016              1.0000000000000007              0.5999999999998791              0.8999999999993685              1.6666666666670000              1.6666666666670000
       0.16250000               1.0000000040957095              1.0000000000000007              0.5999999999998789              0.8999999999993682              1.6666666666670000              1.6666666666670000
       0.16750000               1.0000000063393277              0.9999999999999991              0.5999999999998812              0.8999999999993717              1.6666666666670000              1.6666666666670000
       0.17250000               1.0000000097631137              1.0000000000000000              0.5999999999998796              0.8999999999993694              1.6666666666670000              1.6666666666670000
       0.17750000               1.0000000149611241              1.0000000000000002              0.5999999999998796              0.8999999999993694              1.6666666666670000              1.6666666666670000
       0.18250000               1.0000000228124180              0.9999999999999996              0.5999999999998804              0.8999999999993705              1.6666666666670000              1.6666666666670000
       0.18750000               1.0000000346106521              0.9999999999999993              0.5999999999998804              0.8999999999993704              1.6666666666670000              1.6666666666670000
       0.19250000               1.0000000522491879              0.9999999999999998              0.5999999999998802              0.8999999999993703              1.6666666666670000              1.6666666666670000
       0.19750000               1.0000000784838929              0.9999999999999996              0.5999999999998802              0.8999999999993703              1.6666666666670000              1.6666666666670000
       0.20250000               1.0000001173039719              0.9999999999999998              0.5999999999998800              0.8999999999993700              1.6666666666670000              1.6666666666670000
       0.20750000               1.0000001744520437              0.9999999999999987              0.5999999999998814              0.8999999999993721              1.6666666666670000              1.6666666666670000
       0.21250000               1.0000002581490393              0.9999999999999989              0.5999999999998813              0.8999999999993719              1.6666666666670000              1.6666666666670000
       0.21750000               1.0000003800983919              1.0000000000000004              0.5999999999998794              0.8999999999993691              1.6666666666670000              1.6666666666670000
       0.22250000               1.0000005568684009              0.9999999999999991              0.5999999999998807              0.8999999999993712              1.6666666666670000              1.6666666666670000
       0.22750000               1.0000008117832480              1.0000000000000002              0.5999999999998799              0.8999999999993696              1.6666666666670000              1.6666666666670000
       0.23250000               1.0000011774934834              0.9999999999999991              0.5999999999998809              0.8999999999993712              1.6666666666670000              1.6666666666670000
       0.23750000               1.0000016994476821              0.9999999999999996              0.5999999999998805              0.8999999999993709              1.6666666666670000              1.6666666666670000
       0.24250000               1.0000024405509933              1.0000000000000004              0.5999999999998793              0.8999999999993689              1.6666666666670000              1.6666666666670000
       0.24750000               1.0000034873754984              1.0000000000000002              0.5999999999998789              0.8999999999993683              1.6666666666670000              1.6666666666670000
       0.25250000               1.0000049583846136              1.0000000000000009              0.5999999999998789              0.8999999999993682              1.6666666666670000              1.6666666666670000
       0.25750000               1.0000070147519398              0.9999999999999993              0.5999999999998810              0.8999999999993713              1.6666666666670000              1.6666666666670000
       0.26250000               1.0000098744965484              1.0000000000000016              0.5999999999998782              0.8999999999993673              1.6666666666670000              1.6666666666670000
       0.26750000               1.0000138308246123              0.9999999999999984              0.5999999999998812              0.8999999999993717              1.6666666666670000              1.6666666666670000
       0.27250000               1.0000192757630946              1.0000000000000016              0.5999999999998789              0.8999999999993684              1.6666666666670000              1.6666666666670000
       0.27750000               1.0000267303968318              1.0000000000000018              0.5999999999998783              0.8999999999993674              1.6666666666670000              1.6666666666670000
       0.28250000               1.0000368832750364              0.9999999999999987              0.5999999999998810              0.8999999999993715              1.6666666666670000              1.6666666666670000
       0.28750000               1.0000506388362143              0.9999999999999998              0.5999999999998804              0.8999999999993705              1.6666666666670000              1.6666666666670000
       0.29250000               1.0000691780070281              1.0000000000000000              0.5999999999998807              0.8999999999993711              1.6666666666670000              1.6666666666670000
       0.29750000               1.0000940334541335              0.9999999999999998              0.5999999999998801              0.8999999999993700              1.6666666666670000              1.6666666666670000
       0.30250000               1.0001271822980311              1.0000000000000013              0.5999999999998782              0.8999999999993672              1.6666666666670000              1.6666666666670000
       0.30750000               1.0001711594191316              0.9999999999999991              0.5999999999998806              0.8999999999993709              1.6666666666670000              1.6666666666670000
       0.31250000               1.0002291947788013              1.0000000000000002              0.5999999999998796              0.8999999999993694              1.6666666666670000              1.6666666666670000
       0.31750000               1.0003053784165581              1.0000000000000002              0.5999999999998794              0.8999999999993691              1.6666666666670000              1.6666666666670000
       0.32250000               1.0004048569366353              1.0000000000000002              0.5999999999998801              0.8999999999993701              1.6666666666670000              1.6666666666670000
       0.32750000               1.0005340653257466              0.9999999999999998              0.5999999999998802              0.8999999999993702              1.6666666666670000              1.6666666666670000
       0.33250000               1.0007009978046129              1.0000000000000016              0.5999999999998783              0.8999999999993675              1.6666666666670000              1.6666666666670000
       0.33750000               1.0009155210604324              0.9999999999999987              0.5999999999998807              0.8999999999993712              1.6666666666670000              1.6666666666670000
       0.34250000               1.0011897325829031              0.9999999999999987              0.5999999999998810              0.8999999999993714              1.6666666666670000              1.6666666666670000
       0.34750000               1.0015383658791304              1.0000000000000000              0.5999999999998799              0.8999999999993696              1.6666666666670000              1.6666666666670000
       0.35250000               1.0019792430187604              1.0000000000000009              0.5999999999998786              0.8999999999993679              1.6666666666670000              1.6666666666670000
       0.35750000               1.0025337732131974              0.9999999999999998              0.5999999999998803              0.8999999999993703              1.6666666666670000              1.6666666666670000
       0.36250000               1.0032274939220329              1.0000000000000004              0.5999999999998789              0.8999999999993682              1.6666666666670000              1.6666666666670000
       0.36750000               1.0040906482825918              1.0000000000000002              0.5999999999998800              0.8999999999993700              1.6666666666670000              1.6666666666670000
       0.37250000               1.0051587894718419              1.0000000000000007              0.5999999999998796              0.8999999999993693              1.6666666666670000              1.6666666666670000
       0.37750000               1.0064733989549768              0.9999999999999982              0.5999999999998811              0.8999999999993715              1.6666666666670000              1.6666666666670000
       0.38250000               1.0080825015120727              1.0000000000000009              0.5999999999998790              0.8999999999993684              1.6666666666670000              1.6666666666670000
       0.38750000               1.0100412555520959              0.9999999999999982              0.5999999999998813              0.8999999999993719              1.6666666666670000              1.6666666666670000
       0.39250000               1.0124124926631521              0.9999999999999987              0.5999999999998810              0.8999999999993714              1.6666666666670000              1.6666666666670000
       0.39750000               1.0152671757948180              1.0000000000000013              0.5999999999998791              0.8999999999993686              1.6666666666670000              1.6666666666670000
       0.40250000               1.0186847411373752              1.0000000000000016              0.5999999999998784              0.8999999999993676              1.6666666666670000              1.6666666666670000
       0.40750000               1.0227532849518337              0.9999999999999982              0.5999999999998815              0.8999999999993723              1.6666666666670000              1.6666666666670000
       0.41250000               1.0275695535975686              1.0000000000000004              0.5999999999998792              0.8999999999993687              1.6666666666670000              1.6666666666670000
       0.41750000               1.0332386931465254              1.0000000000000004              0.5999999999998803              0.8999999999993704              1.6666666666670000              1.6666666666670000
       0.42250000               1.0398737146529040              1.0000000000000004              0.5999999999998796              0.8999999999993693              1.6666666666670000              1.6666666666670000
       0.42750000               1.0475946326286303              1.0000000000000000              0.5999999999998806              0.8999999999993710              1.6666666666670000              1.6666666666670000
       0.43250000               1.0565272379739634              0.9999999999999996              0.5999999999998806              0.8999999999993707              1.6666666666670000              1.6666666666670000
       0.43750000               1.0668014727824573              1.0000000000000004              0.5999999999998799              0.8999999999993696              1.6666666666670000              1.6666666666670000
       0.44250000               1.0785493831280806              1.0000000000000009              0.5999999999998797              0.8999999999993694              1.6666666666670000              1.6666666666670000
       0.44750000               1.0919026375314929              0.9999999999999998              0.5999999999998801              0.8999999999993701              1.6666666666670000              1.6666666666670000
       0.45250000               1.1069896130076868              0.9999999999999998              0.5999999999998800              0.8999999999993700              1.6666666666670000              1.6666666666670000
       0.45750000               1.1239320670830857              1.0000000000000002              0.5999999999998801              0.8999999999993700              1.6666666666670000              1.6666666666670000
       0.46250000               1.1428414332497363              1.0000000000000004              0.5999999999998807              0.8999999999993711              1.6666666666670000              1.6666666666670000
       0.46750000               1.1638147976275290              0.9999999999999997              0.5999999999998800              0.8999999999993697              1.6666666666670000              1.6666666666670000
       0.47250000               1.1869306354277618              0.9999999999999989              0.5999999999998810              0.8999999999993714              1.6666666666670000              1.6666666666670000
       0.47750000               1.2122444077736383              0.9999999999999994              0.5999999999998802              0.8999999999993703              1.6666666666670000              1.6666666666670000
       0.48250000               1.2397841393131817              0.9999999999999993              0.5999999999998806              0.8999999999993709              1.6666666666670000              1.6666666666670000
       0.48750000               1.2695461140042335              0.9999999999999998              0.5999999999998799              0.8999999999993697              1.6666666666670000              1.6666666666670000
       0.49250000               1.3014908429907757              1.0000000000000004              0.5999999999998795              0.8999999999993692              1.6666666666670000              1.6666666666670000
       0.49750000               1.3355394682538357              1.0000000000000002              0.5999999999998802              0.8999999999993702              1.6666666666670000              1.6666666666670000
       0.50250000               1.3715707671539485              0.9999999999999997              0.5999999999998803              0.8999999999993704              1.6666666666670000              1.6666666666670000
       0.50750000               1.4094189253100307              0.9999999999999996              0.5999999999998807              0.8999999999993712              1.6666666666670000              1.6666666666670000
       0.51250000               1.4488722375647733              1.0000000000000002              0.5999999999998792              0.8999999999993686              1.6666666666670000              1.6666666666670000
       0.51750000               1.4896728705674882              0.9999999999999997              0.5999999999998797              0.8999999999993695              1.6666666666670000              1.6666666666670000
       0.52250000               1.5315178023044396              0.9999999999999992              0.5999999999998809              0.8999999999993712              1.6666666666670000              1.6666666666670000
       0.52750000               1.5740610350835909              1.0000000000000002              0.5999999999998795              0.8999999999993691              1.6666666666670000              1.6666666666670000
       0.53250000               1.6169171184946374              0.9999999999999996              0.5999999999998800              0.8999999999993700              1.6666666666670000              1.6666666666670000
       0.53750000               1.6596659664623223              0.9999999999999999              0.5999999999998807              0.8999999999993710              1.6666666666670000              1.6666666666670000
       0.54250000               1.7018589525656327              1.0000000000000002              0.5999999999998804              0.8999999999993705              1.6666666666670000              1.6666666666670000
       0.54750000               1.7430262094398432              1.0000000000000004              0.5999999999998797              0.8999999999993695              1.6666666666670000              1.6666666666670000
       0.55250000               1.7826849224417252              0.9999999999999999              0.5999999999998801              0.8999999999993701              1.6666666666670000              1.6666666666670000
       0.55750000               1.8203484111338513              1.0000000000000004              0.5999999999998793              0.8999999999993689              1.6666666666670000              1.6666666666670000
       0.56250000               1.8555359034645305              1.0000000000000002              0.5999999999998794              0.8999999999993691              1.6666666666670000              1.6666666666670000
       0.56750000               1.8877827502540430              0.9999999999999999              0.5999999999998804              0.8999999999993706              1.6666666666670000              1.6666666666670000
       0.57250000               1.9166505135572454              1.0000000000000004              0.5999999999998802              0.8999999999993702              1.6666666666670000              1.6666666666670000
       0.57750000               1.9417365673823543              1.0000000000000002              0.5999999999998791              0.8999999999993685              1.6666666666670000              1.6666666666670000
       0.58250000               1.9626834482108735              1.0000000000000002              0.5999999999998800              0.8999999999993700              1.6666666666670000              1.6666666666670000
       0.58750000               1.9791879817221456              1.0000000000000000              0.5999999999998799              0.8999999999993699              1.6666666666670000              1.6666666666670000
       0.59250000               1.9910089625940530              1.0000000000000002              0.5999999999998795              0.8999999999993692              1.6666666666670000              1.6666666666670000
       0.59750000               1.9979718122361450              1.0000000000000002              0.5999999999998795              0.8999999999993692              1.6666666666670000              1.6666666666670000
       0.60250000               1.9999710837323872              1.0000000000000004              0.5999999999998796              0.8999999999993693              1.6666666666670000              1.6666666666670000
       0.60750000               1.9969749880769017              1.0000000000000004              0.5999999999998804              0.8999999999993707              1.6666666666670000              1.6666666666670000
       0.61250000               1.9890296986115836              1.0000000000000002              0.5999999999998797              0.8999999999993695              1.6666666666670000              1.6666666666670000
       0.61750000               1.9762551220700904              1.0000000000000004              0.5999999999998797              0.8999999999993696              1.6666666666670000              1.6666666666670000
       0.62250000               1.9588402598925538              1.0000000000000007              0.5999999999998791              0.8999999999993685              1.6666666666670000              1.6666666666670000
       0.62750000               1.9370394831639721              1.0000000000000002              0.5999999999998797              0.8999999999993696              1.6666666666670000              1.6666666666670000
       0.63250000               1.9111671635972018              0.9999999999999997              0.5999999999998799              0.8999999999993697              1.6666666666670000              1.6666666666670000
       0.63750000               1.8815901954179579              1.0000000000000007              0.5999999999998791              0.8999999999993685              1.6666666666670000              1.6666666666670000
       0.64250000               1.8487191314292222              1.0000000000000000              0.5999999999998796              0.8999999999993693              1.6666666666670000              1.6666666666670000
       0.64750000               1.8129985932673078              0.9999999999999998              0.5999999999998799              0.8999999999993696              1.6666666666670000              1.6666666666670000
       0.65250000               1.7748973055371280              1.0000000000000002              0.5999999999998795              0.8999999999993692              1.6666666666670000              1.6666666666670000
       0.65750000               1.7348979723636764              1.0000000000000000              0.5999999999998802              0.8999999999993702              1.6666666666670000              1.6666666666670000
       0.66250000               1.6934872463197757              1.0000000000000000              0.5999999999998799              0.8999999999993697              1.6666666666670000              1.6666666666670000
       0.66750000               1.6511460789500085              0.9999999999999994              0.5999999999998803              0.8999999999993704              1.6666666666670000              1.6666666666670000
       0.67250000               1.6083407274885295              0.9999999999999998              0.5999999999998803              0.8999999999993703              1.6666666666670000              1.6666666666670000
       0.67750000               1.5655146462398850              1.0000000000000002              0.5999999999998792              0.8999999999993687              1.6666666666670000              1.6666666666670000
       0.68250000               1.5230814414495937              1.0000000000000000              0.5999999999998802              0.8999999999993702              1.6666666666670000              1.6666666666670000
       0.68750000               1.4814190215483416              1.0000000000000002              0.5999999999998800              0.8999999999993700              1.6666666666670000              1.6666666666670000
       0.69250000               1.4408650271292578              1.0000000000000000              0.5999999999998801              0.8999999999993702              1.6666666666670000              1.6666666666670000
       0.69750000               1.4017135764296813              1.0000000000000009              0.5999999999998797              0.8999999999993696              1.6666666666670000              1.6666666666670000
       0.70250000               1.3642133151122715              1.0000000000000004              0.5999999999998802              0.8999999999993702              1.6666666666670000              1.6666666666670000
       0.70750000               1.3285667164198551              1.0000000000000004              0.5999999999998797              0.8999999999993695              1.6666666666670000              1.6666666666670000
       0.71250000               1.2949305408661451              1.0000000000000000              0.5999999999998800              0.8999999999993700              1.6666666666670000              1.6666666666670000
       0.71750000               1.2634173344408219              0.9999999999999997              0.5999999999998805              0.8999999999993707              1.6666666666670000              1.6666666666670000
       0.72250000               1.2340978214775022              1.0000000000000000              0.5999999999998802              0.8999999999993702              1.6666666666670000              1.6666666666670000
       0.72750000               1.2070040331490151              0.9999999999999997              0.5999999999998803              0.8999999999993704              1.6666666666670000              1.6666666666670000
       0.73250000               1.1821330049125391              1.0000000000000011              0.5999999999998791              0.8999999999993686              1.6666666666670000              1.6666666666670000
       0.73750000               1.1594508756624042              0.9999999999999998              0.5999999999998797              0.8999999999993696              1.6666666666670000              1.6666666666670000
       0.74250000               1.1388972271122342              1.0000000000000009              0.5999999999998794              0.8999999999993691              1.6666666666670000              1.6666666666670000
       0.74750000               1.1203895130625465              0.9999999999999992              0.5999999999998810              0.8999999999993713              1.6666666666670000              1.6666666666670000
       0.75250000               1.1038274436171054              1.0000000000000004              0.5999999999998795              0.8999999999993692              1.6666666666670000              1.6666666666670000
       0.75750000               1.0890972079260255              0.9999999999999986              0.5999999999998814              0.8999999999993720              1.6666666666670000              1.6666666666670000
       0.76250000               1.0760754394898187              1.0000000000000004              0.5999999999998794              0.8999999999993691              1.6666666666670000              1.6666666666670000
       0.76750000               1.0646328493510056              1.0000000000000007              0.5999999999998793              0.8999999999993689              1.6666666666670000              1.6666666666670000
       0.77250000               1.0546374736302264              0.9999999999999986              0.5999999999998810              0.8999999999993714              1.6666666666670000              1.6666666666670000
       0.77750000               1.0459575019791070              1.0000000000000007              0.5999999999998794              0.8999999999993690              1.6666666666670000              1.6666666666670000
       0.78250000               1.0384636719356557              1.0000000000000004              0.5999999999998792              0.8999999999993689              1.6666666666670000              1.6666666666670000
       0.78750000               1.0320312303713961              0.9999999999999987              0.5999999999998812              0.8999999999993717              1.6666666666670000              1.6666666666670000
       0.79250000               1.0265414768819026              1.0000000000000007              0.5999999999998796              0.8999999999993694              1.6666666666670000              1.6666666666670000
       0.79750000               1.0218829149294075              0.9999999999999993              0.5999999999998810              0.8999999999993715              1.6666666666670000              1.6666666666670000
       0.80250000               1.0179520447828438              0.9999999999999996              0.5999999999998802              0.8999999999993702              1.6666666666670000              1.6666666666670000
       0.80750000               1.0146538379282923              0.9999999999999998              0.5999999999998790              0.8999999999993683              1.6666666666670000              1.6666666666670000
       0.81250000               1.0119019358516121              0.9999999999999989              0.5999999999998807              0.8999999999993711              1.6666666666670000              1.6666666666670000
       0.81750000               1.0096186172088040              1.0000000000000000              0.5999999999998800              0.8999999999993699              1.6666666666670000              1.6666666666670000
       0.82250000               1.0077345767271251              0.9999999999999998              0.5999999999998799              0.8999999999993696              1.6666666666670000              1.6666666666670000
       0.82750000               1.0061885570718272              0.9999999999999993              0.5999999999998802              0.8999999999993702              1.6666666666670000              1.6666666666670000
       0.83250000               1.0049268717206246              0.9999999999999993              0.5999999999998802              0.8999999999993703              1.6666666666670000              1.6666666666670000
       0.83750000               1.0039028529442562              1.0000000000000004              0.5999999999998794              0.8999999999993691              1.6666666666670000              1.6666666666670000
       0.84250000               1.0030762546003729              1.0000000000000002              0.5999999999998800              0.8999999999993700              1.6666666666670000              1.6666666666670000
       0.84750000               1.0024126348738447              1.0000000000000002              0.5999999999998794              0.8999999999993691              1.6666666666670000              1.6666666666670000
       0.85250000               1.0018827395590799              0.9999999999999998              0.5999999999998800              0.8999999999993700              1.6666666666670000              1.6666666666670000
       0.85750000               1.0014619021526421              1.0000000000000000              0.5999999999998805              0.8999999999993707              1.6666666666670000              1.6666666666670000
       0.86250000               1.0011294730356695              1.0000000000000009              0.5999999999998793              0.8999999999993689              1.6666666666670000              1.6666666666670000
       0.86750000               1.0008682864615710              0.9999999999999991              0.5999999999998804              0.8999999999993706              1.6666666666670000              1.6666666666670000
       0.87250000               1.0006641709741881              1.0000000000000000              0.5999999999998801              0.8999999999993700              1.6666666666670000              1.6666666666670000
       0.87750000               1.0005055062827422              1.0000000000000007              0.5999999999998792              0.8999999999993687              1.6666666666670000              1.6666666666670000
       0.88250000               1.0003828275041120              0.9999999999999998              0.5999999999998799              0.8999999999993697              1.6666666666670000              1.6666666666670000
       0.88750000               1.0002884760235120              1.0000000000000000              0.5999999999998803              0.8999999999993704              1.6666666666670000              1.6666666666670000
       0.89250000               1.0002162949801894              0.9999999999999996              0.5999999999998801              0.8999999999993701              1.6666666666670000              1.6666666666670000
       0.89750000               1.0001613665061588              0.9999999999999991              0.5999999999998809              0.8999999999993712              1.6666666666670000              1.6666666666670000
       0.90250000               1.0001197872796690              1.0000000000000004              0.5999999999998800              0.8999999999993699              1.6666666666670000              1.6666666666670000
       0.90750000               1.0000884786470481              0.9999999999999996              0.5999999999998797              0.8999999999993695              1.6666666666670000              1.6666666666670000
       0.91250000               1.0000650274647052              1.0000000000000000              0.5999999999998800              0.8999999999993699              1.6666666666670000              1.6666666666670000
       0.91750000               1.0000475538696301              1.0000000000000000              0.5999999999998795              0.8999999999993693              1.6666666666670000              1.6666666666670000
       0.92250000               1.0000346023590641              0.9999999999999996              0.5999999999998804              0.8999999999993705              1.6666666666670000              1.6666666666670000
       0.92750000               1.0000250528115027              1.0000000000000004              0.5999999999998793              0.8999999999993689              1.6666666666670000              1.6666666666670000
       0.93250000               1.0000180483814043              1.0000000000000004              0.5999999999998794              0.8999999999993692              1.6666666666670000              1.6666666666670000
       0.93750000               1.0000129375244677              1.0000000000000000              0.5999999999998799              0.8999999999993697              1.6666666666670000              1.6666666666670000
       0.94250000               1.0000092277399923              0.9999999999999982              0.5999999999998814              0.8999999999993721              1.6666666666670000              1.6666666666670000
       0.94750000               1.0000065489376544              1.0000000000000020              0.5999999999998782              0.8999999999993673              1.6666666666670000              1.6666666666670000
       0.95250000               1.0000046246386438              1.0000000000000002              0.5999999999998797              0.8999999999993696              1.6666666666670000              1.6666666666670000
       0.95750000               1.0000032494981139              0.9999999999999998              0.5999999999998804              0.8999999999993705              1.6666666666670000              1.6666666666670000
       0.96250000               1.0000022718852823              0.9999999999999998              0.5999999999998804              0.8999999999993705              1.6666666666670000              1.6666666666670000
       0.96750000               1.0000015804771267              0.9999999999999996              0.5999999999998802              0.8999999999993703              1.6666666666670000              1.6666666666670000
       0.97250000               1.0000010940113608              1.0000000000000009              0.5999999999998787              0.8999999999993681              1.6666666666670000              1.6666666666670000
       0.97750000               1.0000007535070194              1.0000000000000007              0.5999999999998793              0.8999999999993689              1.6666666666670000              1.6666666666670000
       0.98250000               1.0000005163981618              0.9999999999999998              0.5999999999998802              0.8999999999993703              1.6666666666670000              1.6666666666670000
       0.98750000               1.0000003521390031              0.9999999999999998              0.5999999999998804              0.8999999999993705              1.6666666666670000              1.6666666666670000
       0.99250000               1.0000002389326939              1.0000000000000013              0.5999999999998784              0.8999999999993676              1.6666666666670000              1.6666666666670000
       0.99750000               1.0000001613128533              0.9999999999999998              0.5999999999998803              0.8999999999993704              1.6666666666670000              1.6666666666670000
