       0.00250000               1.0011897007710304              0.9999999999999993              0.5999999999998810              0.8999999999993714              1.6666666666670000              1.6666666666670000
       0.00750000               1.0015381287147904              0.9999999999999993              0.5999999999998804              0.8999999999993706              1.6666666666670000              1.6666666666670000
       0.01250000               1.0019787354418832              1.0000000000000000              0.5999999999998797              0.8999999999993695              1.6666666666670000              1.6666666666670000
       0.01750000               1.0025329219160346              0.9999999999999991              0.5999999999998806              0.8999999999993709              1.6666666666670000              1.6666666666670000
       0.02250000               1.0032262188731054              0.9999999999999987              0.5999999999998810              0.8999999999993714              1.6666666666670000              1.6666666666670000
       0.02750000               1.0040888651869830              0.9999999999999993              0.5999999999998802              0.8999999999993703              1.6666666666670000              1.6666666666670000
       0.03250000               1.0051564132997652              1.0000000000000000              0.5999999999998799              0.8999999999993696              1.6666666666670000              1.6666666666670000
       0.03750000               1.0064703486445705              1.0000000000000011              0.5999999999998783              0.8999999999993674              1.6666666666670000              1.6666666666670000
       0.04250000               1.0080787059074880              0.9999999999999991              0.5999999999998806              0.8999999999993707              1.6666666666670000              1.6666666666670000
       0.04750000               1.0100366605605813              0.9999999999999987              0.5999999999998807              0.8999999999993711              1.6666666666670000              1.6666666666670000
       0.05250000               1.0124070695044975              0.9999999999999993              0.5999999999998801              0.8999999999993701              1.6666666666670000              1.6666666666670000
       0.05750000               1.0152609300965159              0.9999999999999998              0.5999999999998802              0.8999999999993702              1.6666666666670000              1.6666666666670000
       0.06250000               1.0186777225375416              0.9999999999999989              0.5999999999998815              0.8999999999993722              1.6666666666670000              1.6666666666670000
       0.06750000               1.0227455967798282              0.9999999999999987              0.5999999999998817              0.8999999999993724              1.6666666666670000              1.6666666666670000
       0.07250000               1.0275613620706792              1.0000000000000004              0.5999999999998803              0.8999999999993704              1.6666666666670000              1.6666666666670000
       0.07750000               1.0332302353413734              0.9999999999999984              0.5999999999998817              0.8999999999993725              1.6666666666670000              1.6666666666670000
       0.08250000               1.0398653043367312              1.0000000000000004              0.5999999999998800              0.8999999999993697              1.6666666666670000              1.6666666666670000
       0.08750000               1.0475866630494102              0.9999999999999991              0.5999999999998814              0.8999999999993721              1.6666666666670000              1.6666666666670000
       0.09250000               1.0565201808788658              1.0000000000000000              0.5999999999998799              0.8999999999993696              1.6666666666670000              1.6666666666670000
       0.09750000               1.0667958730583669              1.0000000000000002              0.5999999999998801              0.8999999999993701              1.6666666666670000              1.6666666666670000
       0.10250000               1.0785458484603314              0.9999999999999996              0.5999999999998806              0.8999999999993709              1.6666666666670000              1.6666666666670000
       0.10750000               1.0919018222771546              0.9999999999999996              0.5999999999998810              0.8999999999993715              1.6666666666670000              1.6666666666670000
       0.11250000               1.1069921955806481              1.0000000000000004              0.5999999999998795              0.8999999999993693              1.6666666666670000              1.6666666666670000
       0.11750000               1.1239387211118514              1.0000000000000000              0.5999999999998805              0.8999999999993709              1.6666666666670000              1.6666666666670000
       0.12250000               1.1428527938261563              1.0000000000000007              0.5999999999998800              0.8999999999993699              1.6666666666670000              1.6666666666670000
       0.12750000               1.1638314245226005              1.0000000000000009              0.5999999999998794              0.8999999999993691              1.6666666666670000              1.6666666666670000
       0.13250000               1.1869529748506549              1.0000000000000013              0.5999999999998796              0.8999999999993694              1.6666666666670000              1.6666666666670000
       0.13750000               1.2122727525633366              1.0000000000000004              0.5999999999998795              0.8999999999993692              1.6666666666670000              1.6666666666670000
       0.14250000               1.2398185873093963              1.0000000000000007              0.5999999999998795              0.8999999999993692              1.6666666666670000              1.6666666666670000
       0.14750000               1.2695865278869889              1.0000000000000004              0.5999999999998795              0.8999999999993693              1.6666666666670000              1.6666666666670000
       0.15250000               1.3015368178783264              1.0000000000000004              0.5999999999998795              0.8999999999993692              1.6666666666670000              1.6666666666670000
       0.15750000               1.3355903140997318              0.9999999999999999              0.5999999999998807              0.8999999999993710              1.6666666666670000              1.6666666666670000
       0.16250000               1.3716255108472826              0.9999999999999999              0.5999999999998804              0.8999999999993705              1.6666666666670000              1.6666666666670000
       0.16750000               1.4094763265970105              0.9999999999999999              0.5999999999998807              0.8999999999993710              1.6666666666670000              1.6666666666670000
       0.17250000               1.4489308039923061              0.9999999999999996              0.5999999999998805              0.8999999999993707              1.6666666666670000              1.6666666666670000
       0.17750000               1.4897308689747391              0.9999999999999996              0.5999999999998803              0.8999999999993704              1.6666666666670000              1.6666666666670000
       0.18250000               1.5315732824827817              1.0000000000000002              0.5999999999998797              0.8999999999993694              1.6666666666670000              1.6666666666670000
       0.18750000               1.5741118854354645              0.9999999999999994              0.5999999999998802              0.8999999999993702              1.6666666666670000              1.6666666666670000
       0.19250000               1.6169611786334688              0.9999999999999996              0.5999999999998802              0.8999999999993702              1.6666666666670000              1.6666666666670000
       0.19750000               1.6597012045811124              0.9999999999999999              0.5999999999998793              0.8999999999993689              1.6666666666670000              1.6666666666670000
       0.20250000               1.7018836346807336              1.0000000000000002              0.5999999999998793              0.8999999999993689              1.6666666666670000              1.6666666666670000
       0.20750000               1.7430389390828971              1.0000000000000004              0.5999999999998793              0.8999999999993690              1.6666666666670000              1.6666666666670000
       0.21250000               1.7826845312192587              0.9999999999999997              0.5999999999998790              0.8999999999993683              1.6666666666670000              1.6666666666670000
       0.21750000               1.8203338036498828              0.9999999999999996              0.5999999999998799              0.8999999999993696              1.6666666666670000              1.6666666666670000
       0.22250000               1.8555059529474176              0.9999999999999990              0.5999999999998800              0.8999999999993700              1.6666666666670000              1.6666666666670000
       0.22750000               1.8877363873347019              0.9999999999999987              0.5999999999998815              0.8999999999993723              1.6666666666670000              1.6666666666670000
       0.23250000               1.9165873282032853              0.9999999999999986              0.5999999999998815              0.8999999999993723              1.6666666666670000              1.6666666666670000
       0.23750000               1.9416580232685623              0.9999999999999986              0.5999999999998815              0.8999999999993722              1.6666666666670000              1.6666666666670000
       0.24250000               1.9625938917240686              0.9999999999999991              0.5999999999998810              0.8999999999993714              1.6666666666670000              1.6666666666670000
       0.24750000               1.9790940212786634              0.9999999999999989              0.5999999999998807              0.8999999999993710              1.6666666666670000              1.6666666666670000
       0.25250000               1.9909167991368815              0.9999999999999999              0.5999999999998799              0.8999999999993697              1.6666666666670000              1.6666666666670000
       0.25750000               1.9978841660076023              0.9999999999999994              0.5999999999998799              0.8999999999993697              1.6666666666670000              1.6666666666670000
       0.26250000               1.9998862644783069              0.9999999999999997              0.5999999999998804              0.8999999999993706              1.6666666666670000              1.6666666666670000
       0.26750000               1.9968892671770697              0.9999999999999999              0.5999999999998802              0.8999999999993702              1.6666666666670000              1.6666666666670000
       0.27250000               1.9889412247756950              0.9999999999999999              0.5999999999998800              0.8999999999993700              1.6666666666670000              1.6666666666670000
       0.27750000               1.9761658767076336              1.0000000000000004              0.5999999999998791              0.8999999999993686              1.6666666666670000              1.6666666666670000
       0.28250000               1.9587551879891278              1.0000000000000004              0.5999999999998794              0.8999999999993691              1.6666666666670000              1.6666666666670000
       0.28750000               1.9369642047617504              0.9999999999999999              0.5999999999998797              0.8999999999993695              1.6666666666670000              1.6666666666670000
       0.29250000               1.9111060099518158              0.9999999999999999              0.5999999999998801              0.8999999999993701              1.6666666666670000              1.6666666666670000
       0.29750000               1.8815454392675424              0.9999999999999994              0.5999999999998802              0.8999999999993703              1.6666666666670000              1.6666666666670000
       0.30250000               1.8486912484945739              0.9999999999999994              0.5999999999998809              0.8999999999993712              1.6666666666670000              1.6666666666670000
       0.30750000               1.8129869349935390              0.9999999999999991              0.5999999999998806              0.8999999999993707              1.6666666666670000              1.6666666666670000
       0.31250000               1.7749006836727355              0.9999999999999993              0.5999999999998803              0.8999999999993703              1.6666666666670000              1.6666666666670000
       0.31750000               1.7349149727826862              0.9999999999999999              0.5999999999998789              0.8999999999993683              1.6666666666670000              1.6666666666670000
       0.32250000               1.6935163162943898              0.9999999999999999              0.5999999999998797              0.8999999999993696              1.6666666666670000              1.6666666666670000
       0.32750000               1.6511855080378928              0.9999999999999999              0.5999999999998793              0.8999999999993690              1.6666666666670000              1.6666666666670000
       0.33250000               1.6083886235735623              0.9999999999999996              0.5999999999998796              0.8999999999993694              1.6666666666670000              1.6666666666670000
       0.33750000               1.5655689577002101              0.9999999999999991              0.5999999999998795              0.8999999999993692              1.6666666666670000              1.6666666666670000
       0.34250000               1.5231400299556157              0.9999999999999984              0.5999999999998814              0.8999999999993720              1.6666666666670000              1.6666666666670000
       0.34750000               1.4814797630681327              0.9999999999999991              0.5999999999998810              0.8999999999993714              1.6666666666670000              1.6666666666670000
       0.35250000               1.4409259132987833              0.9999999999999992              0.5999999999998799              0.8999999999993697              1.6666666666670000              1.6666666666670000
       0.35750000               1.4017727972009910              1.0000000000000009              0.5999999999998777              0.8999999999993666              1.6666666666670000              1.6666666666670000
       0.36250000               1.3642693160303070              1.0000000000000011              0.5999999999998774              0.8999999999993660              1.6666666666670000              1.6666666666670000
       0.36750000               1.3286182325555247              0.9999999999999993              0.5999999999998795              0.8999999999993693              1.6666666666670000              1.6666666666670000
       0.37250000               1.2949766123731823              0.9999999999999987              0.5999999999998809              0.8999999999993713              1.6666666666670000              1.6666666666670000
       0.37750000               1.2634573078170324              0.9999999999999991              0.5999999999998797              0.8999999999993695              1.6666666666670000              1.6666666666670000
       0.38250000               1.2341313387584865              0.9999999999999997              0.5999999999998797              0.8999999999993696              1.6666666666670000              1.6666666666670000
       0.38750000               1.2070310102555721              0.9999999999999997              0.5999999999998796              0.8999999999993693              1.6666666666670000              1.6666666666670000
       0.39250000               1.1821536005358879              1.0000000000000013              0.5999999999998783              0.8999999999993674              1.6666666666670000              1.6666666666670000
       0.39750000               1.1594654528236177              0.9999999999999987              0.5999999999998807              0.8999999999993711              1.6666666666670000              1.6666666666670000
       0.40250000               1.1389063101719206              0.9999999999999964              0.5999999999998835              0.8999999999993753              1.6666666666670000              1.6666666666670000
       0.40750000               1.1203937431219417              1.0000000000000024              0.5999999999998775              0.8999999999993661              1.6666666666670000              1.6666666666670000
       0.41250000               1.1038275349633644              0.9999999999999996              0.5999999999998805              0.8999999999993707              1.6666666666670000              1.6666666666670000
       0.41750000               1.0890939076434405              1.0000000000000007              0.5999999999998793              0.8999999999993687              1.6666666666670000              1.6666666666670000
       0.42250000               1.0760694917848663              1.0000000000000011              0.5999999999998795              0.8999999999993691              1.6666666666670000              1.6666666666670000
       0.42750000               1.0646249656186066              1.0000000000000013              0.5999999999998784              0.8999999999993676              1.6666666666670000              1.6666666666670000
       0.43250000               1.0546283088340427              0.9999999999999983              0.5999999999998811              0.8999999999993714              1.6666666666670000              1.6666666666670000
       0.43750000               1.0459476375115468              1.0000000000000013              0.5999999999998790              0.8999999999993684              1.6666666666670000              1.6666666666670000
       0.44250000               1.0384536047579933              0.9999999999999989              0.5999999999998814              0.8999999999993721              1.6666666666670000              1.6666666666670000
       0.44750000               1.0320213679239159              0.9999999999999987              0.5999999999998817              0.8999999999993725              1.6666666666670000              1.6666666666670000
       0.45250000               1.0265321370176663              1.0000000000000004              0.5999999999998797              0.8999999999993696              1.6666666666670000              1.6666666666670000
       0.45750000               1.0218743299740400              1.0000000000000011              0.5999999999998793              0.8999999999993689              1.6666666666670000              1.6666666666670000
       0.46250000               1.0179443687553205              0.9999999999999996              0.5999999999998803              0.8999999999993704              1.6666666666670000              1.6666666666670000
       0.46750000               1.0146471559621850              1.0000000000000020              0.5999999999998777              0.8999999999993666              1.6666666666670000              1.6666666666670000
       0.47250000               1.0118962749174270              0.9999999999999987              0.5999999999998812              0.8999999999993716              1.6666666666670000              1.6666666666670000
       0.47750000               1.0096139573400726              1.0000000000000018              0.5999999999998784              0.8999999999993676              1.6666666666670000              1.6666666666670000
       0.48250000               1.0077308620819958              1.0000000000000018              0.5999999999998787              0.8999999999993681              1.6666666666670000              1.6666666666670000
       0.48750000               1.0061857063048576              0.9999999999999996              0.5999999999998800              0.8999999999993700              1.6666666666670000              1.6666666666670000
       0.49250000               1.0049247872851845              1.0000000000000000              0.5999999999998806              0.8999999999993709              1.6666666666670000              1.6666666666670000
       0.49750000               1.0039014290843726              1.0000000000000022              0.5999999999998781              0.8999999999993670              1.6666666666670000              1.6666666666670000
       0.50250000               1.0030753839146842              1.0000000000000000              0.5999999999998801              0.8999999999993701              1.6666666666670000              1.6666666666670000
       0.50750000               1.0024122134385298              1.0000000000000011              0.5999999999998787              0.8999999999993681              1.6666666666670000              1.6666666666670000
       0.51250000               1.0018826706788426              1.0000000000000013              0.5999999999998787              0.8999999999993681              1.6666666666670000              1.6666666666670000
       0.51750000               1.0014620988684935              0.9999999999999982              0.5999999999998820              0.8999999999993729              1.6666666666670000              1.6666666666670000
       0.52250000               1.0011298595568363              1.0000000000000016              0.5999999999998790              0.8999999999993685              1.6666666666670000              1.6666666666670000
       0.52750000               1.0008687987086053              1.0000000000000027              0.5999999999998776              0.8999999999993663              1.6666666666670000              1.6666666666670000
       0.53250000               1.0006647564243167              1.0000000000000004              0.5999999999998799              0.8999999999993699              1.6666666666670000              1.6666666666670000
       0.53750000               1.0005061233002057              1.0000000000000002              0.5999999999998799              0.8999999999993697              1.6666666666670000              1.6666666666670000
       0.54250000               1.0003834443211934              0.9999999999999980              0.5999999999998827              0.8999999999993742              1.6666666666670000              1.6666666666670000
       0.54750000               1.0002890695151609              0.9999999999999976              0.5999999999998830              0.8999999999993743              1.6666666666670000              1.6666666666670000
       0.55250000               1.0002168493498418              1.0000000000000038              0.5999999999998765              0.8999999999993648              1.6666666666670000              1.6666666666670000
       0.55750000               1.0001618719745231              0.9999999999999980              0.5999999999998822              0.8999999999993733              1.6666666666670000              1.6666666666670000
       0.56250000               1.0001202388436041              1.0000000000000002              0.5999999999998800              0.8999999999993699              1.6666666666670000              1.6666666666670000
       0.56750000               1.0000888749537558              0.9999999999999987              0.5999999999998811              0.8999999999993716              1.6666666666670000              1.6666666666670000
       0.57250000               1.0000653698274300              1.0000000000000000              0.5999999999998803              0.8999999999993703              1.6666666666670000              1.6666666666670000
       0.57750000               1.0000478454360662              1.0000000000000000              0.5999999999998800              0.8999999999993699              1.6666666666670000              1.6666666666670000
       0.58250000               1.0000348474320735              0.9999999999999969              0.5999999999998841              0.8999999999993761              1.6666666666670000              1.6666666666670000
       0.58750000               1.0000252563134502              0.9999999999999989              0.5999999999998821              0.8999999999993732              1.6666666666670000              1.6666666666670000
       0.59250000               1.0000182154478781              0.9999999999999998              0.5999999999998803              0.8999999999993704              1.6666666666670000              1.6666666666670000
       0.59750000               1.0000130732098196              1.0000000000000031              0.5999999999998774              0.8999999999993662              1.6666666666670000              1.6666666666670000
       0.60250000               1.0000093368162151              0.9999999999999993              0.5999999999998799              0.8999999999993699              1.6666666666670000              1.6666666666670000
       0.60750000               1.0000066357687354              0.9999999999999982              0.5999999999998822              0.8999999999993733              1.6666666666670000              1.6666666666670000
       0.61250000               1.0000046931139139              1.0000000000000024              0.5999999999998775              0.8999999999993662              1.6666666666670000              1.6666666666670000
       0.61750000               1.0000033030099311              1.0000000000000029              0.5999999999998773              0.8999999999993661              1.6666666666670000              1.6666666666670000
       0.62250000               1.0000023133379587              0.9999999999999978              0.5999999999998824              0.8999999999993736              1.6666666666670000              1.6666666666670000
       0.62750000               1.0000016123160824              1.0000000000000009              0.5999999999998792              0.8999999999993686              1.6666666666670000              1.6666666666670000
       0.63250000               1.0000011182644626              1.0000000000000011              0.5999999999998792              0.8999999999993687              1.6666666666670000              1.6666666666670000
       0.63750000               1.0000007718325339              0.9999999999999991              0.5999999999998812              0.8999999999993717              1.6666666666670000              1.6666666666670000
       0.64250000               1.0000005301350205              0.9999999999999993              0.5999999999998810              0.8999999999993714              1.6666666666670000              1.6666666666670000
       0.64750000               1.0000003623561327              0.9999999999999980              0.5999999999998823              0.8999999999993735              1.6666666666670000              1.6666666666670000
       0.65250000               1.0000002464746713              1.0000000000000000              0.5999999999998800              0.8999999999993700              1.6666666666670000              1.6666666666670000
       0.65750000               1.0000001668396368              1.0000000000000002              0.5999999999998802              0.8999999999993702              1.6666666666670000              1.6666666666670000
       0.66250000               1.0000001123874172              1.0000000000000018              0.5999999999998789              0.8999999999993682              1.6666666666670000              1.6666666666670000
       0.66750000               1.0000000753397837              1.0000000000000018              0.5999999999998790              0.8999999999993684              1.6666666666670000              1.6666666666670000
       0.67250000               1.0000000502587683              1.0000000000000022              0.5999999999998782              0.8999999999993673              1.6666666666670000              1.6666666666670000
       0.67750000               1.0000000333639110              1.0000000000000024              0.5999999999998780              0.8999999999993670              1.6666666666670000              1.6666666666670000
       0.68250000               1.0000000220411129              0.9999999999999984              0.5999999999998824              0.8999999999993735              1.6666666666670000              1.6666666666670000
       0.68750000               1.0000000144915187              0.9999999999999984              0.5999999999998813              0.8999999999993720              1.6666666666670000              1.6666666666670000
       0.69250000               1.0000000094829500              1.0000000000000031              0.5999999999998769              0.8999999999993653              1.6666666666670000              1.6666666666670000
       0.69750000               1.0000000061757670              0.9999999999999989              0.5999999999998806              0.8999999999993709              1.6666666666670000              1.6666666666670000
       0.70250000               1.0000000040016042              1.0000000000000009              0.5999999999998790              0.8999999999993683              1.6666666666670000              1.6666666666670000
       0.70750000               1.0000000025787865              0.9999999999999973              0.5999999999998821              0.8999999999993731              1.6666666666670000              1.6666666666670000
       0.71250000               1.0000000016527484              1.0000000000000007              0.5999999999998792              0.8999999999993687              1.6666666666670000              1.6666666666670000
       0.71750000               1.0000000010542356              1.0000000000000004              0.5999999999998794              0.8999999999993692              1.6666666666670000              1.6666666666670000
       0.72250000               1.0000000006704481              1.0000000000000022              0.5999999999998771              0.8999999999993655              1.6666666666670000              1.6666666666670000
       0.72750000               1.0000000004259666              0.9999999999999991              0.5999999999998809              0.8999999999993712              1.6666666666670000              1.6666666666670000
       0.73250000               1.0000000002704876              1.0000000000000029              0.5999999999998770              0.8999999999993653              1.6666666666670000              1.6666666666670000
       0.73750000               1.0000000001710392              0.9999999999999993              0.5999999999998804              0.8999999999993706              1.6666666666670000              1.6666666666670000
       0.74250000               1.0000000001066540              1.0000000000000000              0.5999999999998797              0.8999999999993696              1.6666666666670000              1.6666666666670000
       0.74750000               1.0000000000646445              1.0000000000000002              0.5999999999998792              0.8999999999993687              1.6666666666670000              1.6666666666670000
       0.75250000               1.0000000000378706              0.9999999999999982              0.5999999999998816              0.8999999999993724              1.6666666666670000              1.6666666666670000
       0.75750000               1.0000000000227771              1.0000000000000002              0.5999999999998799              0.8999999999993696              1.6666666666670000              1.6666666666670000
       0.76250000               1.0000000000179869              0.9999999999999982              0.5999999999998817              0.8999999999993726              1.6666666666670000              1.6666666666670000
       0.76750000               1.0000000000232818              1.0000000000000009              0.5999999999998791              0.8999999999993686              1.6666666666670000              1.6666666666670000
       0.77250000               1.0000000000392650              0.9999999999999969              0.5999999999998832              0.8999999999993746              1.6666666666670000              1.6666666666670000
       0.77750000               1.0000000000677807              1.0000000000000011              0.5999999999998791              0.8999999999993687              1.6666666666670000              1.6666666666670000
       0.78250000               1.0000000001129479              0.9999999999999996              0.5999999999998801              0.8999999999993702              1.6666666666670000              1.6666666666670000
       0.78750000               1.0000000001825335              0.9999999999999993              0.5999999999998806              0.8999999999993709              1.6666666666670000              1.6666666666670000
       0.79250000               1.0000000002899783              0.9999999999999989              0.5999999999998816              0.8999999999993724              1.6666666666670000              1.6666666666670000
       0.79750000               1.0000000004572476              0.9999999999999998              0.5999999999998800              0.8999999999993700              1.6666666666670000              1.6666666666670000
       0.80250000               1.0000000007189791              0.9999999999999991              0.5999999999998813              0.8999999999993720              1.6666666666670000              1.6666666666670000
       0.80750000               1.0000000011284635              0.9999999999999991              0.5999999999998804              0.8999999999993706              1.6666666666670000              1.6666666666670000
       0.81250000               1.0000000017665072              1.0000000000000007              0.5999999999998796              0.8999999999993694              1.6666666666670000              1.6666666666670000
       0.81750000               1.0000000027547034              1.0000000000000016              0.5999999999998785              0.8999999999993679              1.6666666666670000              1.6666666666670000
       0.82250000               1.0000000042754784              1.0000000000000000              0.5999999999998802              0.8999999999993701              1.6666666666670000              1.6666666666670000
       0.82750000               1.0000000066020422              0.9999999999999993              0.5999999999998814              0.8999999999993721              1.6666666666670000              1.6666666666670000
       0.83250000               1.0000000101424154              1.0000000000000002              0.5999999999998797              0.8999999999993695              1.6666666666670000              1.6666666666670000
       0.83750000               1.0000000155032107              0.9999999999999960              0.5999999999998841              0.8999999999993760              1.6666666666670000              1.6666666666670000
       0.84250000               1.0000000235811293              0.9999999999999998              0.5999999999998806              0.8999999999993710              1.6666666666670000              1.6666666666670000
       0.84750000               1.0000000356937897              1.0000000000000000              0.5999999999998802              0.8999999999993702              1.6666666666670000              1.6666666666670000
       0.85250000               1.0000000537659794              1.0000000000000002              0.5999999999998801              0.8999999999993701              1.6666666666670000              1.6666666666670000
       0.85750000               1.0000000805940157              1.0000000000000004              0.5999999999998794              0.8999999999993692              1.6666666666670000              1.6666666666670000
       0.86250000               1.0000001202187616              1.0000000000000007              0.5999999999998795              0.8999999999993693              1.6666666666670000              1.6666666666670000
       0.86750000               1.0000001784485393              1.0000000000000004              0.5999999999998793              0.8999999999993690              1.6666666666670000              1.6666666666670000
       0.87250000               1.0000002635872798              1.0000000000000024              0.5999999999998773              0.8999999999993659              1.6666666666670000              1.6666666666670000
       0.87750000               1.0000003874420060              0.9999999999999998              0.5999999999998802              0.8999999999993702              1.6666666666670000              1.6666666666670000
       0.88250000               1.0000005667082390              1.0000000000000018              0.5999999999998782              0.8999999999993673              1.6666666666670000              1.6666666666670000
       0.88750000               1.0000008248637551              1.0000000000000022              0.5999999999998775              0.8999999999993662              1.6666666666670000              1.6666666666670000
       0.89250000               1.0000011947411434              1.0000000000000011              0.5999999999998785              0.8999999999993678              1.6666666666670000              1.6666666666670000
       0.89750000               1.0000017220005770              1.0000000000000016              0.5999999999998781              0.8999999999993672              1.6666666666670000              1.6666666666670000
       0.90250000               1.0000024697877126              0.9999999999999989              0.5999999999998804              0.8999999999993706              1.6666666666670000              1.6666666666670000
       0.90750000               1.0000035249405912              1.0000000000000016              0.5999999999998781              0.8999999999993670              1.6666666666670000              1.6666666666670000
       0.91250000               1.0000050062066899              0.9999999999999998              0.5999999999998797              0.8999999999993696              1.6666666666670000              1.6666666666670000
       0.91750000               1.0000070750490455              1.0000000000000016              0.5999999999998783              0.8999999999993674              1.6666666666670000              1.6666666666670000
       0.92250000               1.0000099497621935              1.0000000000000007              0.5999999999998784              0.8999999999993676              1.6666666666670000              1.6666666666670000
       0.92750000               1.0000139237860344              0.9999999999999998              0.5999999999998803              0.8999999999993704              1.6666666666670000              1.6666666666670000
       0.93250000               1.0000193893018099              1.0000000000000002              0.5999999999998792              0.8999999999993686              1.6666666666670000              1.6666666666670000
       0.93750000               1.0000268674197861              1.0000000000000013              0.5999999999998783              0.8999999999993674              1.6666666666670000              1.6666666666670000
       0.94250000               1.0000370465234523              0.9999999999999982              0.5999999999998814              0.8999999999993721              1.6666666666670000              1.6666666666670000
       0.94750000               1.0000508306184190              1.0000000000000016              0.5999999999998787              0.8999999999993681              1.6666666666670000              1.6666666666670000
       0.95250000               1.0000693998415953              1.0000000000000002              0.5999999999998812              0.8999999999993717              1.6666666666670000              1.6666666666670000
       0.95750000               1.0000942856108641              0.9999999999999989              0.5999999999998816              0.8999999999993724              1.6666666666670000              1.6666666666670000
       0.96250000               1.0001274632272490              0.9999999999999993              0.5999999999998817              0.8999999999993726              1.6666666666670000              1.6666666666670000
       0.96750000               1.0001714650646834              0.9999999999999989              0.5999999999998822              0.8999999999993732              1.6666666666670000              1.6666666666670000
       0.97250000               1.0002295177774545              1.0000000000000011              0.5999999999998801              0.8999999999993701              1.6666666666670000              1.6666666666670000
       0.97750000               1.0003057071960870              0.9999999999999984              0.5999999999998820              0.8999999999993729              1.6666666666670000              1.6666666666670000
       0.98250000               1.0004051747376379              0.9999999999999998              0.5999999999998815              0.8999999999993722              1.6666666666670000              1.6666666666670000
       0.98750000               1.0005343491883372              1.0000000000000016              0.5999999999998793              0.8999999999993690              1.6666666666670000              1.6666666666670000
       0.99250000               1.0007012175800531              1.0000000000000007              0.5999999999998800              0.8999999999993699              1.6666666666670000              1.6666666666670000
       0.99750000               1.0009156385277804              0.9999999999999996              0.5999999999998801              0.8999999999993702              1.6666666666670000              1.6666666666670000
