       0.00250000               1.0748020121088098              0.0945115077456092              1.1281291129935520              1.6921936694894819              1.6666666666670000              1.6666666666670000
       0.00750000               1.0759962834917529              0.0959767810044706              1.1302131171477610              1.6953196757207938              1.6666666666670000              1.6666666666670000
       0.01250000               1.0771757010056917              0.0974346108780908              1.1322775896652544              1.6984163844970324              1.6666666666670000              1.6666666666670000
       0.01750000               1.0783375128774793              0.0988773622001307              1.1343255094189075              1.7014882641275104              1.6666666666670000              1.6666666666670000
       0.02250000               1.0794853771100847              0.1002794442101083              1.1363306057895786              1.7044959086835154              1.6666666666670000              1.6666666666670000
       0.02750000               1.0806210568502690              0.1016670285718850              1.1383187189385748              1.7074780784070085              1.6666666666670000              1.6666666666670000
       0.03250000               1.0818540370621557              0.1031872858551420              1.1404951761551845              1.7107427642319213              1.6666666666670000              1.6666666666670000
       0.03750000               1.0833671952664503              0.1050333445528511              1.1431524931772792              1.7147287397650612              1.6666666666670000              1.6666666666670000
       0.04250000               1.0849965133776069              0.1070042750824934              1.1460104819116830              1.7190157228666649              1.6666666666670000              1.6666666666670000
       0.04750000               1.0860328914064834              0.1083331827769543              1.1478452120463205              1.7217678180686200              1.6666666666670000              1.6666666666670000
       0.05250000               1.0860459899406913              0.1083722268556152              1.1478688410519067              1.7218032615769989              1.6666666666670000              1.6666666666670000
       0.05750000               1.0832161165568581              0.1047299441564739              1.1428791818236224              1.7143187727345763              1.6666666666670000              1.6666666666670000
       0.06250000               1.0728323497764938              0.0921576220162926              1.1247051548938722              1.6870577323399647              1.6666666666670000              1.6666666666670000
       0.06750000               1.0508584084192056              0.0647776403150739              1.0864997942696983              1.6297496914037326              1.6666666666670000              1.6666666666670000
       0.07250000               1.0209310191123364              0.0269128344687267              1.0353306248876568              1.5529959373307085              1.6666666666670000              1.6666666666670000
       0.07750000               1.0050105754752432              0.0065869972371302              1.0085450062332999              1.5128175093491936              1.6666666666670000              1.6666666666670000
       0.08250000               1.0013341210437703              0.0018544882392476              1.0024087601585909              1.5036131402371344              1.6666666666670000              1.6666666666670000
       0.08750000               1.0003498009010932              0.0005843518847720              1.0007663168174896              1.5011494752254839              1.6666666666670000              1.6666666666670000
       0.09250000               1.0000689840670709              0.0002233051967165              1.0002973957190746              1.5004460935778614              1.6666666666670000              1.6666666666670000
       0.09750000               0.9999820567915718              0.0001128739952365              1.0001514978724044              1.5002272468078566              1.6666666666670000              1.6666666666670000
       0.10250000               0.9999482427057409              0.0000725288047778              1.0000964208261680              1.5001446312385018              1.6666666666670000              1.6666666666670000
       0.10750000               0.9999312755673618              0.0000531474835579              1.0000697214620127              1.5001045821922689              1.6666666666670000              1.6666666666670000
       0.11250000               0.9999211530988877              0.0000404988389041              1.0000534041102043              1.5000801061645563              1.6666666666670000              1.6666666666670000
       0.11750000               0.9999135750054661              0.0000301888761604              1.0000413737225531              1.5000620605830794              1.6666666666670000              1.6666666666670000
       0.12250000               0.9999072179523890              0.0000212704344391              1.0000319609927868              1.5000479414884302              1.6666666666670000              1.6666666666670000
       0.12750000               0.9999028555283700              0.0000141252466785              1.0000250923926297              1.5000376385881944              1.6666666666670000              1.6666666666670000
       0.13250000               0.9998995855826789              0.0000089422171737              1.0000203339616847              1.5000305009417767              1.6666666666670000              1.6666666666670000
       0.13750000               0.9998969259803883              0.0000054358275726              1.0000166374842321              1.5000249562255981              1.6666666666670000              1.6666666666670000
       0.14250000               0.9998951380915855              0.0000034559947936              1.0000129487651381              1.5000194231469568              1.6666666666670000              1.6666666666670000
       0.14750000               0.9998925041308190              0.0000025870912943              1.0000092736396677              1.5000139104587513              1.6666666666670000              1.6666666666670000
       0.15250000               0.9998898681698791              0.0000023027308146              1.0000060965864095              1.5000091448788639              1.6666666666670000              1.6666666666670000
       0.15750000               0.9998895025515295              0.0000020483454556              1.0000038930011590              1.5000058395009883              1.6666666666670000              1.6666666666670000
       0.16250000               0.9998895250671632              0.0000012783475429              1.0000030644131965              1.5000045966190447              1.6666666666670000              1.6666666666670000
       0.16750000               0.9998888801021120              0.0000000753579650              1.0000032756427164              1.5000049134633244              1.6666666666670000              1.6666666666670000
       0.17250000               0.9998902013703045             -0.0000013062966819              1.0000040731936468              1.5000061097897202              1.6666666666670000              1.6666666666670000
       0.17750000               0.9998918054550049             -0.0000025889360808              1.0000050217448886              1.5000075326165829              1.6666666666670000              1.6666666666670000
       0.18250000               0.9998922257482155             -0.0000034861937759              1.0000056818262377              1.5000085227386066              1.6666666666670000              1.6666666666670000
       0.18750000               0.9998924479144221             -0.0000037640689091              1.0000056884427990              1.5000085326634485              1.6666666666670000              1.6666666666670000
       0.19250000               0.9998922494862529             -0.0000034251650670              1.0000049998625062              1.5000074997930093              1.6666666666670000              1.6666666666670000
       0.19750000               0.9998905226542268             -0.0000026547983635              1.0000038270158746              1.5000057405230618              1.6666666666670000              1.6666666666670000
       0.20250000               0.9998885992564268             -0.0000016679725839              1.0000024282219619              1.5000036423321930              1.6666666666670000              1.6666666666670000
       0.20750000               0.9998874886243757             -0.0000007280656358              1.0000011284044197              1.5000016926058797              1.6666666666670000              1.6666666666670000
       0.21250000               0.9998864838959863             -0.0000001293178445              1.0000002956986271              1.5000004435471903              1.6666666666670000              1.6666666666670000
       0.21750000               0.9998861726561796             -0.0000002295679397              1.0000003838064524              1.5000005757089285              1.6666666666670000              1.6666666666670000
       0.22250000               0.9998873812764266             -0.0000013960932052              1.0000018613150368              1.5000027919718049              1.6666666666670000              1.6666666666670000
       0.22750000               0.9998881552139692             -0.0000031061262615              1.0000040495149112              1.5000060742716168              1.6666666666670000              1.6666666666670000
       0.23250000               0.9998888128606855             -0.0000045833879889              1.0000059434844852              1.5000089152259779              1.6666666666670000              1.6666666666670000
       0.23750000               0.9998898462440365             -0.0000051738119701              1.0000066968663168              1.5000100452987253              1.6666666666670000              1.6666666666670000
       0.24250000               0.9998892066255858             -0.0000047724885444              1.0000061728508300              1.5000092592754948              1.6666666666670000              1.6666666666670000
       0.24750000               0.9998876071454859             -0.0000037356489592              1.0000048303726974              1.5000072455582962              1.6666666666670000              1.6666666666670000
       0.25250000               0.9998875180239852             -0.0000024130511345              1.0000031202944066              1.5000046804408598              1.6666666666670000              1.6666666666670000
       0.25750000               0.9998875131158899             -0.0000012170651842              1.0000015745142368              1.5000023617706051              1.6666666666670000              1.6666666666670000
       0.26250000               0.9998866610050797             -0.0000005226706273              1.0000006768312739              1.5000010152461607              1.6666666666670000              1.6666666666670000
       0.26750000               0.9998876751374907             -0.0000005152887154              1.0000006664747743              1.5000009997114112              1.6666666666670000              1.6666666666670000
       0.27250000               0.9998888726325685             -0.0000010445537451              1.0000013492566282              1.5000020238841922              1.6666666666670000              1.6666666666670000
       0.27750000               0.9998889890346101             -0.0000019290909462              1.0000024909062284              1.5000037363585925              1.6666666666670000              1.6666666666670000
       0.28250000               0.9998895649168822             -0.0000029364199571              1.0000037911806112              1.5000056867701668              1.6666666666670000              1.6666666666670000
       0.28750000               0.9998904016656039             -0.0000037812111750              1.0000048816775227              1.5000073225155341              1.6666666666670000              1.6666666666670000
       0.29250000               0.9998902223478409             -0.0000041759997186              1.0000053912660496              1.5000080868983243              1.6666666666670000              1.6666666666670000
       0.29750000               0.9998888420504002             -0.0000036725790764              1.0000047413243018              1.5000071119857028              1.6666666666670000              1.6666666666670000
       0.30250000               0.9998874278927912             -0.0000024191387824              1.0000031231474120              1.5000046847203681              1.6666666666670000              1.6666666666670000
       0.30750000               0.9998858771259885             -0.0000010636424980              1.0000013732184412              1.5000020598269117              1.6666666666670000              1.6666666666670000
       0.31250000               0.9998848005926213             -0.0000002500279894              1.0000003228269541              1.5000004842396810              1.6666666666670000              1.6666666666670000
       0.31750000               0.9998850665685294             -0.0000004823671637              1.0000006227077927              1.5000009340609390              1.6666666666670000              1.6666666666670000
       0.32250000               0.9998853457282664             -0.0000014201646357              1.0000018333254828              1.5000027499874744              1.6666666666670000              1.6666666666670000
       0.32750000               0.9998857393975258             -0.0000026683550173              1.0000034446699075              1.5000051670041112              1.6666666666670000              1.6666666666670000
       0.33250000               0.9998872551836203             -0.0000038324817518              1.0000049475157908              1.5000074212729362              1.6666666666670000              1.6666666666670000
       0.33750000               0.9998876871553545             -0.0000046090595854              1.0000059500741207              1.5000089251104312              1.6666666666670000              1.6666666666670000
       0.34250000               0.9998869185263073             -0.0000048879773130              1.0000063101842303              1.5000094652755953              1.6666666666670000              1.6666666666670000
       0.34750000               0.9998875642186991             -0.0000046954324272              1.0000060616557664              1.5000090924828995              1.6666666666670000              1.6666666666670000
       0.35250000               0.9998881045014656             -0.0000040507702701              1.0000052294596160              1.5000078441886739              1.6666666666670000              1.6666666666670000
       0.35750000               0.9998872222524166             -0.0000030172323920              1.0000038952503774              1.5000058428748158              1.6666666666670000              1.6666666666670000
       0.36250000               0.9998869971317438             -0.0000017991291549              1.0000023227834123              1.5000034841743684              1.6666666666670000              1.6666666666670000
       0.36750000               0.9998867940604507             -0.0000007422088745              1.0000009584008418              1.5000014376005124              1.6666666666670000              1.6666666666670000
       0.37250000               0.9998855924144807             -0.0000002431219325              1.0000003141609330              1.5000004712406494              1.6666666666670000              1.6666666666670000
       0.37750000               0.9998854060827143             -0.0000008859500147              1.0000011440943208              1.5000017161407313              1.6666666666670000              1.6666666666670000
       0.38250000               0.9998864454543210             -0.0000023712345179              1.0000030616687923              1.5000045925024381              1.6666666666670000              1.6666666666670000
       0.38750000               0.9998872987303140             -0.0000038262191779              1.0000049402930449              1.5000074104388170              1.6666666666670000              1.6666666666670000
       0.39250000               0.9998867490413785             -0.0000045394152803              1.0000058615664391              1.5000087923489085              1.6666666666670000              1.6666666666670000
       0.39750000               0.9998858647767742             -0.0000043606920962              1.0000056317746939              1.5000084476612909              1.6666666666670000              1.6666666666670000
       0.40250000               0.9998847390573541             -0.0000036149154462              1.0000046704172121              1.5000070056250681              1.6666666666670000              1.6666666666670000
       0.40750000               0.9998832478466371             -0.0000026081358472              1.0000033727739848              1.5000050591602272              1.6666666666670000              1.6666666666670000
       0.41250000               0.9998821451287130             -0.0000016898065689              1.0000021902767049              1.5000032854143073              1.6666666666670000              1.6666666666670000
       0.41750000               0.9998812631571823             -0.0000011750056494              1.0000015301699698              1.5000022952542047              1.6666666666670000              1.6666666666670000
       0.42250000               0.9998804816988273             -0.0000012804658573              1.0000016730071051              1.5000025095099074              1.6666666666670000              1.6666666666670000
       0.42750000               0.9998809535338773             -0.0000019601688836              1.0000025605044938              1.5000038407559906              1.6666666666670000              1.6666666666670000
       0.43250000               0.9998817766667210             -0.0000030530415207              1.0000039863276742              1.5000059794907610              1.6666666666670000              1.6666666666670000
       0.43750000               0.9998817117936725             -0.0000043417872255              1.0000056722178343              1.5000085083260015              1.6666666666670000              1.6666666666670000
       0.44250000               0.9998826961161760             -0.0000055066732649              1.0000072086224223              1.5000108129328835              1.6666666666670000              1.6666666666670000
       0.44750000               0.9998839149789182             -0.0000061610785606              1.0000081009933595              1.5000121514892890              1.6666666666670000              1.6666666666670000
       0.45250000               0.9998835630710869             -0.0000057339572275              1.0000076186190789              1.5000114279278682              1.6666666666670000              1.6666666666670000
       0.45750000               0.9998823593794951             -0.0000043531889420              1.0000059357272644              1.5000089035901467              1.6666666666670000              1.6666666666670000
       0.46250000               0.9998810060677978             -0.0000028530853214              1.0000041421824075              1.5000062132728611              1.6666666666670000              1.6666666666670000
       0.46750000               0.9998793703916073             -0.0000019968122569              1.0000032410441220              1.5000048615654329              1.6666666666670000              1.6666666666670000
       0.47250000               0.9998780787670730             -0.0000021189816607              1.0000036889994421              1.5000055334984130              1.6666666666670000              1.6666666666670000
       0.47750000               0.9998778757599668             -0.0000028093496357              1.0000049904691948              1.5000074857030421              1.6666666666670000              1.6666666666670000
       0.48250000               0.9998780595929909             -0.0000036575702974              1.0000066622299377              1.5000099933441566              1.6666666666670000              1.6666666666670000
       0.48750000               0.9998774808098086             -0.0000042287440411              1.0000082060523610              1.5000123090777913              1.6666666666670000              1.6666666666670000
       0.49250000               0.9998767175010222             -0.0000042745836445              1.0000093867885249              1.5000140801820372              1.6666666666670000              1.6666666666670000
       0.49750000               0.9998758372627117             -0.0000038392545488              1.0000103761024082              1.5000155641528621              1.6666666666670000              1.6666666666670000
       0.50250000               0.9998746161228864             -0.0000029391871981              1.0000113482407724              1.5000170223604086              1.6666666666670000              1.6666666666670000
       0.50750000               0.9998738448654992             -0.0000014610819662              1.0000123599558688              1.5000185399330532              1.6666666666670000              1.6666666666670000
       0.51250000               0.9998731632538824              0.0000008583160888              1.0000133390146571              1.5000200085212356              1.6666666666670000              1.6666666666670000
       0.51750000               0.9998720856137741              0.0000040843425479              1.0000145515450960              1.5000218273168939              1.6666666666670000              1.6666666666670000
       0.52250000               0.9998719851094591              0.0000080084473892              1.0000167227157601              1.5000250840728901              1.6666666666670000              1.6666666666670000
       0.52750000               0.9998734287335177              0.0000123834898220              1.0000207606922957              1.5000311410376936              1.6666666666670000              1.6666666666670000
       0.53250000               0.9998763007605733              0.0000167263543141              1.0000280449809382              1.5000420674706572              1.6666666666670000              1.6666666666670000
       0.53750000               0.9998811068086041              0.0000216635644725              1.0000387293958535              1.5000580940930304              1.6666666666670000              1.6666666666670000
       0.54250000               0.9998882529687078              0.0000288272403456              1.0000519234469532              1.5000778851696799              1.6666666666670000              1.6666666666670000
       0.54750000               0.9998970697412736              0.0000396219624146              1.0000673385942156              1.5001010078905734              1.6666666666670000              1.6666666666670000
       0.55250000               0.9999075616128535              0.0000546811447838              1.0000860514859682              1.5001290772282021              1.6666666666670000              1.6666666666670000
       0.55750000               0.9999203168266465              0.0000745536187864              1.0001096851540703              1.5001645277303552              1.6666666666670000              1.6666666666670000
       0.56250000               0.9999364698459142              0.0001000171593858              1.0001400758409178              1.5002101137606263              1.6666666666670000              1.6666666666670000
       0.56750000               0.9999582962029805              0.0001320443535728              1.0001793894449447              1.5002690841666670              1.6666666666670000              1.6666666666670000
       0.57250000               0.9999874741073760              0.0001720204163450              1.0002299084723201              1.5003448627077298              1.6666666666670000              1.6666666666670000
       0.57750000               1.0000246434637987              0.0002218367768228              1.0002939683665242              1.5004409525490359              1.6666666666670000              1.6666666666670000
       0.58250000               1.0000712090064487              0.0002836701857057              1.0003742804036224              1.5005614206046833              1.6666666666670000              1.6666666666670000
       0.58750000               1.0001300481019639              0.0003598228786243              1.0004741470563783              1.5007112205838171              1.6666666666670000              1.6666666666670000
       0.59250000               1.0002029964365970              0.0004528199707786              1.0005973064478859              1.5008959596710783              1.6666666666670000              1.6666666666670000
       0.59750000               1.0002913613804212              0.0005659442282387              1.0007471646926278              1.5011207470381911              1.6666666666670000              1.6666666666670000
       0.60250000               1.0003979945451507              0.0007030045805481              1.0009269655485280              1.5013904483220410              1.6666666666670000              1.6666666666670000
       0.60750000               1.0005247038498375              0.0008681399589422              1.0011398630129924              1.5017097945187377              1.6666666666670000              1.6666666666670000
       0.61250000               1.0006729541813919              0.0010649948724673              1.0013897592624772              1.5020846388929647              1.6666666666670000              1.6666666666670000
       0.61750000               1.0008475247436073              0.0012955204939477              1.0016825974723809              1.5025238962078198              1.6666666666670000              1.6666666666670000
       0.62250000               1.0010517360509779              0.0015617359910269              1.0020238152358032              1.5030357228529534              1.6666666666670000              1.6666666666670000
       0.62750000               1.0012875079043220              0.0018660118154336              1.0024177147710367              1.5036265721558031              1.6666666666670000              1.6666666666670000
       0.63250000               1.0015559117491661              0.0022113662343431              1.0028668436051027              1.5043002654069018              1.6666666666670000              1.6666666666670000
       0.63750000               1.0018587124722025              0.0026004050945665              1.0033731790904916              1.5050597686349849              1.6666666666670000              1.6666666666670000
       0.64250000               1.0021965138091271              0.0030351708879238              1.0039381975733608              1.5059072963592881              1.6666666666670000              1.6666666666670000
       0.64750000               1.0025698015728055              0.0035169254028734              1.0045630966304813              1.5068446449449686              1.6666666666670000              1.6666666666670000
       0.65250000               1.0029795202008911              0.0040459794656483              1.0052490213798169              1.5078735320689713              1.6666666666670000              1.6666666666670000
       0.65750000               1.0034251275905635              0.0046223347713495              1.0059962965523941              1.5089944448278363              1.6666666666670000              1.6666666666670000
       0.66250000               1.0039054436671240              0.0052455173473259              1.0068047465905940              1.5102071198851359              1.6666666666670000              1.6666666666670000
       0.66750000               1.0044214596088508              0.0059149530274938              1.0076733493282275              1.5115100239915855              1.6666666666670000              1.6666666666670000
       0.67250000               1.0049708343926578              0.0066304458606764              1.0085997668742057              1.5128996503105521              1.6666666666670000              1.6666666666670000
       0.67750000               1.0055494367526490              0.0073902510861741              1.0095830071588838              1.5143745107375683              1.6666666666670000              1.6666666666670000
       0.68250000               1.0061478691950374              0.0081915871607796              1.0106229151367199              1.5159343727043217              1.6666666666670000              1.6666666666670000
       0.68750000               1.0067742981012306              0.0090315236551182              1.0117191612631702              1.5175787418939966              1.6666666666670000              1.6666666666670000
       0.69250000               1.0074530509156843              0.0099094907184172              1.0128681332522498              1.5193021998776151              1.6666666666670000              1.6666666666670000
       0.69750000               1.0081752309480456              0.0108250254241063              1.0140659547135618              1.5210989320695818              1.6666666666670000              1.6666666666670000
       0.70250000               1.0089267119747163              0.0117767691868026              1.0153098543742649              1.5229647815606360              1.6666666666670000              1.6666666666670000
       0.70750000               1.0097030981312793              0.0127628070857295              1.0165978120154315              1.5248967180223849              1.6666666666670000              1.6666666666670000
       0.71250000               1.0105098789783411              0.0137810985555482              1.0179280461983773              1.5268920692968024              1.6666666666670000              1.6666666666670000
       0.71750000               1.0113503684206746              0.0148292046691279              1.0192994484962148              1.5289491727435578              1.6666666666670000              1.6666666666670000
       0.72250000               1.0122008531933531              0.0159054413523836              1.0207100459808114              1.5310650689704517              1.6666666666670000              1.6666666666670000
       0.72750000               1.0130643582985899              0.0170085534952012              1.0221574684865911              1.5332362027291198              1.6666666666670000              1.6666666666670000
       0.73250000               1.0139438189219783              0.0181371949111520              1.0236396498117708              1.5354594747168886              1.6666666666670000              1.6666666666670000
       0.73750000               1.0148423435048566              0.0192898706628246              1.0251549128226316              1.5377323692331786              1.6666666666670000              1.6666666666670000
       0.74250000               1.0157605064124415              0.0204648667744624              1.0267020634178841              1.5400530951260558              1.6666666666670000              1.6666666666670000
       0.74750000               1.0166973690960801              0.0216597293030857              1.0282810737693275              1.5424216106532200              1.6666666666670000              1.6666666666670000
       0.75250000               1.0176506654751463              0.0228737923506005              1.0298897427625393              1.5448346141430367              1.6666666666670000              1.6666666666670000
       0.75750000               1.0186181363126525              0.0241073539792722              1.0315247620838850              1.5472871431250539              1.6666666666670000              1.6666666666670000
       0.76250000               1.0195996824622819              0.0253602358126466              1.0331836143390007              1.5497754215077262              1.6666666666670000              1.6666666666670000
       0.76750000               1.0205933350250673              0.0266318922114100              1.0348644202364758              1.5522966303539376              1.6666666666670000              1.6666666666670000
       0.77250000               1.0215998419751597              0.0279199594602290              1.0365678634082822              1.5548517951116461              1.6666666666670000              1.6666666666670000
       0.77750000               1.0226206560317317              0.0292214690490317              1.0382955846721698              1.5574433770074758              1.6666666666670000              1.6666666666670000
       0.78250000               1.0236546614910826              0.0305351232128950              1.0400471483801548              1.5600707225694519              1.6666666666670000              1.6666666666670000
       0.78750000               1.0246996873330920              0.0318615381123239              1.0418196897891527              1.5627295346829477              1.6666666666670000              1.6666666666670000
       0.79250000               1.0257575708120954              0.0332007743693724              1.0436111926436518              1.5654167889646950              1.6666666666670000              1.6666666666670000
       0.79750000               1.0268274089903200              0.0345527012474488              1.0454200026009000              1.5681300039005657              1.6666666666670000              1.6666666666670000
       0.80250000               1.0279051112913729              0.0359166635173928              1.0472452554701570              1.5708678832044500              1.6666666666670000              1.6666666666670000
       0.80750000               1.0289909334209402              0.0372915206943523              1.0490868294273097              1.5736302441401777              1.6666666666670000              1.6666666666670000
       0.81250000               1.0300842619298705              0.0386754046687113              1.0509456689193173              1.5764185033781875              1.6666666666670000              1.6666666666670000
       0.81750000               1.0311838222288263              0.0400689758834926              1.0528194038260021              1.5792291057382135              1.6666666666670000              1.6666666666670000
       0.82250000               1.0322908526618393              0.0414723664650776              1.0547064403864597              1.5820596605788984              1.6666666666670000              1.6666666666670000
       0.82750000               1.0334044349079845              0.0428852895126570              1.0566058146925279              1.5849087220379994              1.6666666666670000              1.6666666666670000
       0.83250000               1.0345235299115938              0.0443064721314008              1.0585179496987882              1.5877769245473885              1.6666666666670000              1.6666666666670000
       0.83750000               1.0356521146705917              0.0457338942887677              1.0604443474466332              1.5906665211691544              1.6666666666670000              1.6666666666670000
       0.84250000               1.0367899035044010              0.0471646070285214              1.0623878365448238              1.5935817548164388              1.6666666666670000              1.6666666666670000
       0.84750000               1.0379330534424807              0.0486010656224731              1.0643439751364803              1.5965159627039220              1.6666666666670000              1.6666666666670000
       0.85250000               1.0390813073773784              0.0500450657227752              1.0663092350426149              1.5994638525631224              1.6666666666670000              1.6666666666670000
       0.85750000               1.0402342513753449              0.0514962645401267              1.0682830255410332              1.6024245383107483              1.6666666666670000              1.6666666666670000
       0.86250000               1.0413898297415909              0.0529542388610850              1.0702648900367540              1.6053973350543282              1.6666666666670000              1.6666666666670000
       0.86750000               1.0425516704935807              0.0544171857911188              1.0722562963608442              1.6083844445404620              1.6666666666670000              1.6666666666670000
       0.87250000               1.0437204099035302              0.0558833267449649              1.0742587216366655              1.6113880824541926              1.6666666666670000              1.6666666666670000
       0.87750000               1.0448915704786990              0.0573533519672300              1.0762702939842363              1.6144054409755471              1.6666666666670000              1.6666666666670000
       0.88250000               1.0460663989123529              0.0588275348345563              1.0782897270616394              1.6174345905916501              1.6666666666670000              1.6666666666670000
       0.88750000               1.0472451876810722              0.0603057526123100              1.0803162908681276              1.6204744363013812              1.6666666666670000              1.6666666666670000
       0.89250000               1.0484267940626713              0.0617874838666074              1.0823498274519441              1.6235247411771045              1.6666666666670000              1.6666666666670000
       0.89750000               1.0496093470677865              0.0632715354569896              1.0843910969477137              1.6265866454207571              1.6666666666670000              1.6666666666670000
       0.90250000               1.0507967336637347              0.0647554713058794              1.0864426191232528              1.6296639286840642              1.6666666666670000              1.6666666666670000
       0.90750000               1.0519846806869453              0.0662408203131962              1.0885014323987428              1.6327521485972976              1.6666666666670000              1.6666666666670000
       0.91250000               1.0531709974240619              0.0677297936672496              1.0905636433185062              1.6358454649769412              1.6666666666670000              1.6666666666670000
       0.91750000               1.0543641560846244              0.0692231581078094              1.0926273217301696              1.6389409825944348              1.6666666666670000              1.6666666666670000
       0.92250000               1.0555599536391618              0.0707194454837300              1.0946936535847154              1.6420404803762521              1.6666666666670000              1.6666666666670000
       0.92750000               1.0567592047153316              0.0722162896634367              1.0967650744092241              1.6451476116130135              1.6666666666670000              1.6666666666670000
       0.93250000               1.0579667262782657              0.0737109482132876              1.0988445055222900              1.6482667582826107              1.6666666666670000              1.6666666666670000
       0.93750000               1.0591763600051309              0.0752043317524219              1.1009299195104185              1.6513948792648021              1.6666666666670000              1.6666666666670000
       0.94250000               1.0603868073122225              0.0766973238379007              1.1030190532734050              1.6545285799092802              1.6666666666670000              1.6666666666670000
       0.94750000               1.0616018619765473              0.0781915093258193              1.1051089727645429              1.6576634591459851              1.6666666666670000              1.6666666666670000
       0.95250000               1.0628079617197079              0.0796865486064030              1.1071990244915459              1.6607985367364884              1.6666666666670000              1.6666666666670000
       0.95750000               1.0640080773761937              0.0811816108288538              1.1092895442606974              1.6639343163902138              1.6666666666670000              1.6666666666670000
       0.96250000               1.0652137910881181              0.0826740032034615              1.1113833205387087              1.6670749808072296              1.6666666666670000              1.6666666666670000
       0.96750000               1.0664195287803468              0.0841626758969172              1.1134806111339461              1.6702209167000843              1.6666666666670000              1.6666666666670000
       0.97250000               1.0676216270627077              0.0856503257277297              1.1155770530547453              1.6733655795812812              1.6666666666670000              1.6666666666670000
       0.97750000               1.0688238016679570              0.0871373857748807              1.1176696291295751              1.6765044436935241              1.6666666666670000              1.6666666666670000
       0.98250000               1.0700213193347980              0.0886234102218835              1.1197591244085641              1.6796386866120061              1.6666666666670000              1.6666666666670000
       0.98750000               1.0712097293770104              0.0901046914962307              1.1218472720681099              1.6827709081013236              1.6666666666670000              1.6666666666670000
       0.99250000               1.0724085416988913              0.0915807320038305              1.1239362694107233              1.6859044041152418              1.6666666666670000              1.6666666666670000
       0.99750000               1.0736090868437107              0.0930484307117342              1.1260317688722206              1.6890476533074863              1.6666666666670000              1.6666666666670000
