       0.00250000               1.3642909143411612              0.9999999999999997              0.5999999999998802              0.8999999999993703              1.6666666666670000              1.6666666666670000
       0.00750000               1.3286381065843982              0.9999999999999984              0.5999999999998816              0.8999999999993724              1.6666666666670000              1.6666666666670000
       0.01250000               1.2949943876454864              0.9999999999999988              0.5999999999998817              0.8999999999993726              1.6666666666670000              1.6666666666670000
       0.01750000               1.2634727319117487              1.0000000000000013              0.5999999999998775              0.8999999999993663              1.6666666666670000              1.6666666666670000
       0.02250000               1.2341442746661695              1.0000000000000024              0.5999999999998774              0.8999999999993661              1.6666666666670000              1.6666666666670000
       0.02750000               1.2070414260224849              0.9999999999999967              0.5999999999998831              0.8999999999993745              1.6666666666670000              1.6666666666670000
       0.03250000               1.1821615566465793              0.9999999999999983              0.5999999999998816              0.8999999999993724              1.6666666666670000              1.6666666666670000
       0.03750000               1.1594710878343832              1.0000000000000013              0.5999999999998785              0.8999999999993678              1.6666666666670000              1.6666666666670000
       0.04250000               1.1389098248911538              1.0000000000000016              0.5999999999998787              0.8999999999993681              1.6666666666670000              1.6666666666670000
       0.04750000               1.1203953838983751              1.0000000000000004              0.5999999999998792              0.8999999999993686              1.6666666666670000              1.6666666666670000
       0.05250000               1.1038275769635344              1.0000000000000011              0.5999999999998781              0.8999999999993671              1.6666666666670000              1.6666666666670000
       0.05750000               1.0890926390960243              0.9999999999999993              0.5999999999998810              0.8999999999993714              1.6666666666670000              1.6666666666670000
       0.06250000               1.0760672000070239              0.9999999999999978              0.5999999999998820              0.8999999999993729              1.6666666666670000              1.6666666666670000
       0.06750000               1.0646219253418450              0.9999999999999991              0.5999999999998813              0.8999999999993720              1.6666666666670000              1.6666666666670000
       0.07250000               1.0546247730543425              1.0000000000000000              0.5999999999998797              0.8999999999993695              1.6666666666670000              1.6666666666670000
       0.07750000               1.0459438308752369              1.0000000000000002              0.5999999999998804              0.8999999999993706              1.6666666666670000              1.6666666666670000
       0.08250000               1.0384497193615057              1.0000000000000007              0.5999999999998792              0.8999999999993687              1.6666666666670000              1.6666666666670000
       0.08750000               1.0320175613193066              0.9999999999999996              0.5999999999998802              0.8999999999993703              1.6666666666670000              1.6666666666670000
       0.09250000               1.0265285321487378              0.9999999999999989              0.5999999999998812              0.8999999999993717              1.6666666666670000              1.6666666666670000
       0.09750000               1.0218710167136251              0.9999999999999987              0.5999999999998820              0.8999999999993729              1.6666666666670000              1.6666666666670000
       0.10250000               1.0179414066791441              1.0000000000000022              0.5999999999998783              0.8999999999993673              1.6666666666670000              1.6666666666670000
       0.10750000               1.0146445779866666              0.9999999999999996              0.5999999999998810              0.8999999999993715              1.6666666666670000              1.6666666666670000
       0.11250000               1.0118940914480492              1.0000000000000009              0.5999999999998801              0.8999999999993701              1.6666666666670000              1.6666666666670000
       0.11750000               1.0096121606175326              0.9999999999999987              0.5999999999998820              0.8999999999993730              1.6666666666670000              1.6666666666670000
       0.12250000               1.0077294304655220              0.9999999999999984              0.5999999999998822              0.8999999999993732              1.6666666666670000              1.6666666666670000
       0.12750000               1.0061846082892647              1.0000000000000022              0.5999999999998777              0.8999999999993665              1.6666666666670000              1.6666666666670000
       0.13250000               1.0049239851045850              0.9999999999999998              0.5999999999998803              0.8999999999993705              1.6666666666670000              1.6666666666670000
       0.13750000               1.0039008818085919              0.9999999999999984              0.5999999999998819              0.8999999999993727              1.6666666666670000              1.6666666666670000
       0.14250000               1.0030750499921921              1.0000000000000024              0.5999999999998784              0.8999999999993675              1.6666666666670000              1.6666666666670000
       0.14750000               1.0024120526801910              0.9999999999999996              0.5999999999998809              0.8999999999993713              1.6666666666670000              1.6666666666670000
       0.15250000               1.0018826457089449              1.0000000000000009              0.5999999999998795              0.8999999999993692              1.6666666666670000              1.6666666666670000
       0.15750000               1.0014621760932421              1.0000000000000009              0.5999999999998791              0.8999999999993685              1.6666666666670000              1.6666666666670000
       0.16250000               1.0011300097154363              1.0000000000000000              0.5999999999998803              0.8999999999993704              1.6666666666670000              1.6666666666670000
       0.16750000               1.0008689970797511              1.0000000000000018              0.5999999999998787              0.8999999999993681              1.6666666666670000              1.6666666666670000
       0.17250000               1.0006649827624541              0.9999999999999991              0.5999999999998812              0.8999999999993717              1.6666666666670000              1.6666666666670000
       0.17750000               1.0005063615725520              1.0000000000000013              0.5999999999998792              0.8999999999993686              1.6666666666670000              1.6666666666670000
       0.18250000               1.0003836823099679              0.9999999999999989              0.5999999999998817              0.8999999999993726              1.6666666666670000              1.6666666666670000
       0.18750000               1.0002892983406233              1.0000000000000000              0.5999999999998802              0.8999999999993702              1.6666666666670000              1.6666666666670000
       0.19250000               1.0002170629598317              1.0000000000000022              0.5999999999998786              0.8999999999993678              1.6666666666670000              1.6666666666670000
       0.19750000               1.0001620666358844              1.0000000000000016              0.5999999999998789              0.8999999999993682              1.6666666666670000              1.6666666666670000
       0.20250000               1.0001204126614205              1.0000000000000013              0.5999999999998793              0.8999999999993691              1.6666666666670000              1.6666666666670000
       0.20750000               1.0000890274356395              0.9999999999999980              0.5999999999998824              0.8999999999993735              1.6666666666670000              1.6666666666670000
       0.21250000               1.0000655015032047              1.0000000000000020              0.5999999999998782              0.8999999999993672              1.6666666666670000              1.6666666666670000
       0.21750000               1.0000479575371757              1.0000000000000013              0.5999999999998791              0.8999999999993686              1.6666666666670000              1.6666666666670000
       0.22250000               1.0000349416302579              1.0000000000000007              0.5999999999998793              0.8999999999993690              1.6666666666670000              1.6666666666670000
       0.22750000               1.0000253345149059              1.0000000000000007              0.5999999999998802              0.8999999999993702              1.6666666666670000              1.6666666666670000
       0.23250000               1.0000182796370243              0.9999999999999991              0.5999999999998812              0.8999999999993719              1.6666666666670000              1.6666666666670000
       0.23750000               1.0000131253362050              1.0000000000000016              0.5999999999998791              0.8999999999993686              1.6666666666670000              1.6666666666670000
       0.24250000               1.0000093787178488              0.9999999999999998              0.5999999999998809              0.8999999999993712              1.6666666666670000              1.6666666666670000
       0.24750000               1.0000066691249527              1.0000000000000004              0.5999999999998792              0.8999999999993686              1.6666666666670000              1.6666666666670000
       0.25250000               1.0000047194208366              0.9999999999999971              0.5999999999998828              0.8999999999993743              1.6666666666670000              1.6666666666670000
       0.25750000               1.0000033235720707              0.9999999999999984              0.5999999999998811              0.8999999999993714              1.6666666666670000              1.6666666666670000
       0.26250000               1.0000023292711988              0.9999999999999993              0.5999999999998796              0.8999999999993694              1.6666666666670000              1.6666666666670000
       0.26750000               1.0000016245587084              0.9999999999999987              0.5999999999998813              0.8999999999993720              1.6666666666670000              1.6666666666670000
       0.27250000               1.0000011275937501              1.0000000000000004              0.5999999999998791              0.8999999999993685              1.6666666666670000              1.6666666666670000
       0.27750000               1.0000007788844114              0.9999999999999993              0.5999999999998810              0.8999999999993714              1.6666666666670000              1.6666666666670000
       0.28250000               1.0000005354239809              0.9999999999999991              0.5999999999998809              0.8999999999993712              1.6666666666670000              1.6666666666670000
       0.28750000               1.0000003662934960              1.0000000000000002              0.5999999999998802              0.8999999999993702              1.6666666666670000              1.6666666666670000
       0.29250000               1.0000002493848121              0.9999999999999993              0.5999999999998814              0.8999999999993721              1.6666666666670000              1.6666666666670000
       0.29750000               1.0000001689748381              0.9999999999999971              0.5999999999998828              0.8999999999993742              1.6666666666670000              1.6666666666670000
       0.30250000               1.0000001139419226              0.9999999999999984              0.5999999999998817              0.8999999999993726              1.6666666666670000              1.6666666666670000
       0.30750000               1.0000000764625272              0.9999999999999993              0.5999999999998811              0.8999999999993716              1.6666666666670000              1.6666666666670000
       0.31250000               1.0000000510637459              1.0000000000000007              0.5999999999998796              0.8999999999993694              1.6666666666670000              1.6666666666670000
       0.31750000               1.0000000339377226              1.0000000000000000              0.5999999999998801              0.8999999999993701              1.6666666666670000              1.6666666666670000
       0.32250000               1.0000000224483385              0.9999999999999993              0.5999999999998813              0.8999999999993719              1.6666666666670000              1.6666666666670000
       0.32750000               1.0000000147791244              1.0000000000000007              0.5999999999998795              0.8999999999993692              1.6666666666670000              1.6666666666670000
       0.33250000               1.0000000096844892              1.0000000000000020              0.5999999999998784              0.8999999999993675              1.6666666666670000              1.6666666666670000
       0.33750000               1.0000000063153134              1.0000000000000038              0.5999999999998761              0.8999999999993641              1.6666666666670000              1.6666666666670000
       0.34250000               1.0000000040969130              0.9999999999999973              0.5999999999998825              0.8999999999993737              1.6666666666670000              1.6666666666670000
       0.34750000               1.0000000026432057              1.0000000000000000              0.5999999999998795              0.8999999999993693              1.6666666666670000              1.6666666666670000
       0.35250000               1.0000000016962591              1.0000000000000000              0.5999999999998796              0.8999999999993695              1.6666666666670000              1.6666666666670000
       0.35750000               1.0000000010839367              1.0000000000000016              0.5999999999998775              0.8999999999993663              1.6666666666670000              1.6666666666670000
       0.36250000               1.0000000006910774              0.9999999999999958              0.5999999999998838              0.8999999999993757              1.6666666666670000              1.6666666666670000
       0.36750000               1.0000000004404614              0.9999999999999976              0.5999999999998822              0.8999999999993733              1.6666666666670000              1.6666666666670000
       0.37250000               1.0000000002806497              0.9999999999999984              0.5999999999998817              0.8999999999993726              1.6666666666670000              1.6666666666670000
       0.37750000               1.0000000001779905              0.9999999999999991              0.5999999999998807              0.8999999999993711              1.6666666666670000              1.6666666666670000
       0.38250000               1.0000000001111682              1.0000000000000002              0.5999999999998801              0.8999999999993701              1.6666666666670000              1.6666666666670000
       0.38750000               1.0000000000673048              1.0000000000000011              0.5999999999998784              0.8999999999993675              1.6666666666670000              1.6666666666670000
       0.39250000               1.0000000000391700              0.9999999999999996              0.5999999999998804              0.8999999999993706              1.6666666666670000              1.6666666666670000
       0.39750000               1.0000000000231768              1.0000000000000007              0.5999999999998795              0.8999999999993692              1.6666666666670000              1.6666666666670000
       0.40250000               1.0000000000179419              1.0000000000000002              0.5999999999998795              0.8999999999993692              1.6666666666670000              1.6666666666670000
       0.40750000               1.0000000000232681              0.9999999999999984              0.5999999999998809              0.8999999999993713              1.6666666666670000              1.6666666666670000
       0.41250000               1.0000000000397666              0.9999999999999991              0.5999999999998811              0.8999999999993714              1.6666666666670000              1.6666666666670000
       0.41750000               1.0000000000693212              0.9999999999999982              0.5999999999998822              0.8999999999993732              1.6666666666670000              1.6666666666670000
       0.42250000               1.0000000001160674              0.9999999999999996              0.5999999999998803              0.8999999999993705              1.6666666666670000              1.6666666666670000
       0.42750000               1.0000000001878226              1.0000000000000020              0.5999999999998781              0.8999999999993671              1.6666666666670000              1.6666666666670000
       0.43250000               1.0000000002981004              0.9999999999999989              0.5999999999998811              0.8999999999993716              1.6666666666670000              1.6666666666670000
       0.43750000               1.0000000004690128              0.9999999999999976              0.5999999999998828              0.8999999999993742              1.6666666666670000              1.6666666666670000
       0.44250000               1.0000000007355210              1.0000000000000011              0.5999999999998792              0.8999999999993689              1.6666666666670000              1.6666666666670000
       0.44750000               1.0000000011516159              0.9999999999999962              0.5999999999998833              0.8999999999993750              1.6666666666670000              1.6666666666670000
       0.45250000               1.0000000017992841              0.9999999999999993              0.5999999999998805              0.8999999999993707              1.6666666666670000              1.6666666666670000
       0.45750000               1.0000000028019427              0.9999999999999982              0.5999999999998814              0.8999999999993720              1.6666666666670000              1.6666666666670000
       0.46250000               1.0000000043444124              1.0000000000000000              0.5999999999998795              0.8999999999993693              1.6666666666670000              1.6666666666670000
       0.46750000               1.0000000067028489              0.9999999999999967              0.5999999999998834              0.8999999999993751              1.6666666666670000              1.6666666666670000
       0.47250000               1.0000000102888069              1.0000000000000013              0.5999999999998783              0.8999999999993674              1.6666666666670000              1.6666666666670000
       0.47750000               1.0000000157134263              1.0000000000000009              0.5999999999998785              0.8999999999993676              1.6666666666670000              1.6666666666670000
       0.48250000               1.0000000238796072              1.0000000000000022              0.5999999999998782              0.8999999999993673              1.6666666666670000              1.6666666666670000
       0.48750000               1.0000000361136732              1.0000000000000004              0.5999999999998803              0.8999999999993703              1.6666666666670000              1.6666666666670000
       0.49250000               1.0000000543524441              0.9999999999999993              0.5999999999998806              0.8999999999993710              1.6666666666670000              1.6666666666670000
       0.49750000               1.0000000814081813              1.0000000000000004              0.5999999999998791              0.8999999999993685              1.6666666666670000              1.6666666666670000
       0.50250000               1.0000001213421150              0.9999999999999998              0.5999999999998806              0.8999999999993709              1.6666666666670000              1.6666666666670000
       0.50750000               1.0000001799880376              1.0000000000000018              0.5999999999998783              0.8999999999993674              1.6666666666670000              1.6666666666670000
       0.51250000               1.0000002656815650              0.9999999999999973              0.5999999999998832              0.8999999999993747              1.6666666666670000              1.6666666666670000
       0.51750000               1.0000003902690122              0.9999999999999991              0.5999999999998807              0.8999999999993711              1.6666666666670000              1.6666666666670000
       0.52250000               1.0000005704943984              1.0000000000000013              0.5999999999998790              0.8999999999993684              1.6666666666670000              1.6666666666670000
       0.52750000               1.0000008298944094              0.9999999999999991              0.5999999999998804              0.8999999999993705              1.6666666666670000              1.6666666666670000
       0.53250000               1.0000012013717443              0.9999999999999991              0.5999999999998807              0.8999999999993711              1.6666666666670000              1.6666666666670000
       0.53750000               1.0000017306681086              0.9999999999999991              0.5999999999998805              0.8999999999993707              1.6666666666670000              1.6666666666670000
       0.54250000               1.0000024810216717              1.0000000000000009              0.5999999999998785              0.8999999999993678              1.6666666666670000              1.6666666666670000
       0.54750000               1.0000035393726923              1.0000000000000009              0.5999999999998792              0.8999999999993689              1.6666666666670000              1.6666666666670000
       0.55250000               1.0000050245778562              0.9999999999999987              0.5999999999998805              0.8999999999993707              1.6666666666670000              1.6666666666670000
       0.55750000               1.0000070982117450              1.0000000000000016              0.5999999999998786              0.8999999999993680              1.6666666666670000              1.6666666666670000
       0.56250000               1.0000099786753684              1.0000000000000018              0.5999999999998775              0.8999999999993663              1.6666666666670000              1.6666666666670000
       0.56750000               1.0000139594993760              0.9999999999999996              0.5999999999998796              0.8999999999993695              1.6666666666670000              1.6666666666670000
       0.57250000               1.0000194329255003              0.9999999999999998              0.5999999999998800              0.8999999999993700              1.6666666666670000              1.6666666666670000
       0.57750000               1.0000269200752590              0.9999999999999989              0.5999999999998806              0.8999999999993710              1.6666666666670000              1.6666666666670000
       0.58250000               1.0000371092701661              1.0000000000000004              0.5999999999998790              0.8999999999993684              1.6666666666670000              1.6666666666670000
       0.58750000               1.0000509043513177              1.0000000000000007              0.5999999999998790              0.8999999999993684              1.6666666666670000              1.6666666666670000
       0.59250000               1.0000694851539829              0.9999999999999998              0.5999999999998794              0.8999999999993690              1.6666666666670000              1.6666666666670000
       0.59750000               1.0000943826179984              1.0000000000000007              0.5999999999998785              0.8999999999993678              1.6666666666670000              1.6666666666670000
       0.60250000               1.0001275713467290              0.9999999999999976              0.5999999999998820              0.8999999999993731              1.6666666666670000              1.6666666666670000
       0.60750000               1.0001715827514299              1.0000000000000004              0.5999999999998790              0.8999999999993683              1.6666666666670000              1.6666666666670000
       0.61250000               1.0002296422142278              0.9999999999999989              0.5999999999998800              0.8999999999993699              1.6666666666670000              1.6666666666670000
       0.61750000               1.0003058339447328              0.9999999999999998              0.5999999999998795              0.8999999999993693              1.6666666666670000              1.6666666666670000
       0.62250000               1.0004052973613369              1.0000000000000013              0.5999999999998780              0.8999999999993670              1.6666666666670000              1.6666666666670000
       0.62750000               1.0005344588599323              0.9999999999999984              0.5999999999998806              0.8999999999993709              1.6666666666670000              1.6666666666670000
       0.63250000               1.0007013026979370              1.0000000000000000              0.5999999999998794              0.8999999999993692              1.6666666666670000              1.6666666666670000
       0.63750000               1.0009156843702338              0.9999999999999991              0.5999999999998804              0.8999999999993706              1.6666666666670000              1.6666666666670000
       0.64250000               1.0011896892307555              1.0000000000000002              0.5999999999998794              0.8999999999993690              1.6666666666670000              1.6666666666670000
       0.64750000               1.0015380381633410              0.9999999999999980              0.5999999999998812              0.8999999999993717              1.6666666666670000              1.6666666666670000
       0.65250000               1.0019785407757411              0.9999999999999980              0.5999999999998817              0.8999999999993725              1.6666666666670000              1.6666666666670000
       0.65750000               1.0025325948375312              0.9999999999999991              0.5999999999998802              0.8999999999993702              1.6666666666670000              1.6666666666670000
       0.66250000               1.0032257284669985              0.9999999999999989              0.5999999999998805              0.8999999999993707              1.6666666666670000              1.6666666666670000
       0.66750000               1.0040881788634890              1.0000000000000000              0.5999999999998796              0.8999999999993694              1.6666666666670000              1.6666666666670000
       0.67250000               1.0051554981697348              0.9999999999999984              0.5999999999998807              0.8999999999993710              1.6666666666670000              1.6666666666670000
       0.67750000               1.0064691733605891              1.0000000000000000              0.5999999999998797              0.8999999999993695              1.6666666666670000              1.6666666666670000
       0.68250000               1.0080772429629490              0.9999999999999996              0.5999999999998796              0.8999999999993695              1.6666666666670000              1.6666666666670000
       0.68750000               1.0100348890213771              0.9999999999999989              0.5999999999998810              0.8999999999993715              1.6666666666670000              1.6666666666670000
       0.69250000               1.0124049781591111              1.0000000000000007              0.5999999999998791              0.8999999999993684              1.6666666666670000              1.6666666666670000
       0.69750000               1.0152585209981060              0.9999999999999987              0.5999999999998811              0.8999999999993716              1.6666666666670000              1.6666666666670000
       0.70250000               1.0186750148169272              0.9999999999999998              0.5999999999998801              0.8999999999993700              1.6666666666670000              1.6666666666670000
       0.70750000               1.0227426304586920              0.9999999999999991              0.5999999999998809              0.8999999999993713              1.6666666666670000              1.6666666666670000
       0.71250000               1.0275582015263158              0.9999999999999984              0.5999999999998809              0.8999999999993712              1.6666666666670000              1.6666666666670000
       0.71750000               1.0332269721636544              1.0000000000000000              0.5999999999998796              0.8999999999993695              1.6666666666670000              1.6666666666670000
       0.72250000               1.0398620594787755              1.0000000000000004              0.5999999999998796              0.8999999999993693              1.6666666666670000              1.6666666666670000
       0.72750000               1.0475835881553719              1.0000000000000004              0.5999999999998787              0.8999999999993680              1.6666666666670000              1.6666666666670000
       0.73250000               1.0565174583555352              0.9999999999999991              0.5999999999998813              0.8999999999993720              1.6666666666670000              1.6666666666670000
       0.73750000               1.0667937141086057              0.9999999999999996              0.5999999999998799              0.8999999999993697              1.6666666666670000              1.6666666666670000
       0.74250000               1.0785444884169801              1.0000000000000004              0.5999999999998799              0.8999999999993697              1.6666666666670000              1.6666666666670000
       0.74750000               1.0919015133364436              1.0000000000000000              0.5999999999998804              0.8999999999993706              1.6666666666670000              1.6666666666670000
       0.75250000               1.1069931978616108              0.9999999999999996              0.5999999999998797              0.8999999999993695              1.6666666666670000              1.6666666666670000
       0.75750000               1.1239412929105292              1.0000000000000000              0.5999999999998800              0.8999999999993699              1.6666666666670000              1.6666666666670000
       0.76250000               1.1428571807101957              0.9999999999999998              0.5999999999998805              0.8999999999993707              1.6666666666670000              1.6666666666670000
       0.76750000               1.1638378456258431              1.0000000000000002              0.5999999999998799              0.8999999999993697              1.6666666666670000              1.6666666666670000
       0.77250000               1.1869616051778866              0.9999999999999998              0.5999999999998805              0.8999999999993706              1.6666666666670000              1.6666666666670000
       0.77750000               1.2122837029111744              0.9999999999999992              0.5999999999998806              0.8999999999993710              1.6666666666670000              1.6666666666670000
       0.78250000               1.2398318866213465              1.0000000000000002              0.5999999999998797              0.8999999999993696              1.6666666666670000              1.6666666666670000
       0.78750000               1.2696021130505859              1.0000000000000009              0.5999999999998794              0.8999999999993692              1.6666666666670000              1.6666666666670000
       0.79250000               1.3015545314376142              1.0000000000000009              0.5999999999998791              0.8999999999993686              1.6666666666670000              1.6666666666670000
       0.79750000               1.3356099038575193              1.0000000000000002              0.5999999999998794              0.8999999999993690              1.6666666666670000              1.6666666666670000
       0.80250000               1.3716466230743281              1.0000000000000002              0.5999999999998793              0.8999999999993689              1.6666666666670000              1.6666666666670000
       0.80750000               1.4094984910491286              1.0000000000000002              0.5999999999998797              0.8999999999993694              1.6666666666670000              1.6666666666670000
       0.81250000               1.4489534214966640              0.9999999999999999              0.5999999999998799              0.8999999999993696              1.6666666666670000              1.6666666666670000
       0.81750000               1.4897532208691675              1.0000000000000004              0.5999999999998792              0.8999999999993689              1.6666666666670000              1.6666666666670000
       0.82250000               1.5315945751291344              1.0000000000000002              0.5999999999998803              0.8999999999993704              1.6666666666670000              1.6666666666670000
       0.82750000               1.5741313213868637              0.9999999999999994              0.5999999999998806              0.8999999999993709              1.6666666666670000              1.6666666666670000
       0.83250000               1.6169780218702696              0.9999999999999990              0.5999999999998809              0.8999999999993712              1.6666666666670000              1.6666666666670000
       0.83750000               1.6597148008309253              0.9999999999999996              0.5999999999998811              0.8999999999993716              1.6666666666670000              1.6666666666670000
       0.84250000               1.7018933714174280              0.9999999999999991              0.5999999999998810              0.8999999999993715              1.6666666666670000              1.6666666666670000
       0.84750000               1.7430441746471010              0.9999999999999998              0.5999999999998800              0.8999999999993699              1.6666666666670000              1.6666666666670000
       0.85250000               1.7826845600242893              1.0000000000000002              0.5999999999998797              0.8999999999993694              1.6666666666670000              1.6666666666670000
       0.85750000               1.8203279234494683              0.9999999999999998              0.5999999999998797              0.8999999999993695              1.6666666666670000              1.6666666666670000
       0.86250000               1.8554936500931212              1.0000000000000000              0.5999999999998802              0.8999999999993702              1.6666666666670000              1.6666666666670000
       0.86750000               1.8877175792385215              0.9999999999999999              0.5999999999998800              0.8999999999993700              1.6666666666670000              1.6666666666670000
       0.87250000               1.9165625445688692              0.9999999999999997              0.5999999999998804              0.8999999999993705              1.6666666666670000              1.6666666666670000
       0.87750000               1.9416284104653230              0.9999999999999994              0.5999999999998811              0.8999999999993716              1.6666666666670000              1.6666666666670000
       0.88250000               1.9625609967392847              0.9999999999999996              0.5999999999998812              0.8999999999993717              1.6666666666670000              1.6666666666670000
       0.88750000               1.9790594195243523              0.9999999999999993              0.5999999999998814              0.8999999999993721              1.6666666666670000              1.6666666666670000
       0.89250000               1.9908817153674492              0.9999999999999990              0.5999999999998814              0.8999999999993720              1.6666666666670000              1.6666666666670000
       0.89750000               1.9978492514181510              0.9999999999999993              0.5999999999998803              0.8999999999993705              1.6666666666670000              1.6666666666670000
       0.90250000               1.9998516327541929              1.0000000000000002              0.5999999999998803              0.8999999999993703              1.6666666666670000              1.6666666666670000
       0.90750000               1.9968548015194301              1.0000000000000000              0.5999999999998801              0.8999999999993701              1.6666666666670000              1.6666666666670000
       0.91250000               1.9889070163363292              1.0000000000000007              0.5999999999998793              0.8999999999993690              1.6666666666670000              1.6666666666670000
       0.91750000               1.9761325072541531              1.0000000000000009              0.5999999999998793              0.8999999999993689              1.6666666666670000              1.6666666666670000
       0.92250000               1.9587237478147406              1.0000000000000013              0.5999999999998786              0.8999999999993679              1.6666666666670000              1.6666666666670000
       0.92750000               1.9369360869744867              1.0000000000000016              0.5999999999998789              0.8999999999993682              1.6666666666670000              1.6666666666670000
       0.93250000               1.9110825919170533              1.0000000000000009              0.5999999999998787              0.8999999999993680              1.6666666666670000              1.6666666666670000
       0.93750000               1.8815277848361396              1.0000000000000020              0.5999999999998772              0.8999999999993659              1.6666666666670000              1.6666666666670000
       0.94250000               1.8486799322322409              1.0000000000000013              0.5999999999998782              0.8999999999993673              1.6666666666670000              1.6666666666670000
       0.94750000               1.8129820213300294              1.0000000000000009              0.5999999999998793              0.8999999999993689              1.6666666666670000              1.6666666666670000
       0.95250000               1.7749018271180463              1.0000000000000002              0.5999999999998797              0.8999999999993695              1.6666666666670000              1.6666666666670000
       0.95750000               1.7349215694295779              0.9999999999999997              0.5999999999998802              0.8999999999993702              1.6666666666670000              1.6666666666670000
       0.96250000               1.6935276399614569              1.0000000000000002              0.5999999999998797              0.8999999999993695              1.6666666666670000              1.6666666666670000
       0.96750000               1.6512007944764768              0.9999999999999993              0.5999999999998801              0.8999999999993700              1.6666666666670000              1.6666666666670000
       0.97250000               1.6084071017386636              0.9999999999999983              0.5999999999998821              0.8999999999993731              1.6666666666670000              1.6666666666670000
       0.97750000               1.5655898503842574              0.9999999999999986              0.5999999999998811              0.8999999999993715              1.6666666666670000              1.6666666666670000
       0.98250000               1.5231625505680022              0.9999999999999982              0.5999999999998813              0.8999999999993721              1.6666666666670000              1.6666666666670000
       0.98750000               1.4815031255139739              0.9999999999999992              0.5999999999998809              0.8999999999993713              1.6666666666670000              1.6666666666670000
       0.99250000               1.4409493575852537              0.9999999999999991              0.5999999999998804              0.8999999999993705              1.6666666666670000              1.6666666666670000
       0.99750000               1.4017956231039665              0.9999999999999993              0.5999999999998806              0.8999999999993709              1.6666666666670000              1.6666666666670000
