       0.00250000               1.9998461796624287              0.9999999999999989              0.5999999999998809              0.8999999999993713              1.6666666666670000              1.6666666666670000
       0.00750000               1.9968493828261002              0.9999999999999991              0.5999999999998811              0.8999999999993715              1.6666666666670000              1.6666666666670000
       0.01250000               1.9889016615750235              0.9999999999999990              0.5999999999998809              0.8999999999993713              1.6666666666670000              1.6666666666670000
       0.01750000               1.9761273095250520              0.9999999999999990              0.5999999999998806              0.8999999999993710              1.6666666666670000              1.6666666666670000
       0.02250000               1.9587188673882725              0.9999999999999989              0.5999999999998811              0.8999999999993715              1.6666666666670000              1.6666666666670000
       0.02750000               1.9369317258682359              0.9999999999999991              0.5999999999998814              0.8999999999993720              1.6666666666670000              1.6666666666670000
       0.03250000               1.9110789523617799              1.0000000000000002              0.5999999999998797              0.8999999999993695              1.6666666666670000              1.6666666666670000
       0.03750000               1.8815250281699070              1.0000000000000004              0.5999999999998796              0.8999999999993694              1.6666666666670000              1.6666666666670000
       0.04250000               1.8486781519040472              1.0000000000000002              0.5999999999998801              0.8999999999993702              1.6666666666670000              1.6666666666670000
       0.04750000               1.8129812359579289              0.9999999999999996              0.5999999999998813              0.8999999999993719              1.6666666666670000              1.6666666666670000
       0.05250000               1.7749019910539767              0.9999999999999998              0.5999999999998807              0.8999999999993710              1.6666666666670000              1.6666666666670000
       0.05750000               1.7349225927626610              1.0000000000000013              0.5999999999998787              0.8999999999993682              1.6666666666670000              1.6666666666670000
       0.06250000               1.6935294089719282              1.0000000000000016              0.5999999999998781              0.8999999999993671              1.6666666666670000              1.6666666666670000
       0.06750000               1.6512031864404129              1.0000000000000004              0.5999999999998800              0.8999999999993700              1.6666666666670000              1.6666666666670000
       0.07250000               1.6084099924002517              0.9999999999999988              0.5999999999998814              0.8999999999993722              1.6666666666670000              1.6666666666670000
       0.07750000               1.5655931160176491              0.9999999999999996              0.5999999999998815              0.8999999999993722              1.6666666666670000              1.6666666666670000
       0.08250000               1.5231660680414265              0.9999999999999997              0.5999999999998800              0.8999999999993699              1.6666666666670000              1.6666666666670000
       0.08750000               1.4815067731892044              1.0000000000000007              0.5999999999998793              0.8999999999993690              1.6666666666670000              1.6666666666670000
       0.09250000               1.4409530182069235              0.9999999999999996              0.5999999999998803              0.8999999999993704              1.6666666666670000              1.6666666666670000
       0.09750000               1.4017991882103673              0.9999999999999984              0.5999999999998816              0.8999999999993724              1.6666666666670000              1.6666666666670000
       0.10250000               1.3642942888938729              0.9999999999999997              0.5999999999998806              0.8999999999993707              1.6666666666670000              1.6666666666670000
       0.10750000               1.3286412125733211              1.0000000000000004              0.5999999999998794              0.8999999999993691              1.6666666666670000              1.6666666666670000
       0.11250000               1.2949971660239807              1.0000000000000004              0.5999999999998794              0.8999999999993692              1.6666666666670000              1.6666666666670000
       0.11750000               1.2634751428769406              1.0000000000000004              0.5999999999998802              0.8999999999993704              1.6666666666670000              1.6666666666670000
       0.12250000               1.2341462967002550              0.9999999999999986              0.5999999999998813              0.8999999999993720              1.6666666666670000              1.6666666666670000
       0.12750000               1.2070430541839761              1.0000000000000016              0.5999999999998787              0.8999999999993681              1.6666666666670000              1.6666666666670000
       0.13250000               1.1821628004641200              1.0000000000000000              0.5999999999998799              0.8999999999993696              1.6666666666670000              1.6666666666670000
       0.13750000               1.1594719689790536              0.9999999999999994              0.5999999999998803              0.8999999999993705              1.6666666666670000              1.6666666666670000
       0.14250000               1.1389103746981173              1.0000000000000007              0.5999999999998794              0.8999999999993691              1.6666666666670000              1.6666666666670000
       0.14750000               1.1203956407950919              1.0000000000000002              0.5999999999998799              0.8999999999993697              1.6666666666670000              1.6666666666670000
       0.15250000               1.1038275838983742              1.0000000000000011              0.5999999999998786              0.8999999999993680              1.6666666666670000              1.6666666666670000
       0.15750000               1.0890924410943259              1.0000000000000011              0.5999999999998794              0.8999999999993690              1.6666666666670000              1.6666666666670000
       0.16250000               1.0760668419815553              0.9999999999999990              0.5999999999998805              0.8999999999993707              1.6666666666670000              1.6666666666670000
       0.16750000               1.0646214502522655              1.0000000000000007              0.5999999999998790              0.8999999999993684              1.6666666666670000              1.6666666666670000
       0.17250000               1.0546242204641167              0.9999999999999983              0.5999999999998816              0.8999999999993724              1.6666666666670000              1.6666666666670000
       0.17750000               1.0459432359129321              1.0000000000000033              0.5999999999998765              0.8999999999993646              1.6666666666670000              1.6666666666670000
       0.18250000               1.0384491120652524              0.9999999999999968              0.5999999999998831              0.8999999999993745              1.6666666666670000              1.6666666666670000
       0.18750000               1.0320169663271666              1.0000000000000000              0.5999999999998797              0.8999999999993696              1.6666666666670000              1.6666666666670000
       0.19250000               1.0265279686892699              1.0000000000000022              0.5999999999998774              0.8999999999993661              1.6666666666670000              1.6666666666670000
       0.19750000               1.0218704988449028              1.0000000000000011              0.5999999999998783              0.8999999999993674              1.6666666666670000              1.6666666666670000
       0.20250000               1.0179409437206450              0.9999999999999993              0.5999999999998803              0.8999999999993704              1.6666666666670000              1.6666666666670000
       0.20750000               1.0146441750869768              0.9999999999999982              0.5999999999998810              0.8999999999993714              1.6666666666670000              1.6666666666670000
       0.21250000               1.0118937502335110              1.0000000000000013              0.5999999999998780              0.8999999999993669              1.6666666666670000              1.6666666666670000
       0.21750000               1.0096118798724456              1.0000000000000018              0.5999999999998781              0.8999999999993671              1.6666666666670000              1.6666666666670000
       0.22250000               1.0077292068026851              1.0000000000000000              0.5999999999998796              0.8999999999993693              1.6666666666670000              1.6666666666670000
       0.22750000               1.0061844367786996              0.9999999999999998              0.5999999999998803              0.8999999999993704              1.6666666666670000              1.6666666666670000
       0.23250000               1.0049238598374459              0.9999999999999987              0.5999999999998812              0.8999999999993717              1.6666666666670000              1.6666666666670000
       0.23750000               1.0039007963816711              1.0000000000000009              0.5999999999998781              0.8999999999993671              1.6666666666670000              1.6666666666670000
       0.24250000               1.0030749979058295              0.9999999999999991              0.5999999999998810              0.8999999999993714              1.6666666666670000              1.6666666666670000
       0.24750000               1.0024120276486350              1.0000000000000009              0.5999999999998792              0.8999999999993686              1.6666666666670000              1.6666666666670000
       0.25250000               1.0018826418873967              0.9999999999999978              0.5999999999998824              0.8999999999993735              1.6666666666670000              1.6666666666670000
       0.25750000               1.0014621882292551              0.9999999999999987              0.5999999999998814              0.8999999999993721              1.6666666666670000              1.6666666666670000
       0.26250000               1.0011300332349917              0.9999999999999991              0.5999999999998813              0.8999999999993719              1.6666666666670000              1.6666666666670000
       0.26750000               1.0008690281193688              0.9999999999999984              0.5999999999998815              0.8999999999993722              1.6666666666670000              1.6666666666670000
       0.27250000               1.0006650181589902              0.9999999999999998              0.5999999999998804              0.8999999999993707              1.6666666666670000              1.6666666666670000
       0.27750000               1.0005063988218825              0.9999999999999996              0.5999999999998807              0.8999999999993710              1.6666666666670000              1.6666666666670000
       0.28250000               1.0003837195045797              0.9999999999999976              0.5999999999998823              0.8999999999993735              1.6666666666670000              1.6666666666670000
       0.28750000               1.0002893340948891              0.9999999999999998              0.5999999999998803              0.8999999999993704              1.6666666666670000              1.6666666666670000
       0.29250000               1.0002170963300556              0.9999999999999987              0.5999999999998823              0.8999999999993733              1.6666666666670000              1.6666666666670000
       0.29750000               1.0001620970406515              0.9999999999999969              0.5999999999998834              0.8999999999993751              1.6666666666670000              1.6666666666670000
       0.30250000               1.0001204398063426              0.9999999999999984              0.5999999999998817              0.8999999999993725              1.6666666666670000              1.6666666666670000
       0.30750000               1.0000890512452165              1.0000000000000000              0.5999999999998804              0.8999999999993706              1.6666666666670000              1.6666666666670000
       0.31250000               1.0000655220614070              0.9999999999999998              0.5999999999998805              0.8999999999993707              1.6666666666670000              1.6666666666670000
       0.31750000               1.0000479750373434              0.9999999999999993              0.5999999999998810              0.8999999999993714              1.6666666666670000              1.6666666666670000
       0.32250000               1.0000349563342819              0.9999999999999987              0.5999999999998820              0.8999999999993729              1.6666666666670000              1.6666666666670000
       0.32750000               1.0000253467210347              1.0000000000000009              0.5999999999998793              0.8999999999993690              1.6666666666670000              1.6666666666670000
       0.33250000               1.0000182896554841              1.0000000000000018              0.5999999999998787              0.8999999999993681              1.6666666666670000              1.6666666666670000
       0.33750000               1.0000131334716056              1.0000000000000049              0.5999999999998759              0.8999999999993636              1.6666666666670000              1.6666666666670000
       0.34250000               1.0000093852573151              0.9999999999999976              0.5999999999998830              0.8999999999993743              1.6666666666670000              1.6666666666670000
       0.34750000               1.0000066743307940              1.0000000000000007              0.5999999999998792              0.8999999999993687              1.6666666666670000              1.6666666666670000
       0.35250000               1.0000047235266945              1.0000000000000000              0.5999999999998804              0.8999999999993705              1.6666666666670000              1.6666666666670000
       0.35750000               1.0000033267815567              1.0000000000000009              0.5999999999998791              0.8999999999993685              1.6666666666670000              1.6666666666670000
       0.36250000               1.0000023317583866              0.9999999999999973              0.5999999999998832              0.8999999999993747              1.6666666666670000              1.6666666666670000
       0.36750000               1.0000016264699274              0.9999999999999980              0.5999999999998823              0.8999999999993734              1.6666666666670000              1.6666666666670000
       0.37250000               1.0000011290502935              0.9999999999999987              0.5999999999998816              0.8999999999993725              1.6666666666670000              1.6666666666670000
       0.37750000               1.0000007799855768              0.9999999999999991              0.5999999999998812              0.8999999999993719              1.6666666666670000              1.6666666666670000
       0.38250000               1.0000005362501034              0.9999999999999996              0.5999999999998811              0.8999999999993715              1.6666666666670000              1.6666666666670000
       0.38750000               1.0000003669087252              1.0000000000000004              0.5999999999998796              0.8999999999993693              1.6666666666670000              1.6666666666670000
       0.39250000               1.0000002498396636              0.9999999999999989              0.5999999999998809              0.8999999999993713              1.6666666666670000              1.6666666666670000
       0.39750000               1.0000001693086031              1.0000000000000002              0.5999999999998789              0.8999999999993682              1.6666666666670000              1.6666666666670000
       0.40250000               1.0000001141849266              1.0000000000000004              0.5999999999998795              0.8999999999993692              1.6666666666670000              1.6666666666670000
       0.40750000               1.0000000766380837              0.9999999999999987              0.5999999999998813              0.8999999999993719              1.6666666666670000              1.6666666666670000
       0.41250000               1.0000000511897076              0.9999999999999987              0.5999999999998815              0.8999999999993722              1.6666666666670000              1.6666666666670000
       0.41750000               1.0000000340276143              0.9999999999999978              0.5999999999998827              0.8999999999993741              1.6666666666670000              1.6666666666670000
       0.42250000               1.0000000225121906              1.0000000000000004              0.5999999999998799              0.8999999999993696              1.6666666666670000              1.6666666666670000
       0.42750000               1.0000000148242296              1.0000000000000027              0.5999999999998780              0.8999999999993668              1.6666666666670000              1.6666666666670000
       0.43250000               1.0000000097160853              0.9999999999999987              0.5999999999998816              0.8999999999993724              1.6666666666670000              1.6666666666670000
       0.43750000               1.0000000063371819              0.9999999999999980              0.5999999999998825              0.8999999999993737              1.6666666666670000              1.6666666666670000
       0.44250000               1.0000000041118433              0.9999999999999998              0.5999999999998797              0.8999999999993695              1.6666666666670000              1.6666666666670000
       0.44750000               1.0000000026533198              0.9999999999999969              0.5999999999998834              0.8999999999993751              1.6666666666670000              1.6666666666670000
       0.45250000               1.0000000017031090              0.9999999999999987              0.5999999999998815              0.8999999999993723              1.6666666666670000              1.6666666666670000
       0.45750000               1.0000000010886281              0.9999999999999987              0.5999999999998814              0.8999999999993721              1.6666666666670000              1.6666666666670000
       0.46250000               1.0000000006943310              1.0000000000000013              0.5999999999998790              0.8999999999993683              1.6666666666670000              1.6666666666670000
       0.46750000               1.0000000004427523              0.9999999999999960              0.5999999999998840              0.8999999999993759              1.6666666666670000              1.6666666666670000
       0.47250000               1.0000000002822476              1.0000000000000024              0.5999999999998777              0.8999999999993666              1.6666666666670000              1.6666666666670000
       0.47750000               1.0000000001790834              1.0000000000000011              0.5999999999998786              0.8999999999993680              1.6666666666670000              1.6666666666670000
       0.48250000               1.0000000001118787              1.0000000000000007              0.5999999999998794              0.8999999999993692              1.6666666666670000              1.6666666666670000
       0.48750000               1.0000000000677240              1.0000000000000009              0.5999999999998789              0.8999999999993684              1.6666666666670000              1.6666666666670000
       0.49250000               1.0000000000393767              0.9999999999999987              0.5999999999998815              0.8999999999993723              1.6666666666670000              1.6666666666670000
       0.49750000               1.0000000000232410              1.0000000000000011              0.5999999999998785              0.8999999999993678              1.6666666666670000              1.6666666666670000
       0.50250000               1.0000000000179383              1.0000000000000000              0.5999999999998803              0.8999999999993705              1.6666666666670000              1.6666666666670000
       0.50750000               1.0000000000232654              1.0000000000000016              0.5999999999998785              0.8999999999993678              1.6666666666670000              1.6666666666670000
       0.51250000               1.0000000000398486              0.9999999999999982              0.5999999999998826              0.8999999999993740              1.6666666666670000              1.6666666666670000
       0.51750000               1.0000000000695617              0.9999999999999987              0.5999999999998814              0.8999999999993720              1.6666666666670000              1.6666666666670000
       0.52250000               1.0000000001165517              1.0000000000000018              0.5999999999998787              0.8999999999993682              1.6666666666670000              1.6666666666670000
       0.52750000               1.0000000001886460              1.0000000000000009              0.5999999999998786              0.8999999999993680              1.6666666666670000              1.6666666666670000
       0.53250000               1.0000000002993676              0.9999999999999980              0.5999999999998816              0.8999999999993724              1.6666666666670000              1.6666666666670000
       0.53750000               1.0000000004708534              0.9999999999999998              0.5999999999998800              0.8999999999993699              1.6666666666670000              1.6666666666670000
       0.54250000               1.0000000007381296              1.0000000000000011              0.5999999999998791              0.8999999999993686              1.6666666666670000              1.6666666666670000
       0.54750000               1.0000000011552712              1.0000000000000013              0.5999999999998783              0.8999999999993674              1.6666666666670000              1.6666666666670000
       0.55250000               1.0000000018044621              0.9999999999999987              0.5999999999998815              0.8999999999993723              1.6666666666670000              1.6666666666670000
       0.55750000               1.0000000028093701              1.0000000000000009              0.5999999999998784              0.8999999999993675              1.6666666666670000              1.6666666666670000
       0.56250000               1.0000000043552080              1.0000000000000020              0.5999999999998782              0.8999999999993672              1.6666666666670000              1.6666666666670000
       0.56750000               1.0000000067185948              1.0000000000000000              0.5999999999998799              0.8999999999993696              1.6666666666670000              1.6666666666670000
       0.57250000               1.0000000103116700              1.0000000000000000              0.5999999999998804              0.8999999999993705              1.6666666666670000              1.6666666666670000
       0.57750000               1.0000000157462838              0.9999999999999982              0.5999999999998813              0.8999999999993720              1.6666666666670000              1.6666666666670000
       0.58250000               1.0000000239263034              1.0000000000000000              0.5999999999998804              0.8999999999993705              1.6666666666670000              1.6666666666670000
       0.58750000               1.0000000361793862              1.0000000000000013              0.5999999999998784              0.8999999999993675              1.6666666666670000              1.6666666666670000
       0.59250000               1.0000000544442029              1.0000000000000002              0.5999999999998795              0.8999999999993693              1.6666666666670000              1.6666666666670000
       0.59750000               1.0000000815354833              1.0000000000000002              0.5999999999998787              0.8999999999993682              1.6666666666670000              1.6666666666670000
       0.60250000               1.0000001215176504              0.9999999999999987              0.5999999999998817              0.8999999999993725              1.6666666666670000              1.6666666666670000
       0.60750000               1.0000001802285050              0.9999999999999991              0.5999999999998801              0.8999999999993702              1.6666666666670000              1.6666666666670000
       0.61250000               1.0000002660086291              0.9999999999999984              0.5999999999998814              0.8999999999993721              1.6666666666670000              1.6666666666670000
       0.61750000               1.0000003907104775              1.0000000000000007              0.5999999999998789              0.8999999999993683              1.6666666666670000              1.6666666666670000
       0.62250000               1.0000005710856055              1.0000000000000013              0.5999999999998785              0.8999999999993678              1.6666666666670000              1.6666666666670000
       0.62750000               1.0000008306798589              0.9999999999999980              0.5999999999998822              0.8999999999993732              1.6666666666670000              1.6666666666670000
       0.63250000               1.0000012024068572              1.0000000000000004              0.5999999999998799              0.8999999999993697              1.6666666666670000              1.6666666666670000
       0.63750000               1.0000017320210517              0.9999999999999987              0.5999999999998813              0.8999999999993719              1.6666666666670000              1.6666666666670000
       0.64250000               1.0000024827750738              0.9999999999999996              0.5999999999998810              0.8999999999993714              1.6666666666670000              1.6666666666670000
       0.64750000               1.0000035416251558              0.9999999999999973              0.5999999999998828              0.8999999999993742              1.6666666666670000              1.6666666666670000
       0.65250000               1.0000050274450345              0.9999999999999982              0.5999999999998817              0.8999999999993726              1.6666666666670000              1.6666666666670000
       0.65750000               1.0000071018267056              0.9999999999999998              0.5999999999998797              0.8999999999993696              1.6666666666670000              1.6666666666670000
       0.66250000               1.0000099831878160              0.9999999999999991              0.5999999999998810              0.8999999999993715              1.6666666666670000              1.6666666666670000
       0.66750000               1.0000139650732245              0.9999999999999991              0.5999999999998813              0.8999999999993720              1.6666666666670000              1.6666666666670000
       0.67250000               1.0000194397341826              0.9999999999999984              0.5999999999998813              0.8999999999993719              1.6666666666670000              1.6666666666670000
       0.67750000               1.0000269282940331              0.9999999999999993              0.5999999999998801              0.8999999999993701              1.6666666666670000              1.6666666666670000
       0.68250000               1.0000371190646811              0.9999999999999996              0.5999999999998797              0.8999999999993695              1.6666666666670000              1.6666666666670000
       0.68750000               1.0000509158616366              1.0000000000000000              0.5999999999998796              0.8999999999993693              1.6666666666670000              1.6666666666670000
       0.69250000               1.0000694984732310              1.0000000000000004              0.5999999999998795              0.8999999999993693              1.6666666666670000              1.6666666666670000
       0.69750000               1.0000943977648173              0.9999999999999989              0.5999999999998817              0.8999999999993726              1.6666666666670000              1.6666666666670000
       0.70250000               1.0001275882308560              1.0000000000000009              0.5999999999998799              0.8999999999993697              1.6666666666670000              1.6666666666670000
       0.70750000               1.0001716011322672              0.9999999999999991              0.5999999999998803              0.8999999999993703              1.6666666666670000              1.6666666666670000
       0.71250000               1.0002296616525648              0.9999999999999991              0.5999999999998812              0.8999999999993717              1.6666666666670000              1.6666666666670000
       0.71750000               1.0003058537484510              0.9999999999999987              0.5999999999998816              0.8999999999993724              1.6666666666670000              1.6666666666670000
       0.72250000               1.0004053165262385              1.0000000000000020              0.5999999999998779              0.8999999999993668              1.6666666666670000              1.6666666666670000
       0.72750000               1.0005344760080197              1.0000000000000016              0.5999999999998780              0.8999999999993669              1.6666666666670000              1.6666666666670000
       0.73250000               1.0007013160170188              0.9999999999999980              0.5999999999998816              0.8999999999993725              1.6666666666670000              1.6666666666670000
       0.73750000               1.0009156915602626              1.0000000000000004              0.5999999999998790              0.8999999999993685              1.6666666666670000              1.6666666666670000
       0.74250000               1.0011896874631419              0.9999999999999998              0.5999999999998802              0.8999999999993703              1.6666666666670000              1.6666666666670000
       0.74750000               1.0015380240595129              0.9999999999999998              0.5999999999998795              0.8999999999993692              1.6666666666670000              1.6666666666670000
       0.75250000               1.0019785104125865              0.9999999999999987              0.5999999999998805              0.8999999999993707              1.6666666666670000              1.6666666666670000
       0.75750000               1.0025325437897579              1.0000000000000002              0.5999999999998795              0.8999999999993692              1.6666666666670000              1.6666666666670000
       0.76250000               1.0032256518985629              1.0000000000000002              0.5999999999998792              0.8999999999993687              1.6666666666670000              1.6666666666670000
       0.76750000               1.0040880716787017              0.9999999999999991              0.5999999999998810              0.8999999999993714              1.6666666666670000              1.6666666666670000
       0.77250000               1.0051553552295978              0.9999999999999996              0.5999999999998796              0.8999999999993694              1.6666666666670000              1.6666666666670000
       0.77750000               1.0064689897659296              0.9999999999999980              0.5999999999998806              0.8999999999993709              1.6666666666670000              1.6666666666670000
       0.78250000               1.0080770144069577              0.9999999999999996              0.5999999999998799              0.8999999999993696              1.6666666666670000              1.6666666666670000
       0.78750000               1.0100346122175781              1.0000000000000002              0.5999999999998795              0.8999999999993691              1.6666666666670000              1.6666666666670000
       0.79250000               1.0124046513463703              1.0000000000000007              0.5999999999998793              0.8999999999993689              1.6666666666670000              1.6666666666670000
       0.79750000               1.0152581445066797              1.0000000000000004              0.5999999999998794              0.8999999999993691              1.6666666666670000              1.6666666666670000
       0.80250000               1.0186745916581712              1.0000000000000004              0.5999999999998789              0.8999999999993682              1.6666666666670000              1.6666666666670000
       0.80750000               1.0227421668949512              1.0000000000000016              0.5999999999998783              0.8999999999993675              1.6666666666670000              1.6666666666670000
       0.81250000               1.0275577075941624              0.9999999999999996              0.5999999999998800              0.8999999999993699              1.6666666666670000              1.6666666666670000
       0.81750000               1.0332264621416993              0.9999999999999993              0.5999999999998800              0.8999999999993701              1.6666666666670000              1.6666666666670000
       0.82250000               1.0398615522772428              0.9999999999999993              0.5999999999998801              0.8999999999993700              1.6666666666670000              1.6666666666670000
       0.82750000               1.0475831075518618              1.0000000000000004              0.5999999999998789              0.8999999999993683              1.6666666666670000              1.6666666666670000
       0.83250000               1.0565170329551778              0.9999999999999996              0.5999999999998802              0.8999999999993703              1.6666666666670000              1.6666666666670000
       0.83750000               1.0667933769307816              0.9999999999999993              0.5999999999998801              0.8999999999993701              1.6666666666670000              1.6666666666670000
       0.84250000               1.0785442761155561              0.9999999999999992              0.5999999999998804              0.8999999999993706              1.6666666666670000              1.6666666666670000
       0.84750000               1.0919014651635535              0.9999999999999994              0.5999999999998811              0.8999999999993714              1.6666666666670000              1.6666666666670000
       0.85250000               1.1069933544691049              0.9999999999999992              0.5999999999998802              0.8999999999993702              1.6666666666670000              1.6666666666670000
       0.85750000               1.1239416949230674              0.9999999999999992              0.5999999999998804              0.8999999999993706              1.6666666666670000              1.6666666666670000
       0.86250000               1.1428578668401310              0.9999999999999994              0.5999999999998800              0.8999999999993697              1.6666666666670000              1.6666666666670000
       0.86750000               1.1638388501511401              0.9999999999999997              0.5999999999998797              0.8999999999993695              1.6666666666670000              1.6666666666670000
       0.87250000               1.1869629549491922              0.9999999999999994              0.5999999999998797              0.8999999999993696              1.6666666666670000              1.6666666666670000
       0.87750000               1.2122854144780852              0.9999999999999997              0.5999999999998802              0.8999999999993703              1.6666666666670000              1.6666666666670000
       0.88250000               1.2398339641653902              1.0000000000000002              0.5999999999998801              0.8999999999993700              1.6666666666670000              1.6666666666670000
       0.88750000               1.2696045473400068              0.9999999999999994              0.5999999999998805              0.8999999999993707              1.6666666666670000              1.6666666666670000
       0.89250000               1.3015572992196653              0.9999999999999990              0.5999999999998813              0.8999999999993717              1.6666666666670000              1.6666666666670000
       0.89750000               1.3356129666606338              0.9999999999999992              0.5999999999998805              0.8999999999993709              1.6666666666670000              1.6666666666670000
       0.90250000               1.3716499249212357              0.9999999999999987              0.5999999999998812              0.8999999999993717              1.6666666666670000              1.6666666666670000
       0.90750000               1.4095019559996003              0.9999999999999988              0.5999999999998812              0.8999999999993717              1.6666666666670000              1.6666666666670000
       0.91250000               1.4489569532675648              0.9999999999999987              0.5999999999998812              0.8999999999993719              1.6666666666670000              1.6666666666670000
       0.91750000               1.4897567067171948              0.9999999999999996              0.5999999999998804              0.8999999999993706              1.6666666666670000              1.6666666666670000
       0.92250000               1.5315978941587522              0.9999999999999991              0.5999999999998804              0.8999999999993705              1.6666666666670000              1.6666666666670000
       0.92750000               1.5741343543855186              0.9999999999999997              0.5999999999998804              0.8999999999993705              1.6666666666670000              1.6666666666670000
       0.93250000               1.6169806578099151              0.9999999999999993              0.5999999999998806              0.8999999999993711              1.6666666666670000              1.6666666666670000
       0.93750000               1.6597169362856536              1.0000000000000000              0.5999999999998791              0.8999999999993685              1.6666666666670000              1.6666666666670000
       0.94250000               1.7018949035246169              1.0000000000000007              0.5999999999998783              0.8999999999993674              1.6666666666670000              1.6666666666670000
       0.94750000               1.7430449936403634              1.0000000000000011              0.5999999999998786              0.8999999999993679              1.6666666666670000              1.6666666666670000
       0.95250000               1.7826845501506980              1.0000000000000009              0.5999999999998793              0.8999999999993689              1.6666666666670000              1.6666666666670000
       0.95750000               1.8203269785177130              1.0000000000000009              0.5999999999998787              0.8999999999993682              1.6666666666670000              1.6666666666670000
       0.96250000               1.8554917022777995              1.0000000000000016              0.5999999999998781              0.8999999999993670              1.6666666666670000              1.6666666666670000
       0.96750000               1.8877146308094126              1.0000000000000011              0.5999999999998784              0.8999999999993676              1.6666666666670000              1.6666666666670000
       0.97250000               1.9165586872220641              1.0000000000000009              0.5999999999998787              0.8999999999993682              1.6666666666670000              1.6666666666670000
       0.97750000               1.9416238196474824              1.0000000000000011              0.5999999999998789              0.8999999999993682              1.6666666666670000              1.6666666666670000
       0.98250000               1.9625558984465028              1.0000000000000004              0.5999999999998796              0.8999999999993694              1.6666666666670000              1.6666666666670000
       0.98750000               1.9790540398679162              1.0000000000000002              0.5999999999998796              0.8999999999993693              1.6666666666670000              1.6666666666670000
       0.99250000               1.9908762321029589              0.9999999999999998              0.5999999999998800              0.8999999999993699              1.6666666666670000              1.6666666666670000
       0.99750000               1.9978437668671869              0.9999999999999989              0.5999999999998810              0.8999999999993714              1.6666666666670000              1.6666666666670000
