       0.00250000               0.9998956172618519              0.0000003379247881              0.9999995638187620              1.4999993457273928              1.6666666666670000              1.6666666666670000
       0.00750000               0.9998951105790945             -0.0000009452511396              1.0000012202335888              1.5000018303496332              1.6666666666670000              1.6666666666670000
       0.01250000               0.9998964892608783             -0.0000029265504380              1.0000037779216078              1.5000056668816615              1.6666666666670000              1.6666666666670000
       0.01750000               0.9998982587572450             -0.0000046695299370              1.0000060280159957              1.5000090420232435              1.6666666666670000              1.6666666666670000
       0.02250000               0.9998984937630522             -0.0000054042158588              1.0000069765068367              1.5000104647595049              1.6666666666670000              1.6666666666670000
       0.02750000               0.9998972816982369             -0.0000050713741583              1.0000065469024215              1.5000098203528820              1.6666666666670000              1.6666666666670000
       0.03250000               0.9998958334527522             -0.0000040504835236              1.0000052290618668              1.5000078435920501              1.6666666666670000              1.6666666666670000
       0.03750000               0.9998937297107852             -0.0000026993560694              1.0000034848754202              1.5000052273123801              1.6666666666670000              1.6666666666670000
       0.04250000               0.9998917213194222             -0.0000014198222188              1.0000018331027865              1.5000027496534298              1.6666666666670000              1.6666666666670000
       0.04750000               0.9998908738414447             -0.0000005725127688              1.0000007392978003              1.5000011089459502              1.6666666666670000              1.6666666666670000
       0.05250000               0.9998904240781999             -0.0000003899967039              1.0000005036927042              1.5000007555383064              1.6666666666670000              1.6666666666670000
       0.05750000               0.9998901105482441             -0.0000008555947297              1.0000011047615460              1.5000016571415691              1.6666666666670000              1.6666666666670000
       0.06250000               0.9998913549918226             -0.0000018007352876              1.0000023249046812              1.5000034873562718              1.6666666666670000              1.6666666666670000
       0.06750000               0.9998921739418707             -0.0000029855467336              1.0000038544859575              1.5000057817281862              1.6666666666670000              1.6666666666670000
       0.07250000               0.9998918867272385             -0.0000040645907583              1.0000052476123311              1.5000078714177467              1.6666666666670000              1.6666666666670000
       0.07750000               0.9998932236350460             -0.0000046444037535              1.0000059964102646              1.5000089946146469              1.6666666666670000              1.6666666666670000
       0.08250000               0.9998937156843561             -0.0000041531912877              1.0000053628350891              1.5000080442518837              1.6666666666670000              1.6666666666670000
       0.08750000               0.9998923676623898             -0.0000028140763703              1.0000036350098913              1.5000054525140869              1.6666666666670000              1.6666666666670000
       0.09250000               0.9998917357110233             -0.0000014891979701              1.0000019259795285              1.5000028889685428              1.6666666666670000              1.6666666666670000
       0.09750000               0.9998918619742335             -0.0000008880096893              1.0000011517417229              1.5000017276118345              1.6666666666670000              1.6666666666670000
       0.10250000               0.9998912599103196             -0.0000011071431774              1.0000014373326407              1.5000021559982111              1.6666666666670000              1.6666666666670000
       0.10750000               0.9998908602764198             -0.0000018143384563              1.0000023543122221              1.5000035314675833              1.6666666666670000              1.6666666666670000
       0.11250000               0.9998912167239618             -0.0000027002424530              1.0000035040499375              1.5000052560741561              1.6666666666670000              1.6666666666670000
       0.11750000               0.9998914286502989             -0.0000034325557859              1.0000044586014747              1.5000066879014617              1.6666666666670000              1.6666666666670000
       0.12250000               0.9998910121591011             -0.0000038011341909              1.0000049481367483              1.5000074222043722              1.6666666666670000              1.6666666666670000
       0.12750000               0.9998907826211816             -0.0000038011374638              1.0000049684652355              1.5000074526971032              1.6666666666670000              1.6666666666670000
       0.13250000               0.9998901098847746             -0.0000034454986802              1.0000045392152024              1.5000068088220535              1.6666666666670000              1.6666666666670000
       0.13750000               0.9998890689232210             -0.0000026384220315              1.0000035409071646              1.5000053113599967              1.6666666666670000              1.6666666666670000
       0.14250000               0.9998885577266614             -0.0000013804429516              1.0000019801833875              1.5000029702743312              1.6666666666670000              1.6666666666670000
       0.14750000               0.9998870780587198              0.0000000468004005              1.0000002290312955              1.5000003435461933              1.6666666666670000              1.6666666666670000
       0.15250000               0.9998855531669132              0.0000011747568778              0.9999989041297206              1.4999983561938308              1.6666666666670000              1.6666666666670000
       0.15750000               0.9998863899360068              0.0000014744200213              0.9999987048594343              1.4999980572884013              1.6666666666670000              1.6666666666670000
       0.16250000               0.9998880720037709              0.0000001803234940              1.0000006422147467              1.5000009633213698              1.6666666666670000              1.6666666666670000
       0.16750000               0.9998891936123351             -0.0000019721461429              1.0000037983145014              1.5000056974710021              1.6666666666670000              1.6666666666670000
       0.17250000               0.9998916774346338             -0.0000036797942238              1.0000065338678108              1.5000098008009661              1.6666666666670000              1.6666666666670000
       0.17750000               0.9998934725315980             -0.0000040851578650              1.0000078004874493              1.5000117007304239              1.6666666666670000              1.6666666666670000
       0.18250000               0.9998935321690545             -0.0000033293150369              1.0000078594686386              1.5000117892022078              1.6666666666670000              1.6666666666670000
       0.18750000               0.9998933970093574             -0.0000017633371052              1.0000072704867864              1.5000109057294295              1.6666666666670000              1.6666666666670000
       0.19250000               0.9998931881228812              0.0000003118155539              1.0000065643678586              1.5000098465510381              1.6666666666670000              1.6666666666670000
       0.19750000               0.9998920273412231              0.0000025826471110              1.0000063348569932              1.5000095022847399              1.6666666666670000              1.6666666666670000
       0.20250000               0.9998913812485039              0.0000048679919523              1.0000070653823692              1.5000105980728038              1.6666666666670000              1.6666666666670000
       0.20750000               0.9998922625582907              0.0000071658970108              1.0000090858063457              1.5000136287087684              1.6666666666670000              1.6666666666670000
       0.21250000               0.9998939481241964              0.0000095423982195              1.0000127374574583              1.5000191061854375              1.6666666666670000              1.6666666666670000
       0.21750000               0.9998970906910898              0.0000119895961120              1.0000185827152193              1.5000278740720787              1.6666666666670000              1.6666666666670000
       0.22250000               0.9999023690313880              0.0000148852053372              1.0000268438430056              1.5000402657637582              1.6666666666670000              1.6666666666670000
       0.22750000               0.9999080629269301              0.0000191540104614              1.0000372330580827              1.5000558495863738              1.6666666666670000              1.6666666666670000
       0.23250000               0.9999148273375714              0.0000260289983378              1.0000493064918370              1.5000739597370052              1.6666666666670000              1.6666666666670000
       0.23750000               0.9999232567458300              0.0000371515280220              1.0000623880717168              1.5000935821068253              1.6666666666670000              1.6666666666670000
       0.24250000               0.9999321302680586              0.0000529513417305              1.0000777216569796              1.5001165824847194              1.6666666666670000              1.6666666666670000
       0.24750000               0.9999435960864338              0.0000729417224381              1.0000981580157373              1.5001472370228557              1.6666666666670000              1.6666666666670000
       0.25250000               0.9999614241301445              0.0000972024813910              1.0001263141220258              1.5001894711822885              1.6666666666670000              1.6666666666670000
       0.25750000               0.9999850079053536              0.0001268143777806              1.0001640893649857              1.5002461340467281              1.6666666666670000              1.6666666666670000
       0.26250000               1.0000139593728516              0.0001637565805832              1.0002128740467913              1.5003193110694366              1.6666666666670000              1.6666666666670000
       0.26750000               1.0000520424054034              0.0002101031804206              1.0002746569771703              1.5004119854650055              1.6666666666670000              1.6666666666670000
       0.27250000               1.0000990936869749              0.0002682559337678              1.0003517814409890              1.5005276721607332              1.6666666666670000              1.6666666666670000
       0.27750000               1.0001557245284562              0.0003408184965076              1.0004471410592493              1.5006707115881237              1.6666666666670000              1.6666666666670000
       0.28250000               1.0002257825543259              0.0004305193175105              1.0005642807712487              1.5008464211561225              1.6666666666670000              1.6666666666670000
       0.28750000               1.0003116424194887              0.0005403874432946              1.0007071285292826              1.5010606927931733              1.6666666666670000              1.6666666666670000
       0.29250000               1.0004147095093905              0.0006738377789308              1.0008797931087381              1.5013196896623564              1.6666666666670000              1.6666666666670000
       0.29750000               1.0005374039489112              0.0008349626246148              1.0010860403406467              1.5016290605102194              1.6666666666670000              1.6666666666670000
       0.30250000               1.0006832986329144              0.0010277651714946              1.0013300825345706              1.5019951238011047              1.6666666666670000              1.6666666666670000
       0.30750000               1.0008555342752301              0.0012547285913604              1.0016181814658847              1.5024272721980758              1.6666666666670000              1.6666666666670000
       0.31250000               1.0010579183853463              0.0015182546010284              1.0019565121879896              1.5029347682812331              1.6666666666670000              1.6666666666670000
       0.31750000               1.0012944616490849              0.0018205732916524              1.0023509904986789              1.5035264857472666              1.6666666666670000              1.6666666666670000
       0.32250000               1.0015655539954087              0.0021659921435487              1.0028040833905014              1.5042061250849998              1.6666666666670000              1.6666666666670000
       0.32750000               1.0018725100291483              0.0025587612899368              1.0033173189045712              1.5049759783561043              1.6666666666670000              1.6666666666670000
       0.33250000               1.0022179591166749              0.0030016648606227              1.0038929144969959              1.5058393717447407              1.6666666666670000              1.6666666666670000
       0.33750000               1.0026014752945205              0.0034960781052981              1.0045335738298780              1.5068003607440636              1.6666666666670000              1.6666666666670000
       0.34250000               1.0030241729063980              0.0040429404185167              1.0052411662315861              1.5078617493466249              1.6666666666670000              1.6666666666670000
       0.34750000               1.0034892081522331              0.0046427964377369              1.0060166832860549              1.5090250249283277              1.6666666666670000              1.6666666666670000
       0.35250000               1.0039951397114377              0.0052956902487654              1.0068604413565754              1.5102906620341079              1.6666666666670000              1.6666666666670000
       0.35750000               1.0045404694234576              0.0060011389165285              1.0077722275889469              1.5116583413826645              1.6666666666670000              1.6666666666670000
       0.36250000               1.0051268013570902              0.0067580633610115              1.0087515398876261              1.5131273098306823              1.6666666666670000              1.6666666666670000
       0.36750000               1.0057527580552816              0.0075647721169939              1.0097977749690414              1.5146966624528047              1.6666666666670000              1.6666666666670000
       0.37250000               1.0064169047225493              0.0084186020959540              1.0109108642945930              1.5163662964411311              1.6666666666670000              1.6666666666670000
       0.37750000               1.0071204264731561              0.0093170297426741              1.0120900028356528              1.5181350042527202              1.6666666666670000              1.6666666666670000
       0.38250000               1.0078602292935199              0.0102609187403398              1.0133295590345610              1.5199943385510812              1.6666666666670000              1.6666666666670000
       0.38750000               1.0086327979512388              0.0112500678838527              1.0146250021394720              1.5219375032084472              1.6666666666670000              1.6666666666670000
       0.39250000               1.0094358217598494              0.0122827181503422              1.0159736674223510              1.5239605011327646              1.6666666666670000              1.6666666666670000
       0.39750000               1.0102695908821262              0.0133563332436937              1.0173738433700041              1.5260607650542430              1.6666666666670000              1.6666666666670000
       0.40250000               1.0111328548365357              0.0144681813019170              1.0188240949046850              1.5282361423562634              1.6666666666670000              1.6666666666670000
       0.40750000               1.0120247392220958              0.0156151599786924              1.0203235523385263              1.5304853285070243              1.6666666666670000              1.6666666666670000
       0.41250000               1.0129448158898355              0.0167948034538143              1.0218706416460375              1.5328059624682897              1.6666666666670000              1.6666666666670000
       0.41750000               1.0138905971570547              0.0180058812026361              1.0234623220292376              1.5351934830430889              1.6666666666670000              1.6666666666670000
       0.42250000               1.0148604685846683              0.0192469783672096              1.0250959689719981              1.5376439534572282              1.6666666666670000              1.6666666666670000
       0.42750000               1.0158541928838938              0.0205165084233352              1.0267693741281048              1.5401540611913869              1.6666666666670000              1.6666666666670000
       0.43250000               1.0168698307105024              0.0218125735725263              1.0284809407666164              1.5427214111491534              1.6666666666670000              1.6666666666670000
       0.43750000               1.0179054880981837              0.0231330332420848              1.0302295923365330              1.5453443885040268              1.6666666666670000              1.6666666666670000
       0.44250000               1.0189625073104691              0.0244772148024631              1.0320125181254884              1.5480187771874587              1.6666666666670000              1.6666666666670000
       0.44750000               1.0200374524936970              0.0258448598638975              1.0338265471281951              1.5507398206915175              1.6666666666670000              1.6666666666670000
       0.45250000               1.0211275153096508              0.0272355484919774              1.0356689005168505              1.5535033507744989              1.6666666666670000              1.6666666666670000
       0.45750000               1.0222324524918267              0.0286483090159873              1.0375377048740539              1.5563065573103025              1.6666666666670000              1.6666666666670000
       0.46250000               1.0233528303092136              0.0300799330539925              1.0394342381022315              1.5591513571525679              1.6666666666670000              1.6666666666670000
       0.46750000               1.0244890142739038              0.0315263769307393              1.0413610697674212              1.5620416046503505              1.6666666666670000              1.6666666666670000
       0.47250000               1.0256410352197092              0.0329873980005989              1.0433158731149517              1.5649738096716450              1.6666666666670000              1.6666666666670000
       0.47750000               1.0268072014424265              0.0344637503796719              1.0452951254679246              1.5679426882011029              1.6666666666670000              1.6666666666670000
       0.48250000               1.0279850285736820              0.0359556604044315              1.0472961294870482              1.5709441942297866              1.6666666666670000              1.6666666666670000
       0.48750000               1.0291729617972700              0.0374627430853837              1.0493171192798791              1.5739756789190313              1.6666666666670000              1.6666666666670000
       0.49250000               1.0303718648712465              0.0389838234029397              1.0513575046205077              1.5770362569299732              1.6666666666670000              1.6666666666670000
       0.49750000               1.0315816276972616              0.0405163376253247              1.0534186739174956              1.5801280108754532              1.6666666666670000              1.6666666666670000
       0.50250000               1.0328014578677127              0.0420602715045139              1.0554986931342754              1.5832480397006214              1.6666666666670000              1.6666666666670000
       0.50750000               1.0340306991695720              0.0436158961931849              1.0575953281797048              1.5863929922687638              1.6666666666670000              1.6666666666670000
       0.51250000               1.0352675681676629              0.0451826303859216              1.0597075710823505              1.5895613566227307              1.6666666666670000              1.6666666666670000
       0.51750000               1.0365122782004659              0.0467594298771906              1.0618351144983338              1.5927526717467040              1.6666666666670000              1.6666666666670000
       0.52250000               1.0377661786152763              0.0483446393348107              1.0639785575165812              1.5959678362740737              1.6666666666670000              1.6666666666670000
       0.52750000               1.0390298300125682              0.0499349163729200              1.0661408631359108              1.5992112947030666              1.6666666666670000              1.6666666666670000
       0.53250000               1.0403020191831343              0.0515297008203421              1.0683212911637019              1.6024819367447514              1.6666666666670000              1.6666666666670000
       0.53750000               1.0415821533515113              0.0531318705516535              1.0705144651360021              1.6057716977032002              1.6666666666670000              1.6666666666670000
       0.54250000               1.0428665669371675              0.0547435792715748              1.0727160103921185              1.6090740155873733              1.6666666666670000              1.6666666666670000
       0.54750000               1.0441543000368672              0.0563632393673544              1.0749266816068619              1.6123900224094867              1.6666666666670000              1.6666666666670000
       0.55250000               1.0454462360793269              0.0579898590315618              1.0771464606604182              1.6157196909898195              1.6666666666670000              1.6666666666670000
       0.55750000               1.0467423879250339              0.0596215073065360              1.0793766586410747              1.6190649879608023              1.6666666666670000              1.6666666666670000
       0.56250000               1.0480443332524696              0.0612560345207142              1.0816189182574787              1.6224283773854067              1.6666666666670000              1.6666666666670000
       0.56750000               1.0493525060120235              0.0628936854103377              1.0838716340227066              1.6258074510332470              1.6666666666670000              1.6666666666670000
       0.57250000               1.0506644227938315              0.0645347018058904              1.0861332057987183              1.6291998086972628              1.6666666666670000              1.6666666666670000
       0.57750000               1.0519783919468162              0.0661789375816628              1.0884025665829118              1.6326038498735513              1.6666666666670000              1.6666666666670000
       0.58250000               1.0532979317583371              0.0678258727184749              1.0906791893061305              1.6360187839583780              1.6666666666670000              1.6666666666670000
       0.58750000               1.0546198748324216              0.0694740546933060              1.0929638048653691              1.6394457072972337              1.6666666666670000              1.6666666666670000
       0.59250000               1.0559447706748775              0.0711218627951698              1.0952574412830438              1.6428861619237443              1.6666666666670000              1.6666666666670000
       0.59750000               1.0572736479630491              0.0727711812776217              1.0975561660664963              1.6463342490989215              1.6666666666670000              1.6666666666670000
       0.60250000               1.0586018116394449              0.0744235477343948              1.0998566048272049              1.6497849072399826              1.6666666666670000              1.6666666666670000
       0.60750000               1.0599257627873200              0.0760798024900769              1.1021561844451870              1.6532342766669537              1.6666666666670000              1.6666666666670000
       0.61250000               1.0612538461159526              0.0777368937971785              1.1044578297596046              1.6566867446385787              1.6666666666670000              1.6666666666670000
       0.61750000               1.0625838735923163              0.0793912700611649              1.1067651548765673              1.6601477323140208              1.6666666666670000              1.6666666666670000
       0.62250000               1.0639146643634068              0.0810402937194167              1.1090803262770685              1.6636204894147710              1.6666666666670000              1.6666666666670000
       0.62750000               1.0652492278909791              0.0826858990140957              1.1113994525806834              1.6670991788701917              1.6666666666670000              1.6666666666670000
       0.63250000               1.0665821884323059              0.0843296438821065              1.1137184168954586              1.6705776253423525              1.6666666666670000              1.6666666666670000
       0.63750000               1.0679093991274944              0.0859729337355209              1.1160341858365046              1.6740512787539199              1.6666666666670000              1.6666666666670000
       0.64250000               1.0692368438747499              0.0876143004928164              1.1183465389209211              1.6775198083805425              1.6666666666670000              1.6666666666670000
       0.64750000               1.0705608231222530              0.0892521130932613              1.1206562400321893              1.6809843600474434              1.6666666666670000              1.6666666666670000
       0.65250000               1.0718770962003610              0.0908817738817050              1.1229677607007229              1.6844516410502424              1.6666666666670000              1.6666666666670000
       0.65750000               1.0731968443120297              0.0925048820479037              1.1252759342041141              1.6879139013053270              1.6666666666670000              1.6666666666670000
       0.66250000               1.0745079170284428              0.0941260636911306              1.1275733820698277              1.6913600731038956              1.6666666666670000              1.6666666666670000
       0.66750000               1.0757994745560187              0.0957429915614284              1.1298609941884674              1.6947914912818536              1.6666666666670000              1.6666666666670000
       0.67250000               1.0770710827739811              0.0973552566216821              1.1321443663430921              1.6982165495137893              1.6666666666670000              1.6666666666670000
       0.67750000               1.0783483449615121              0.0989573016123184              1.1344218813052183              1.7016328219569767              1.6666666666670000              1.6666666666670000
       0.68250000               1.0796392409415312              0.1005429008774575              1.1366958383677228              1.7050437575507318              1.6666666666670000              1.6666666666670000
       0.68750000               1.0809445837094624              0.1021024397818091              1.1389579272881747              1.7084368909314076              1.6666666666670000              1.6666666666670000
       0.69250000               1.0822195718856085              0.1036382082881474              1.1411780314861664              1.7117670472283935              1.6666666666670000              1.6666666666670000
       0.69750000               1.0834483018538692              0.1051420791723849              1.1433231374625608              1.7149847061929835              1.6666666666670000              1.6666666666670000
       0.70250000               1.0847067671735751              0.1066755796652545              1.1454984896599529              1.7182477344890703              1.6666666666670000              1.6666666666670000
       0.70750000               1.0861927447416355              0.1084470579087457              1.1480604291772532              1.7220906437650187              1.6666666666670000              1.6666666666670000
       0.71250000               1.0878854349900424              0.1105108293255763              1.1510448522355616              1.7265672783524793              1.6666666666670000              1.6666666666670000
       0.71750000               1.0894131685674013              0.1124049889325019              1.1537540342420265              1.7306310513621743              1.6666666666670000              1.6666666666670000
       0.72250000               1.0901271465292866              0.1132613605484549              1.1550102131199154              1.7325153196790068              1.6666666666670000              1.6666666666670000
       0.72750000               1.0889280735536151              0.1117189837848649              1.1529006128229722              1.7293509192335936              1.6666666666670000              1.6666666666670000
       0.73250000               1.0820918110615541              0.1035645565317660              1.1408741702576908              1.7113112553856806              1.6666666666670000              1.6666666666670000
       0.73750000               1.0665335915238336              0.0842622125640880              1.1136201745662500              1.6704302618485396              1.6666666666670000              1.6666666666670000
       0.74250000               1.0355333275107046              0.0453415815347874              1.0601142267586938              1.5901713401372455              1.6666666666670000              1.6666666666670000
       0.74750000               1.0106689135418665              0.0137983834477755              1.0179632096670062              1.5269448144997457              1.6666666666670000              1.6666666666670000
       0.75250000               1.0027545019889539              0.0036451284539312              1.0047242682966195              1.5070864024441755              1.6666666666670000              1.6666666666670000
       0.75750000               1.0008907179030535              0.0012431211700970              1.0016160982171236              1.5024241473249342              1.6666666666670000              1.6666666666670000
       0.76250000               1.0003499659070765              0.0005460825027851              1.0007153736248777              1.5010730604365661              1.6666666666670000              1.6666666666670000
       0.76750000               1.0001707839115899              0.0003161843005653              1.0004170090847719              1.5006255136264075              1.6666666666670000              1.6666666666670000
       0.77250000               1.0000952891928923              0.0002217290616693              1.0002930011440230              1.5004395017152841              1.6666666666670000              1.6666666666670000
       0.77750000               1.0000534632579743              0.0001701338018069              1.0002242115670728              1.5003363173498592              1.6666666666670000              1.6666666666670000
       0.78250000               1.0000256413281132              0.0001332905368838              1.0001749342512998              1.5002624013761994              1.6666666666670000              1.6666666666670000
       0.78750000               1.0000063721630390              0.0001022150916615              1.0001341475589431              1.5002012213376645              1.6666666666670000              1.6666666666670000
       0.79250000               0.9999878646345899              0.0000758618964417              1.0001014746281314              1.5001522119414468              1.6666666666670000              1.6666666666670000
       0.79750000               0.9999708319764408              0.0000551891466022              1.0000778907132082              1.5001168360690622              1.6666666666670000              1.6666666666670000
       0.80250000               0.9999583310660477              0.0000397631511780              1.0000614912069259              1.5000922368096388              1.6666666666670000              1.6666666666670000
       0.80750000               0.9999490969462989              0.0000281797693919              1.0000491015719077              1.5000736523571114              1.6666666666670000              1.6666666666670000
       0.81250000               0.9999411302412163              0.0000196547646853              1.0000386230898015              1.5000579346339524              1.6666666666670000              1.6666666666670000
       0.81750000               0.9999347401866940              0.0000136917146391              1.0000296327075175              1.5000444490605263              1.6666666666670000              1.6666666666670000
       0.82250000               0.9999301911710567              0.0000098188328184              1.0000221588347318              1.5000332382513477              1.6666666666670000              1.6666666666670000
       0.82750000               0.9999264760612873              0.0000074378093123              1.0000160737158583              1.5000241105730374              1.6666666666670000              1.6666666666670000
       0.83250000               0.9999222672485653              0.0000059006203252              1.0000112554030030              1.5000168831037544              1.6666666666670000              1.6666666666670000
       0.83750000               0.9999187013990450              0.0000046831422243              1.0000077200350832              1.5000115800518745              1.6666666666670000              1.6666666666670000
       0.84250000               0.9999164514818990              0.0000033706849027              1.0000056141203357              1.5000084211797535              1.6666666666670000              1.6666666666670000
       0.84750000               0.9999146191854835              0.0000016075343942              1.0000051096890950              1.5000076645328921              1.6666666666670000              1.6666666666670000
       0.85250000               0.9999137020247567             -0.0000004365936903              1.0000057287438469              1.5000085931150204              1.6666666666670000              1.6666666666670000
       0.85750000               0.9999142932113818             -0.0000023704614751              1.0000067550099894              1.5000101325142339              1.6666666666670000              1.6666666666670000
       0.86250000               0.9999147762802905             -0.0000037128545433              1.0000074190877446              1.5000111286308671              1.6666666666670000              1.6666666666670000
       0.86750000               0.9999133011615102             -0.0000040233603960              1.0000070500190019              1.5000105750277526              1.6666666666670000              1.6666666666670000
       0.87250000               0.9999105355089191             -0.0000035959530148              1.0000059490951794              1.5000089236420189              1.6666666666670000              1.6666666666670000
       0.87750000               0.9999081376109010             -0.0000027603383226              1.0000044800600791              1.5000067200893688              1.6666666666670000              1.6666666666670000
       0.88250000               0.9999056379298908             -0.0000019608984480              1.0000031707667403              1.5000047561493604              1.6666666666670000              1.6666666666670000
       0.88750000               0.9999019853264646             -0.0000016063567037              1.0000025169363418              1.5000037754037627              1.6666666666670000              1.6666666666670000
       0.89250000               0.9998981893141565             -0.0000017961993737              1.0000026244364411              1.5000039366539117              1.6666666666670000              1.6666666666670000
       0.89750000               0.9998942709669136             -0.0000023470069340              1.0000032397334357              1.5000048595994036              1.6666666666670000              1.6666666666670000
       0.90250000               0.9998870337455847             -0.0000030889783361              1.0000041311605634              1.5000061967400951              1.6666666666670000              1.6666666666670000
       0.90750000               0.9998805455263753             -0.0000038319314376              1.0000050443223178              1.5000075664827266              1.6666666666670000              1.6666666666670000
       0.91250000               0.9998826830171843             -0.0000044014910580              1.0000057479813567              1.5000086219712849              1.6666666666670000              1.6666666666670000
       0.91750000               0.9998893937966060             -0.0000046631777421              1.0000060642491642              1.5000090963729964              1.6666666666670000              1.6666666666670000
       0.92250000               0.9998926748396988             -0.0000044529091904              1.0000057782212288              1.5000086673310931              1.6666666666670000              1.6666666666670000
       0.92750000               0.9998964528125888             -0.0000036510000755              1.0000047331752384              1.5000070997621076              1.6666666666670000              1.6666666666670000
       0.93250000               0.9999018233069600             -0.0000024745687776              1.0000032078514565              1.5000048117764346              1.6666666666670000              1.6666666666670000
       0.93750000               0.9999084384864259             -0.0000012749969947              1.0000016548009649              1.5000024822006974              1.6666666666670000              1.6666666666670000
       0.94250000               0.9999097242262368             -0.0000004664442795              1.0000006079871426              1.5000009119799638              1.6666666666670000              1.6666666666670000
       0.94750000               0.9999084825721642             -0.0000005615352511              1.0000007287077777              1.5000010930609164              1.6666666666670000              1.6666666666670000
       0.95250000               0.9999071786468557             -0.0000018108419042              1.0000023401045193              1.5000035101560290              1.6666666666670000              1.6666666666670000
       0.95750000               0.9999067053852300             -0.0000035531780697              1.0000045884069206              1.5000068826096309              1.6666666666670000              1.6666666666670000
       0.96250000               0.9999072809289316             -0.0000051560458293              1.0000066570189907              1.5000099855277362              1.6666666666670000              1.6666666666670000
       0.96750000               0.9999080419216811             -0.0000061358840332              1.0000079216278657              1.5000118824410484              1.6666666666670000              1.6666666666670000
       0.97250000               0.9999076354361909             -0.0000062431473708              1.0000080599680374              1.5000120899513061              1.6666666666670000              1.6666666666670000
       0.97750000               0.9999041407660590             -0.0000055637248403              1.0000071828084744              1.5000107742119615              1.6666666666670000              1.6666666666670000
       0.98250000               0.9999009937798076             -0.0000042747063780              1.0000055187223471              1.5000082780827706              1.6666666666670000              1.6666666666670000
       0.98750000               0.9998991426976667             -0.0000026210009163              1.0000033838474911              1.5000050757704868              1.6666666666670000              1.6666666666670000
       0.99250000               0.9998977091884641             -0.0000009670950182              1.0000012486943519              1.5000018730407778              1.6666666666670000              1.6666666666670000
       0.99750000               0.9998965514147395              0.0000002130546261              0.9999997251120408              1.4999995876673111              1.6666666666670000              1.6666666666670000
