       0.00250000               1.0000005733312172              0.9999999999999993              0.5999999999998809              0.8999999999993713              1.6666666666670000              1.6666666666670000
       0.00750000               1.0000008336630857              1.0000000000000007              0.5999999999998800              0.8999999999993700              1.6666666666670000              1.6666666666670000
       0.01250000               1.0000012063380610              1.0000000000000004              0.5999999999998794              0.8999999999993691              1.6666666666670000              1.6666666666670000
       0.01750000               1.0000017371589431              1.0000000000000002              0.5999999999998801              0.8999999999993701              1.6666666666670000              1.6666666666670000
       0.02250000               1.0000024894333490              1.0000000000000002              0.5999999999998793              0.8999999999993690              1.6666666666670000              1.6666666666670000
       0.02750000               1.0000035501782256              1.0000000000000009              0.5999999999998795              0.8999999999993693              1.6666666666670000              1.6666666666670000
       0.03250000               1.0000050383321126              0.9999999999999996              0.5999999999998807              0.8999999999993710              1.6666666666670000              1.6666666666670000
       0.03750000               1.0000071155531500              0.9999999999999998              0.5999999999998806              0.8999999999993710              1.6666666666670000              1.6666666666670000
       0.04250000               1.0000100003222248              0.9999999999999973              0.5999999999998826              0.8999999999993739              1.6666666666670000              1.6666666666670000
       0.04750000               1.0000139862382496              0.9999999999999982              0.5999999999998823              0.8999999999993734              1.6666666666670000              1.6666666666670000
       0.05250000               1.0000194655887058              0.9999999999999989              0.5999999999998814              0.8999999999993722              1.6666666666670000              1.6666666666670000
       0.05750000               1.0000269595040323              0.9999999999999996              0.5999999999998812              0.8999999999993717              1.6666666666670000              1.6666666666670000
       0.06250000               1.0000371562599362              1.0000000000000009              0.5999999999998796              0.8999999999993694              1.6666666666670000              1.6666666666670000
       0.06750000               1.0000509595751363              0.9999999999999998              0.5999999999998814              0.8999999999993721              1.6666666666670000              1.6666666666670000
       0.07250000               1.0000695490599383              0.9999999999999989              0.5999999999998820              0.8999999999993729              1.6666666666670000              1.6666666666670000
       0.07750000               1.0000944552967863              1.0000000000000013              0.5999999999998794              0.8999999999993691              1.6666666666670000              1.6666666666670000
       0.08250000               1.0001276523666542              1.0000000000000000              0.5999999999998813              0.8999999999993719              1.6666666666670000              1.6666666666670000
       0.08750000               1.0001716709598543              1.0000000000000002              0.5999999999998797              0.8999999999993695              1.6666666666670000              1.6666666666670000
       0.09250000               1.0002297355061949              1.0000000000000004              0.5999999999998802              0.8999999999993703              1.6666666666670000              1.6666666666670000
       0.09750000               1.0003059290015672              1.0000000000000002              0.5999999999998806              0.8999999999993709              1.6666666666670000              1.6666666666670000
       0.10250000               1.0004053893655536              1.0000000000000007              0.5999999999998796              0.8999999999993694              1.6666666666670000              1.6666666666670000
       0.10750000               1.0005345411988351              0.9999999999999996              0.5999999999998811              0.8999999999993715              1.6666666666670000              1.6666666666670000
       0.11250000               1.0007013666751217              1.0000000000000002              0.5999999999998795              0.8999999999993693              1.6666666666670000              1.6666666666670000
       0.11750000               1.0009157189491664              0.9999999999999998              0.5999999999998803              0.8999999999993704              1.6666666666670000              1.6666666666670000
       0.12250000               1.0011896808373750              0.9999999999999984              0.5999999999998815              0.8999999999993722              1.6666666666670000              1.6666666666670000
       0.12750000               1.0015379705790419              1.0000000000000004              0.5999999999998796              0.8999999999993695              1.6666666666670000              1.6666666666670000
       0.13250000               1.0019783951618604              1.0000000000000016              0.5999999999998783              0.8999999999993673              1.6666666666670000              1.6666666666670000
       0.13750000               1.0025323499434999              0.9999999999999991              0.5999999999998803              0.8999999999993704              1.6666666666670000              1.6666666666670000
       0.14250000               1.0032253610761459              1.0000000000000004              0.5999999999998800              0.8999999999993700              1.6666666666670000              1.6666666666670000
       0.14750000               1.0040876645174595              0.9999999999999998              0.5999999999998804              0.8999999999993706              1.6666666666670000              1.6666666666670000
       0.15250000               1.0051548121948881              0.9999999999999987              0.5999999999998813              0.8999999999993719              1.6666666666670000              1.6666666666670000
       0.15750000               1.0064682922160484              1.0000000000000009              0.5999999999998791              0.8999999999993685              1.6666666666670000              1.6666666666670000
       0.16250000               1.0080761459412328              0.9999999999999991              0.5999999999998810              0.8999999999993715              1.6666666666670000              1.6666666666670000
       0.16750000               1.0100335603303734              0.9999999999999987              0.5999999999998811              0.8999999999993716              1.6666666666670000              1.6666666666670000
       0.17250000               1.0124034093652308              0.9999999999999998              0.5999999999998801              0.8999999999993701              1.6666666666670000              1.6666666666670000
       0.17750000               1.0152567137231141              1.0000000000000011              0.5999999999998784              0.8999999999993676              1.6666666666670000              1.6666666666670000
       0.18250000               1.0186729835177304              0.9999999999999993              0.5999999999998804              0.8999999999993706              1.6666666666670000              1.6666666666670000
       0.18750000               1.0227404051381146              0.9999999999999996              0.5999999999998801              0.8999999999993701              1.6666666666670000              1.6666666666670000
       0.19250000               1.0275558302965400              0.9999999999999998              0.5999999999998802              0.8999999999993702              1.6666666666670000              1.6666666666670000
       0.19750000               1.0332245235931590              0.9999999999999991              0.5999999999998806              0.8999999999993710              1.6666666666670000              1.6666666666670000
       0.20250000               1.0398596245050724              1.0000000000000002              0.5999999999998799              0.8999999999993697              1.6666666666670000              1.6666666666670000
       0.20750000               1.0475812811134353              0.9999999999999988              0.5999999999998815              0.8999999999993722              1.6666666666670000              1.6666666666670000
       0.21250000               1.0565154165923425              1.0000000000000007              0.5999999999998796              0.8999999999993693              1.6666666666670000              1.6666666666670000
       0.21750000               1.0667920959107968              0.9999999999999998              0.5999999999998807              0.8999999999993710              1.6666666666670000              1.6666666666670000
       0.22250000               1.0785434694453682              1.0000000000000011              0.5999999999998797              0.8999999999993696              1.6666666666670000              1.6666666666670000
       0.22750000               1.0919012820085041              1.0000000000000004              0.5999999999998802              0.8999999999993702              1.6666666666670000              1.6666666666670000
       0.23250000               1.1069939497906560              0.9999999999999998              0.5999999999998799              0.8999999999993697              1.6666666666670000              1.6666666666670000
       0.23750000               1.1239432237727156              0.9999999999999994              0.5999999999998804              0.8999999999993706              1.6666666666670000              1.6666666666670000
       0.24250000               1.1428604765272066              1.0000000000000002              0.5999999999998802              0.8999999999993702              1.6666666666670000              1.6666666666670000
       0.24750000               1.1638426701704909              0.9999999999999998              0.5999999999998800              0.8999999999993700              1.6666666666670000              1.6666666666670000
       0.25250000               1.1869680859183487              0.9999999999999997              0.5999999999998800              0.8999999999993701              1.6666666666670000              1.6666666666670000
       0.25750000               1.2122919183541387              0.9999999999999994              0.5999999999998801              0.8999999999993701              1.6666666666670000              1.6666666666670000
       0.26250000               1.2398418575263297              0.9999999999999997              0.5999999999998809              0.8999999999993713              1.6666666666670000              1.6666666666670000
       0.26750000               1.2696137973810826              0.9999999999999991              0.5999999999998799              0.8999999999993697              1.6666666666670000              1.6666666666670000
       0.27250000               1.3015678197829774              1.0000000000000011              0.5999999999998793              0.8999999999993690              1.6666666666670000              1.6666666666670000
       0.27750000               1.3356246113497863              1.0000000000000002              0.5999999999998797              0.8999999999993695              1.6666666666670000              1.6666666666670000
       0.28250000               1.3716624773703554              1.0000000000000000              0.5999999999998799              0.8999999999993697              1.6666666666670000              1.6666666666670000
       0.28750000               1.4095151222721103              1.0000000000000009              0.5999999999998797              0.8999999999993695              1.6666666666670000              1.6666666666670000
       0.29250000               1.4489703644177860              1.0000000000000002              0.5999999999998792              0.8999999999993686              1.6666666666670000              1.6666666666670000
       0.29750000               1.4897699371364908              1.0000000000000002              0.5999999999998789              0.8999999999993682              1.6666666666670000              1.6666666666670000
       0.30250000               1.5316104931244496              1.0000000000000002              0.5999999999998797              0.8999999999993695              1.6666666666670000              1.6666666666670000
       0.30750000               1.5741458786248319              0.9999999999999993              0.5999999999998805              0.8999999999993707              1.6666666666670000              1.6666666666670000
       0.31250000               1.6169906889637542              0.9999999999999989              0.5999999999998812              0.8999999999993717              1.6666666666670000              1.6666666666670000
       0.31750000               1.6597250739313556              0.9999999999999988              0.5999999999998816              0.8999999999993723              1.6666666666670000              1.6666666666670000
       0.32250000               1.7019007404083379              0.9999999999999983              0.5999999999998815              0.8999999999993722              1.6666666666670000              1.6666666666670000
       0.32750000               1.7430480962979051              0.9999999999999986              0.5999999999998816              0.8999999999993723              1.6666666666670000              1.6666666666670000
       0.33250000               1.7826844736846092              0.9999999999999990              0.5999999999998812              0.8999999999993716              1.6666666666670000              1.6666666666670000
       0.33750000               1.8203233320213754              0.9999999999999997              0.5999999999998805              0.8999999999993707              1.6666666666670000              1.6666666666670000
       0.34250000               1.8554842545272421              0.9999999999999991              0.5999999999998814              0.8999999999993721              1.6666666666670000              1.6666666666670000
       0.34750000               1.8877034176777776              0.9999999999999996              0.5999999999998804              0.8999999999993705              1.6666666666670000              1.6666666666670000
       0.35250000               1.9165440694177314              0.9999999999999991              0.5999999999998813              0.8999999999993720              1.6666666666670000              1.6666666666670000
       0.35750000               1.9416064520612075              0.9999999999999989              0.5999999999998814              0.8999999999993720              1.6666666666670000              1.6666666666670000
       0.36250000               1.9625366075583222              0.9999999999999989              0.5999999999998804              0.8999999999993705              1.6666666666670000              1.6666666666670000
       0.36750000               1.9790336473030619              1.0000000000000002              0.5999999999998789              0.8999999999993683              1.6666666666670000              1.6666666666670000
       0.37250000               1.9908553895448351              1.0000000000000007              0.5999999999998784              0.8999999999993676              1.6666666666670000              1.6666666666670000
       0.37750000               1.9978228660429238              1.0000000000000002              0.5999999999998790              0.8999999999993684              1.6666666666670000              1.6666666666670000
       0.38250000               1.9998253741519283              1.0000000000000002              0.5999999999998792              0.8999999999993687              1.6666666666670000              1.6666666666670000
       0.38750000               1.9968287241602416              1.0000000000000002              0.5999999999998791              0.8999999999993685              1.6666666666670000              1.6666666666670000
       0.39250000               1.9888812917133905              1.0000000000000004              0.5999999999998795              0.8999999999993691              1.6666666666670000              1.6666666666670000
       0.39750000               1.9761075879787893              0.9999999999999990              0.5999999999998805              0.8999999999993707              1.6666666666670000              1.6666666666670000
       0.40250000               1.9587003855243543              0.9999999999999984              0.5999999999998813              0.8999999999993720              1.6666666666670000              1.6666666666670000
       0.40750000               1.9369152217130368              0.9999999999999991              0.5999999999998803              0.8999999999993703              1.6666666666670000              1.6666666666670000
       0.41250000               1.9110651677862949              0.9999999999999994              0.5999999999998806              0.8999999999993709              1.6666666666670000              1.6666666666670000
       0.41750000               1.8815145636832533              1.0000000000000002              0.5999999999998796              0.8999999999993694              1.6666666666670000              1.6666666666670000
       0.42250000               1.8486713666296835              0.9999999999999996              0.5999999999998803              0.8999999999993705              1.6666666666670000              1.6666666666670000
       0.42750000               1.8129782158391357              0.9999999999999990              0.5999999999998806              0.8999999999993709              1.6666666666670000              1.6666666666670000
       0.43250000               1.7749025798181239              0.9999999999999991              0.5999999999998806              0.8999999999993710              1.6666666666670000              1.6666666666670000
       0.43750000               1.7349264601129071              1.0000000000000004              0.5999999999998795              0.8999999999993693              1.6666666666670000              1.6666666666670000
       0.44250000               1.6935361251556078              1.0000000000000000              0.5999999999998797              0.8999999999993696              1.6666666666670000              1.6666666666670000
       0.44750000               1.6512122802711295              1.0000000000000002              0.5999999999998797              0.8999999999993695              1.6666666666670000              1.6666666666670000
       0.45250000               1.6084209841577208              0.9999999999999999              0.5999999999998803              0.8999999999993704              1.6666666666670000              1.6666666666670000
       0.45750000               1.5656055296195031              0.9999999999999984              0.5999999999998820              0.8999999999993730              1.6666666666670000              1.6666666666670000
       0.46250000               1.5231794334586859              0.9999999999999996              0.5999999999998809              0.8999999999993712              1.6666666666670000              1.6666666666670000
       0.46750000               1.4815206295244439              0.9999999999999987              0.5999999999998807              0.8999999999993711              1.6666666666670000              1.6666666666670000
       0.47250000               1.4409669228116797              0.9999999999999984              0.5999999999998822              0.8999999999993732              1.6666666666670000              1.6666666666670000
       0.47750000               1.4018127314795730              0.9999999999999989              0.5999999999998812              0.8999999999993717              1.6666666666670000              1.6666666666670000
       0.48250000               1.3643071107812015              0.9999999999999997              0.5999999999998800              0.8999999999993697              1.6666666666670000              1.6666666666670000
       0.48750000               1.3286530163084620              1.0000000000000009              0.5999999999998791              0.8999999999993686              1.6666666666670000              1.6666666666670000
       0.49250000               1.2950077261625370              0.9999999999999998              0.5999999999998800              0.8999999999993700              1.6666666666670000              1.6666666666670000
       0.49750000               1.2634843071338537              1.0000000000000002              0.5999999999998793              0.8999999999993690              1.6666666666670000              1.6666666666670000
       0.50250000               1.2341539827345156              0.9999999999999989              0.5999999999998810              0.8999999999993715              1.6666666666670000              1.6666666666670000
       0.50750000               1.2070492431169122              1.0000000000000011              0.5999999999998784              0.8999999999993676              1.6666666666670000              1.6666666666670000
       0.51250000               1.1821675286433846              0.9999999999999989              0.5999999999998805              0.8999999999993707              1.6666666666670000              1.6666666666670000
       0.51750000               1.1594753188876921              0.9999999999999977              0.5999999999998820              0.8999999999993730              1.6666666666670000              1.6666666666670000
       0.52250000               1.1389124654182792              0.9999999999999994              0.5999999999998805              0.8999999999993707              1.6666666666670000              1.6666666666670000
       0.52750000               1.1203966182545431              0.9999999999999996              0.5999999999998806              0.8999999999993709              1.6666666666670000              1.6666666666670000
       0.53250000               1.1038276111849543              0.9999999999999982              0.5999999999998812              0.8999999999993716              1.6666666666670000              1.6666666666670000
       0.53750000               1.0890916892421607              1.0000000000000016              0.5999999999998785              0.8999999999993678              1.6666666666670000              1.6666666666670000
       0.54250000               1.0760654816732782              1.0000000000000020              0.5999999999998779              0.8999999999993666              1.6666666666670000              1.6666666666670000
       0.54750000               1.0646196448038083              1.0000000000000011              0.5999999999998783              0.8999999999993673              1.6666666666670000              1.6666666666670000
       0.55250000               1.0546221203050234              0.9999999999999998              0.5999999999998799              0.8999999999993697              1.6666666666670000              1.6666666666670000
       0.55750000               1.0459409746128834              1.0000000000000016              0.5999999999998775              0.8999999999993662              1.6666666666670000              1.6666666666670000
       0.56250000               1.0384468038337711              1.0000000000000033              0.5999999999998765              0.8999999999993648              1.6666666666670000              1.6666666666670000
       0.56750000               1.0320147048398076              1.0000000000000013              0.5999999999998789              0.8999999999993683              1.6666666666670000              1.6666666666670000
       0.57250000               1.0265258270565083              0.9999999999999998              0.5999999999998804              0.8999999999993705              1.6666666666670000              1.6666666666670000
       0.57750000               1.0218685305220769              0.9999999999999970              0.5999999999998832              0.8999999999993746              1.6666666666670000              1.6666666666670000
       0.58250000               1.0179391841474226              1.0000000000000007              0.5999999999998793              0.8999999999993687              1.6666666666670000              1.6666666666670000
       0.58750000               1.0146426438423879              1.0000000000000011              0.5999999999998789              0.8999999999993683              1.6666666666670000              1.6666666666670000
       0.59250000               1.0118924535001863              1.0000000000000000              0.5999999999998797              0.8999999999993695              1.6666666666670000              1.6666666666670000
       0.59750000               1.0096108130231622              1.0000000000000022              0.5999999999998779              0.8999999999993668              1.6666666666670000              1.6666666666670000
       0.60250000               1.0077283569514861              0.9999999999999984              0.5999999999998806              0.8999999999993710              1.6666666666670000              1.6666666666670000
       0.60750000               1.0061837851732069              0.9999999999999980              0.5999999999998814              0.8999999999993720              1.6666666666670000              1.6666666666670000
       0.61250000               1.0049233840042353              0.9999999999999989              0.5999999999998812              0.8999999999993717              1.6666666666670000              1.6666666666670000
       0.61750000               1.0039004719691309              0.9999999999999996              0.5999999999998803              0.8999999999993703              1.6666666666670000              1.6666666666670000
       0.62250000               1.0030748001974130              1.0000000000000031              0.5999999999998764              0.8999999999993646              1.6666666666670000              1.6666666666670000
       0.62750000               1.0024119327433265              0.9999999999999996              0.5999999999998802              0.8999999999993702              1.6666666666670000              1.6666666666670000
       0.63250000               1.0018826275629455              1.0000000000000016              0.5999999999998781              0.8999999999993670              1.6666666666670000              1.6666666666670000
       0.63750000               1.0014622345179458              0.9999999999999982              0.5999999999998813              0.8999999999993719              1.6666666666670000              1.6666666666670000
       0.64250000               1.0011301227505631              0.9999999999999969              0.5999999999998828              0.8999999999993743              1.6666666666670000              1.6666666666670000
       0.64750000               1.0008691461786439              0.9999999999999998              0.5999999999998802              0.8999999999993703              1.6666666666670000              1.6666666666670000
       0.65250000               1.0006651527426218              0.9999999999999951              0.5999999999998847              0.8999999999993771              1.6666666666670000              1.6666666666670000
       0.65750000               1.0005065404166420              1.0000000000000013              0.5999999999998789              0.8999999999993683              1.6666666666670000              1.6666666666670000
       0.66250000               1.0003838608657412              0.9999999999999967              0.5999999999998827              0.8999999999993742              1.6666666666670000              1.6666666666670000
       0.66750000               1.0002894699616416              0.9999999999999944              0.5999999999998850              0.8999999999993775              1.6666666666670000              1.6666666666670000
       0.67250000               1.0002172231211313              0.9999999999999998              0.5999999999998802              0.8999999999993701              1.6666666666670000              1.6666666666670000
       0.67750000               1.0001622125513039              1.0000000000000007              0.5999999999998792              0.8999999999993687              1.6666666666670000              1.6666666666670000
       0.68250000               1.0001205429220734              0.9999999999999987              0.5999999999998813              0.8999999999993720              1.6666666666670000              1.6666666666670000
       0.68750000               1.0000891416827231              1.0000000000000013              0.5999999999998790              0.8999999999993683              1.6666666666670000              1.6666666666670000
       0.69250000               1.0000656001427275              0.9999999999999998              0.5999999999998803              0.8999999999993703              1.6666666666670000              1.6666666666670000
       0.69750000               1.0000480414994970              0.9999999999999982              0.5999999999998819              0.8999999999993727              1.6666666666670000              1.6666666666670000
       0.70250000               1.0000350121740416              1.0000000000000060              0.5999999999998744              0.8999999999993616              1.6666666666670000              1.6666666666670000
       0.70750000               1.0000253930726879              0.9999999999999987              0.5999999999998815              0.8999999999993723              1.6666666666670000              1.6666666666670000
       0.71250000               1.0000183276982477              0.9999999999999989              0.5999999999998811              0.8999999999993716              1.6666666666670000              1.6666666666670000
       0.71750000               1.0000131643630683              1.0000000000000009              0.5999999999998791              0.8999999999993685              1.6666666666670000              1.6666666666670000
       0.72250000               1.0000094100884505              1.0000000000000013              0.5999999999998783              0.8999999999993674              1.6666666666670000              1.6666666666670000
       0.72750000               1.0000066940981966              1.0000000000000020              0.5999999999998774              0.8999999999993662              1.6666666666670000              1.6666666666670000
       0.73250000               1.0000047391177698              0.9999999999999956              0.5999999999998838              0.8999999999993757              1.6666666666670000              1.6666666666670000
       0.73750000               1.0000033389693803              1.0000000000000000              0.5999999999998796              0.8999999999993694              1.6666666666670000              1.6666666666670000
       0.74250000               1.0000023412037149              0.9999999999999987              0.5999999999998806              0.8999999999993709              1.6666666666670000              1.6666666666670000
       0.74750000               1.0000016337283086              1.0000000000000000              0.5999999999998793              0.8999999999993689              1.6666666666670000              1.6666666666670000
       0.75250000               1.0000011345823310              0.9999999999999996              0.5999999999998805              0.8999999999993707              1.6666666666670000              1.6666666666670000
       0.75750000               1.0000007841684202              1.0000000000000002              0.5999999999998799              0.8999999999993696              1.6666666666670000              1.6666666666670000
       0.76250000               1.0000005393887763              0.9999999999999989              0.5999999999998812              0.8999999999993717              1.6666666666670000              1.6666666666670000
       0.76750000               1.0000003692466211              0.9999999999999991              0.5999999999998809              0.8999999999993712              1.6666666666670000              1.6666666666670000
       0.77250000               1.0000002515683704              0.9999999999999998              0.5999999999998804              0.8999999999993705              1.6666666666670000              1.6666666666670000
       0.77750000               1.0000001705772150              0.9999999999999976              0.5999999999998824              0.8999999999993735              1.6666666666670000              1.6666666666670000
       0.78250000               1.0000001151086377              0.9999999999999987              0.5999999999998812              0.8999999999993717              1.6666666666670000              1.6666666666670000
       0.78750000               1.0000000773055666              1.0000000000000013              0.5999999999998787              0.8999999999993681              1.6666666666670000              1.6666666666670000
       0.79250000               1.0000000516688554              1.0000000000000011              0.5999999999998794              0.8999999999993691              1.6666666666670000              1.6666666666670000
       0.79750000               1.0000000343697493              1.0000000000000011              0.5999999999998791              0.8999999999993686              1.6666666666670000              1.6666666666670000
       0.80250000               1.0000000227553536              0.9999999999999998              0.5999999999998806              0.8999999999993709              1.6666666666670000              1.6666666666670000
       0.80750000               1.0000000149960242              1.0000000000000022              0.5999999999998780              0.8999999999993668              1.6666666666670000              1.6666666666670000
       0.81250000               1.0000000098363724              1.0000000000000016              0.5999999999998780              0.8999999999993670              1.6666666666670000              1.6666666666670000
       0.81750000               1.0000000064204040              0.9999999999999976              0.5999999999998826              0.8999999999993739              1.6666666666670000              1.6666666666670000
       0.82250000               1.0000000041687085              0.9999999999999993              0.5999999999998805              0.8999999999993706              1.6666666666670000              1.6666666666670000
       0.82750000               1.0000000026918572              0.9999999999999980              0.5999999999998822              0.8999999999993732              1.6666666666670000              1.6666666666670000
       0.83250000               1.0000000017292479              1.0000000000000016              0.5999999999998784              0.8999999999993675              1.6666666666670000              1.6666666666670000
       0.83750000               1.0000000011065513              0.9999999999999967              0.5999999999998836              0.8999999999993753              1.6666666666670000              1.6666666666670000
       0.84250000               1.0000000007067988              1.0000000000000011              0.5999999999998789              0.8999999999993683              1.6666666666670000              1.6666666666670000
       0.84750000               1.0000000004515086              0.9999999999999973              0.5999999999998825              0.8999999999993737              1.6666666666670000              1.6666666666670000
       0.85250000               1.0000000002883762              1.0000000000000027              0.5999999999998774              0.8999999999993661              1.6666666666670000              1.6666666666670000
       0.85750000               1.0000000001832741              0.9999999999999976              0.5999999999998821              0.8999999999993730              1.6666666666670000              1.6666666666670000
       0.86250000               1.0000000001145961              0.9999999999999991              0.5999999999998810              0.8999999999993714              1.6666666666670000              1.6666666666670000
       0.86750000               1.0000000000693234              1.0000000000000004              0.5999999999998789              0.8999999999993683              1.6666666666670000              1.6666666666670000
       0.87250000               1.0000000000401599              0.9999999999999987              0.5999999999998811              0.8999999999993715              1.6666666666670000              1.6666666666670000
       0.87750000               1.0000000000234885              1.0000000000000007              0.5999999999998786              0.8999999999993679              1.6666666666670000              1.6666666666670000
       0.88250000               1.0000000000179228              1.0000000000000004              0.5999999999998792              0.8999999999993687              1.6666666666670000              1.6666666666670000
       0.88750000               1.0000000000232692              1.0000000000000002              0.5999999999998796              0.8999999999993694              1.6666666666670000              1.6666666666670000
       0.89250000               1.0000000000401552              0.9999999999999993              0.5999999999998803              0.8999999999993703              1.6666666666670000              1.6666666666670000
       0.89750000               1.0000000000704754              1.0000000000000004              0.5999999999998789              0.8999999999993681              1.6666666666670000              1.6666666666670000
       0.90250000               1.0000000001183980              0.9999999999999989              0.5999999999998806              0.8999999999993710              1.6666666666670000              1.6666666666670000
       0.90750000               1.0000000001917722              0.9999999999999989              0.5999999999998807              0.8999999999993712              1.6666666666670000              1.6666666666670000
       0.91250000               1.0000000003041813              0.9999999999999993              0.5999999999998802              0.8999999999993703              1.6666666666670000              1.6666666666670000
       0.91750000               1.0000000004778797              0.9999999999999969              0.5999999999998827              0.8999999999993741              1.6666666666670000              1.6666666666670000
       0.92250000               1.0000000007480869              0.9999999999999993              0.5999999999998801              0.8999999999993700              1.6666666666670000              1.6666666666670000
       0.92750000               1.0000000011692705              0.9999999999999980              0.5999999999998815              0.8999999999993722              1.6666666666670000              1.6666666666670000
       0.93250000               1.0000000018242567              0.9999999999999996              0.5999999999998796              0.8999999999993695              1.6666666666670000              1.6666666666670000
       0.93750000               1.0000000028377403              0.9999999999999989              0.5999999999998804              0.8999999999993706              1.6666666666670000              1.6666666666670000
       0.94250000               1.0000000043963320              1.0000000000000002              0.5999999999998796              0.8999999999993694              1.6666666666670000              1.6666666666670000
       0.94750000               1.0000000067784685              1.0000000000000000              0.5999999999998797              0.8999999999993695              1.6666666666670000              1.6666666666670000
       0.95250000               1.0000000103985216              1.0000000000000009              0.5999999999998787              0.8999999999993682              1.6666666666670000              1.6666666666670000
       0.95750000               1.0000000158711320              1.0000000000000020              0.5999999999998782              0.8999999999993673              1.6666666666670000              1.6666666666670000
       0.96250000               1.0000000241038374              1.0000000000000009              0.5999999999998791              0.8999999999993685              1.6666666666670000              1.6666666666670000
       0.96750000               1.0000000364293193              1.0000000000000002              0.5999999999998802              0.8999999999993701              1.6666666666670000              1.6666666666670000
       0.97250000               1.0000000547931798              0.9999999999999991              0.5999999999998812              0.8999999999993717              1.6666666666670000              1.6666666666670000
       0.97750000               1.0000000820194792              1.0000000000000016              0.5999999999998785              0.8999999999993678              1.6666666666670000              1.6666666666670000
       0.98250000               1.0000001221847652              1.0000000000000009              0.5999999999998793              0.8999999999993690              1.6666666666670000              1.6666666666670000
       0.98750000               1.0000001811421237              0.9999999999999993              0.5999999999998807              0.8999999999993710              1.6666666666670000              1.6666666666670000
       0.99250000               1.0000002672510693              1.0000000000000022              0.5999999999998780              0.8999999999993669              1.6666666666670000              1.6666666666670000
       0.99750000               1.0000003923873917              1.0000000000000004              0.5999999999998795              0.8999999999993692              1.6666666666670000              1.6666666666670000
