       0.00250000               1.0000000241225344              0.9999999999999987              0.5999999999998807              0.8999999999993710              1.6666666666670000              1.6666666666670000
       0.00750000               1.0000000364556452              1.0000000000000004              0.5999999999998792              0.8999999999993686              1.6666666666670000              1.6666666666670000
       0.01250000               1.0000000548299379              1.0000000000000002              0.5999999999998799              0.8999999999993697              1.6666666666670000              1.6666666666670000
       0.01750000               1.0000000820704515              0.9999999999999993              0.5999999999998803              0.8999999999993703              1.6666666666670000              1.6666666666670000
       0.02250000               1.0000001222549977              1.0000000000000004              0.5999999999998795              0.8999999999993693              1.6666666666670000              1.6666666666670000
       0.02750000               1.0000001812382804              1.0000000000000009              0.5999999999998789              0.8999999999993682              1.6666666666670000              1.6666666666670000
       0.03250000               1.0000002673818200              0.9999999999999984              0.5999999999998814              0.8999999999993721              1.6666666666670000              1.6666666666670000
       0.03750000               1.0000003925638479              1.0000000000000002              0.5999999999998800              0.8999999999993699              1.6666666666670000              1.6666666666670000
       0.04250000               1.0000005735675066              0.9999999999999969              0.5999999999998831              0.8999999999993745              1.6666666666670000              1.6666666666670000
       0.04750000               1.0000008339769744              0.9999999999999982              0.5999999999998820              0.8999999999993730              1.6666666666670000              1.6666666666670000
       0.05250000               1.0000012067516706              0.9999999999999976              0.5999999999998821              0.8999999999993731              1.6666666666670000              1.6666666666670000
       0.05750000               1.0000017376994752              0.9999999999999991              0.5999999999998810              0.8999999999993714              1.6666666666670000              1.6666666666670000
       0.06250000               1.0000024901337947              1.0000000000000009              0.5999999999998786              0.8999999999993680              1.6666666666670000              1.6666666666670000
       0.06750000               1.0000035510779721              0.9999999999999993              0.5999999999998805              0.8999999999993706              1.6666666666670000              1.6666666666670000
       0.07250000               1.0000050394773663              0.9999999999999991              0.5999999999998811              0.8999999999993716              1.6666666666670000              1.6666666666670000
       0.07750000               1.0000071169970817              1.0000000000000011              0.5999999999998796              0.8999999999993694              1.6666666666670000              1.6666666666670000
       0.08250000               1.0000100021246614              0.9999999999999993              0.5999999999998809              0.8999999999993713              1.6666666666670000              1.6666666666670000
       0.08750000               1.0000139884647115              1.0000000000000000              0.5999999999998804              0.8999999999993706              1.6666666666670000              1.6666666666670000
       0.09250000               1.0000194683085299              1.0000000000000004              0.5999999999998791              0.8999999999993685              1.6666666666670000              1.6666666666670000
       0.09750000               1.0000269627873268              0.9999999999999993              0.5999999999998811              0.8999999999993715              1.6666666666670000              1.6666666666670000
       0.10250000               1.0000371601730287              1.0000000000000011              0.5999999999998791              0.8999999999993685              1.6666666666670000              1.6666666666670000
       0.10750000               1.0000509641741986              0.9999999999999991              0.5999999999998804              0.8999999999993706              1.6666666666670000              1.6666666666670000
       0.11250000               1.0000695543824187              1.0000000000000002              0.5999999999998801              0.8999999999993701              1.6666666666670000              1.6666666666670000
       0.11750000               1.0000944613503779              0.9999999999999998              0.5999999999998803              0.8999999999993703              1.6666666666670000              1.6666666666670000
       0.12250000               1.0001276591155708              0.9999999999999987              0.5999999999998817              0.8999999999993725              1.6666666666670000              1.6666666666670000
       0.12750000               1.0001716783083312              1.0000000000000004              0.5999999999998800              0.8999999999993700              1.6666666666670000              1.6666666666670000
       0.13250000               1.0002297432791862              1.0000000000000020              0.5999999999998785              0.8999999999993678              1.6666666666670000              1.6666666666670000
       0.13750000               1.0003059369228684              0.9999999999999989              0.5999999999998817              0.8999999999993725              1.6666666666670000              1.6666666666670000
       0.14250000               1.0004053970339601              1.0000000000000009              0.5999999999998799              0.8999999999993697              1.6666666666670000              1.6666666666670000
       0.14750000               1.0005345480635266              0.9999999999999996              0.5999999999998809              0.8999999999993711              1.6666666666670000              1.6666666666670000
       0.15250000               1.0007013720117612              0.9999999999999998              0.5999999999998816              0.8999999999993724              1.6666666666670000              1.6666666666670000
       0.15750000               1.0009157218384954              1.0000000000000016              0.5999999999998792              0.8999999999993687              1.6666666666670000              1.6666666666670000
       0.16250000               1.0011896801484454              0.9999999999999991              0.5999999999998813              0.8999999999993719              1.6666666666670000              1.6666666666670000
       0.16750000               1.0015379649599221              0.9999999999999998              0.5999999999998806              0.8999999999993709              1.6666666666670000              1.6666666666670000
       0.17250000               1.0019783830418065              1.0000000000000002              0.5999999999998805              0.8999999999993709              1.6666666666670000              1.6666666666670000
       0.17750000               1.0025323295509456              1.0000000000000016              0.5999999999998793              0.8999999999993689              1.6666666666670000              1.6666666666670000
       0.18250000               1.0032253304762861              1.0000000000000000              0.5999999999998811              0.8999999999993714              1.6666666666670000              1.6666666666670000
       0.18750000               1.0040876216719794              0.9999999999999993              0.5999999999998809              0.8999999999993713              1.6666666666670000              1.6666666666670000
       0.19250000               1.0051547550461541              0.9999999999999996              0.5999999999998810              0.8999999999993713              1.6666666666670000              1.6666666666670000
       0.19750000               1.0064682187990330              0.9999999999999993              0.5999999999998807              0.8999999999993711              1.6666666666670000              1.6666666666670000
       0.20250000               1.0080760545270180              0.9999999999999993              0.5999999999998806              0.8999999999993709              1.6666666666670000              1.6666666666670000
       0.20750000               1.0100334496024608              0.9999999999999987              0.5999999999998814              0.8999999999993721              1.6666666666670000              1.6666666666670000
       0.21250000               1.0124032786236516              1.0000000000000007              0.5999999999998797              0.8999999999993695              1.6666666666670000              1.6666666666670000
       0.21750000               1.0152565631056116              0.9999999999999993              0.5999999999998805              0.8999999999993707              1.6666666666670000              1.6666666666670000
       0.22250000               1.0186728142266608              1.0000000000000016              0.5999999999998790              0.8999999999993684              1.6666666666670000              1.6666666666670000
       0.22750000               1.0227402196665922              0.9999999999999998              0.5999999999998803              0.8999999999993704              1.6666666666670000              1.6666666666670000
       0.23250000               1.0275556326498665              1.0000000000000002              0.5999999999998805              0.8999999999993707              1.6666666666670000              1.6666666666670000
       0.23750000               1.0332243194937103              0.9999999999999996              0.5999999999998804              0.8999999999993706              1.6666666666670000              1.6666666666670000
       0.24250000               1.0398594215512140              0.9999999999999996              0.5999999999998809              0.8999999999993712              1.6666666666670000              1.6666666666670000
       0.24750000               1.0475810888503507              0.9999999999999998              0.5999999999998799              0.8999999999993697              1.6666666666670000              1.6666666666670000
       0.25250000               1.0565152464618006              1.0000000000000000              0.5999999999998795              0.8999999999993692              1.6666666666670000              1.6666666666670000
       0.25750000               1.0667919610775691              1.0000000000000000              0.5999999999998802              0.8999999999993702              1.6666666666670000              1.6666666666670000
       0.26250000               1.0785433845259262              0.9999999999999993              0.5999999999998806              0.8999999999993707              1.6666666666670000              1.6666666666670000
       0.26750000               1.0919012627207352              0.9999999999999996              0.5999999999998804              0.8999999999993705              1.6666666666670000              1.6666666666670000
       0.27250000               1.1069940124969719              1.0000000000000000              0.5999999999998801              0.8999999999993701              1.6666666666670000              1.6666666666670000
       0.27750000               1.1239433848423743              1.0000000000000004              0.5999999999998796              0.8999999999993694              1.6666666666670000              1.6666666666670000
       0.28250000               1.1428607514576627              1.0000000000000000              0.5999999999998804              0.8999999999993705              1.6666666666670000              1.6666666666670000
       0.28750000               1.1638430725065432              1.0000000000000002              0.5999999999998796              0.8999999999993694              1.6666666666670000              1.6666666666670000
       0.29250000               1.1869686261377541              1.0000000000000007              0.5999999999998799              0.8999999999993697              1.6666666666670000              1.6666666666670000
       0.29750000               1.2122926029378100              1.0000000000000004              0.5999999999998794              0.8999999999993691              1.6666666666670000              1.6666666666670000
       0.30250000               1.2398426883207383              1.0000000000000007              0.5999999999998796              0.8999999999993693              1.6666666666670000              1.6666666666670000
       0.30750000               1.2696147711337133              1.0000000000000007              0.5999999999998796              0.8999999999993695              1.6666666666670000              1.6666666666670000
       0.31250000               1.3015689275636189              0.9999999999999998              0.5999999999998805              0.8999999999993707              1.6666666666670000              1.6666666666670000
       0.31750000               1.3356258376526722              0.9999999999999990              0.5999999999998812              0.8999999999993719              1.6666666666670000              1.6666666666670000
       0.32250000               1.3716637990606568              0.9999999999999986              0.5999999999998815              0.8999999999993723              1.6666666666670000              1.6666666666670000
       0.32750000               1.4095165079831995              0.9999999999999992              0.5999999999998802              0.8999999999993702              1.6666666666670000              1.6666666666670000
       0.33250000               1.4489717751570159              0.9999999999999984              0.5999999999998823              0.8999999999993735              1.6666666666670000              1.6666666666670000
       0.33750000               1.4897713284553056              0.9999999999999987              0.5999999999998812              0.8999999999993716              1.6666666666670000              1.6666666666670000
       0.34250000               1.5316118183509184              0.9999999999999989              0.5999999999998813              0.8999999999993720              1.6666666666670000              1.6666666666670000
       0.34750000               1.5741470918404890              0.9999999999999993              0.5999999999998806              0.8999999999993709              1.6666666666670000              1.6666666666670000
       0.35250000               1.6169917462679015              0.9999999999999994              0.5999999999998800              0.8999999999993700              1.6666666666670000              1.6666666666670000
       0.35750000               1.6597259324067755              0.9999999999999992              0.5999999999998805              0.8999999999993707              1.6666666666670000              1.6666666666670000
       0.36250000               1.7019013557813956              0.9999999999999994              0.5999999999998811              0.8999999999993715              1.6666666666670000              1.6666666666670000
       0.36750000               1.7430484216849986              0.9999999999999989              0.5999999999998812              0.8999999999993717              1.6666666666670000              1.6666666666670000
       0.37250000               1.7826844620320679              0.9999999999999998              0.5999999999998806              0.8999999999993710              1.6666666666670000              1.6666666666670000
       0.37750000               1.8203229434063122              0.9999999999999997              0.5999999999998802              0.8999999999993703              1.6666666666670000              1.6666666666670000
       0.38250000               1.8554834668714237              1.0000000000000002              0.5999999999998791              0.8999999999993686              1.6666666666670000              1.6666666666670000
       0.38750000               1.8877022369376044              1.0000000000000004              0.5999999999998791              0.8999999999993685              1.6666666666670000              1.6666666666670000
       0.39250000               1.9165425344160623              1.0000000000000007              0.5999999999998791              0.8999999999993685              1.6666666666670000              1.6666666666670000
       0.39750000               1.9416046306041908              1.0000000000000007              0.5999999999998792              0.8999999999993687              1.6666666666670000              1.6666666666670000
       0.40250000               1.9625345838987283              1.0000000000000004              0.5999999999998796              0.8999999999993693              1.6666666666670000              1.6666666666670000
       0.40750000               1.9790315048358844              0.9999999999999997              0.5999999999998802              0.8999999999993701              1.6666666666670000              1.6666666666670000
       0.41250000               1.9908531949666071              0.9999999999999990              0.5999999999998812              0.8999999999993716              1.6666666666670000              1.6666666666670000
       0.41750000               1.9978206608868396              0.9999999999999990              0.5999999999998804              0.8999999999993705              1.6666666666670000              1.6666666666670000
       0.42250000               1.9998231770203978              0.9999999999999998              0.5999999999998801              0.8999999999993701              1.6666666666670000              1.6666666666670000
       0.42750000               1.9968265438246462              0.9999999999999996              0.5999999999998811              0.8999999999993715              1.6666666666670000              1.6666666666670000
       0.43250000               1.9888791456016643              0.9999999999999992              0.5999999999998799              0.8999999999993697              1.6666666666670000              1.6666666666670000
       0.43750000               1.9761055144593609              0.9999999999999996              0.5999999999998801              0.8999999999993702              1.6666666666670000              1.6666666666670000
       0.44250000               1.9586984454347105              0.9999999999999992              0.5999999999998800              0.8999999999993700              1.6666666666670000              1.6666666666670000
       0.44750000               1.9369134902936960              0.9999999999999991              0.5999999999998804              0.8999999999993705              1.6666666666670000              1.6666666666670000
       0.45250000               1.9110637208675034              0.9999999999999998              0.5999999999998796              0.8999999999993693              1.6666666666670000              1.6666666666670000
       0.45750000               1.8815134633280635              0.9999999999999993              0.5999999999998805              0.8999999999993707              1.6666666666670000              1.6666666666670000
       0.46250000               1.8486706508682325              0.9999999999999988              0.5999999999998806              0.8999999999993709              1.6666666666670000              1.6666666666670000
       0.46750000               1.8129778949271658              0.9999999999999996              0.5999999999998805              0.8999999999993707              1.6666666666670000              1.6666666666670000
       0.47250000               1.7749026387599312              0.9999999999999991              0.5999999999998809              0.8999999999993713              1.6666666666670000              1.6666666666670000
       0.47750000               1.7349268651726688              0.9999999999999991              0.5999999999998812              0.8999999999993719              1.6666666666670000              1.6666666666670000
       0.48250000               1.6935368313964614              0.9999999999999984              0.5999999999998820              0.8999999999993729              1.6666666666670000              1.6666666666670000
       0.48750000               1.6512132377597450              0.9999999999999992              0.5999999999998810              0.8999999999993714              1.6666666666670000              1.6666666666670000
       0.49250000               1.6084221417774052              1.0000000000000007              0.5999999999998787              0.8999999999993682              1.6666666666670000              1.6666666666670000
       0.49750000               1.5656068367215301              1.0000000000000004              0.5999999999998796              0.8999999999993693              1.6666666666670000              1.6666666666670000
       0.50250000               1.5231808403295299              0.9999999999999997              0.5999999999998800              0.8999999999993699              1.6666666666670000              1.6666666666670000
       0.50750000               1.4815220877151809              1.0000000000000000              0.5999999999998795              0.8999999999993691              1.6666666666670000              1.6666666666670000
       0.51250000               1.4409683859599738              0.9999999999999999              0.5999999999998801              0.8999999999993702              1.6666666666670000              1.6666666666670000
       0.51750000               1.4018141566991353              0.9999999999999988              0.5999999999998809              0.8999999999993711              1.6666666666670000              1.6666666666670000
       0.52250000               1.3643084602928364              0.9999999999999996              0.5999999999998805              0.8999999999993709              1.6666666666670000              1.6666666666670000
       0.52750000               1.3286542588672725              0.9999999999999990              0.5999999999998811              0.8999999999993715              1.6666666666670000              1.6666666666670000
       0.53250000               1.2950088379542850              0.9999999999999993              0.5999999999998806              0.8999999999993710              1.6666666666670000              1.6666666666670000
       0.53750000               1.2634852720341072              0.9999999999999994              0.5999999999998805              0.8999999999993707              1.6666666666670000              1.6666666666670000
       0.54250000               1.2341547920144469              1.0000000000000018              0.5999999999998773              0.8999999999993659              1.6666666666670000              1.6666666666670000
       0.54750000               1.2070498947703627              1.0000000000000027              0.5999999999998769              0.8999999999993652              1.6666666666670000              1.6666666666670000
       0.55250000               1.1821680265042540              1.0000000000000007              0.5999999999998790              0.8999999999993684              1.6666666666670000              1.6666666666670000
       0.55750000               1.1594756716512726              1.0000000000000007              0.5999999999998794              0.8999999999993691              1.6666666666670000              1.6666666666670000
       0.56250000               1.1389126856239022              1.0000000000000040              0.5999999999998755              0.8999999999993634              1.6666666666670000              1.6666666666670000
       0.56750000               1.1203967212574102              1.0000000000000020              0.5999999999998772              0.8999999999993658              1.6666666666670000              1.6666666666670000
       0.57250000               1.1038276141427235              1.0000000000000000              0.5999999999998801              0.8999999999993701              1.6666666666670000              1.6666666666670000
       0.57750000               1.0890916101519985              0.9999999999999971              0.5999999999998824              0.8999999999993735              1.6666666666670000              1.6666666666670000
       0.58250000               1.0760653385016949              1.0000000000000009              0.5999999999998790              0.8999999999993683              1.6666666666670000              1.6666666666670000
       0.58750000               1.0646194547473982              1.0000000000000007              0.5999999999998786              0.8999999999993679              1.6666666666670000              1.6666666666670000
       0.59250000               1.0546218992064853              1.0000000000000004              0.5999999999998793              0.8999999999993689              1.6666666666670000              1.6666666666670000
       0.59750000               1.0459407365400479              1.0000000000000020              0.5999999999998784              0.8999999999993674              1.6666666666670000              1.6666666666670000
       0.60250000               1.0384465608150937              0.9999999999999993              0.5999999999998802              0.8999999999993703              1.6666666666670000              1.6666666666670000
       0.60750000               1.0320144667407467              0.9999999999999984              0.5999999999998806              0.8999999999993711              1.6666666666670000              1.6666666666670000
       0.61250000               1.0265256015767119              0.9999999999999984              0.5999999999998813              0.8999999999993720              1.6666666666670000              1.6666666666670000
       0.61750000               1.0218683232914638              0.9999999999999991              0.5999999999998800              0.8999999999993700              1.6666666666670000              1.6666666666670000
       0.62250000               1.0179389988987506              1.0000000000000027              0.5999999999998773              0.8999999999993659              1.6666666666670000              1.6666666666670000
       0.62750000               1.0146424826379250              1.0000000000000002              0.5999999999998794              0.8999999999993691              1.6666666666670000              1.6666666666670000
       0.63250000               1.0118923169910112              1.0000000000000009              0.5999999999998789              0.8999999999993682              1.6666666666670000              1.6666666666670000
       0.63750000               1.0096107007215549              0.9999999999999987              0.5999999999998815              0.8999999999993722              1.6666666666670000              1.6666666666670000
       0.64250000               1.0077282674996932              0.9999999999999969              0.5999999999998824              0.8999999999993735              1.6666666666670000              1.6666666666670000
       0.64750000               1.0061837165955829              0.9999999999999996              0.5999999999998800              0.8999999999993700              1.6666666666670000              1.6666666666670000
       0.65250000               1.0049233339333197              0.9999999999999949              0.5999999999998848              0.8999999999993772              1.6666666666670000              1.6666666666670000
       0.65750000               1.0039004378397831              1.0000000000000016              0.5999999999998782              0.8999999999993674              1.6666666666670000              1.6666666666670000
       0.66250000               1.0030747794062658              0.9999999999999964              0.5999999999998833              0.8999999999993750              1.6666666666670000              1.6666666666670000
       0.66750000               1.0024119227730763              0.9999999999999944              0.5999999999998855              0.8999999999993783              1.6666666666670000              1.6666666666670000
       0.67250000               1.0018826260733067              0.9999999999999998              0.5999999999998796              0.8999999999993695              1.6666666666670000              1.6666666666670000
       0.67750000               1.0014622394062751              1.0000000000000004              0.5999999999998792              0.8999999999993687              1.6666666666670000              1.6666666666670000
       0.68250000               1.0011301321862696              0.9999999999999980              0.5999999999998817              0.8999999999993725              1.6666666666670000              1.6666666666670000
       0.68750000               1.0008691586159491              1.0000000000000009              0.5999999999998787              0.8999999999993682              1.6666666666670000              1.6666666666670000
       0.69250000               1.0006651669163800              1.0000000000000004              0.5999999999998795              0.8999999999993693              1.6666666666670000              1.6666666666670000
       0.69750000               1.0005065553257053              0.9999999999999971              0.5999999999998823              0.8999999999993734              1.6666666666670000              1.6666666666670000
       0.70250000               1.0003838757478394              1.0000000000000056              0.5999999999998743              0.8999999999993615              1.6666666666670000              1.6666666666670000
       0.70750000               1.0002894842634440              0.9999999999999980              0.5999999999998815              0.8999999999993722              1.6666666666670000              1.6666666666670000
       0.71250000               1.0002172364661033              0.9999999999999987              0.5999999999998810              0.8999999999993713              1.6666666666670000              1.6666666666670000
       0.71750000               1.0001622247077848              1.0000000000000007              0.5999999999998791              0.8999999999993686              1.6666666666670000              1.6666666666670000
       0.72250000               1.0001205537731306              1.0000000000000016              0.5999999999998783              0.8999999999993674              1.6666666666670000              1.6666666666670000
       0.72750000               1.0000891511988732              1.0000000000000022              0.5999999999998780              0.8999999999993670              1.6666666666670000              1.6666666666670000
       0.73250000               1.0000656083581472              0.9999999999999958              0.5999999999998841              0.8999999999993760              1.6666666666670000              1.6666666666670000
       0.73750000               1.0000480484919689              0.9999999999999998              0.5999999999998804              0.8999999999993705              1.6666666666670000              1.6666666666670000
       0.74250000               1.0000350180486492              0.9999999999999989              0.5999999999998811              0.8999999999993715              1.6666666666670000              1.6666666666670000
       0.74750000               1.0000253979488916              1.0000000000000007              0.5999999999998794              0.8999999999993691              1.6666666666670000              1.6666666666670000
       0.75250000               1.0000183317002231              0.9999999999999993              0.5999999999998804              0.8999999999993706              1.6666666666670000              1.6666666666670000
       0.75750000               1.0000131676126769              1.0000000000000002              0.5999999999998796              0.8999999999993694              1.6666666666670000              1.6666666666670000
       0.76250000               1.0000094127005279              0.9999999999999982              0.5999999999998816              0.8999999999993724              1.6666666666670000              1.6666666666670000
       0.76750000               1.0000066961776222              0.9999999999999996              0.5999999999998805              0.8999999999993706              1.6666666666670000              1.6666666666670000
       0.77250000               1.0000047407579034              1.0000000000000000              0.5999999999998796              0.8999999999993694              1.6666666666670000              1.6666666666670000
       0.77750000               1.0000033402515520              0.9999999999999976              0.5999999999998823              0.8999999999993734              1.6666666666670000              1.6666666666670000
       0.78250000               1.0000023421974076              0.9999999999999989              0.5999999999998816              0.8999999999993724              1.6666666666670000              1.6666666666670000
       0.78750000               1.0000016344919584              1.0000000000000004              0.5999999999998795              0.8999999999993692              1.6666666666670000              1.6666666666670000
       0.79250000               1.0000011351643929              1.0000000000000011              0.5999999999998792              0.8999999999993687              1.6666666666670000              1.6666666666670000
       0.79750000               1.0000007846085790              1.0000000000000002              0.5999999999998801              0.8999999999993702              1.6666666666670000              1.6666666666670000
       0.80250000               1.0000005397191070              0.9999999999999998              0.5999999999998799              0.8999999999993699              1.6666666666670000              1.6666666666670000
       0.80750000               1.0000003694927126              1.0000000000000024              0.5999999999998770              0.8999999999993654              1.6666666666670000              1.6666666666670000
       0.81250000               1.0000002517503592              1.0000000000000018              0.5999999999998784              0.8999999999993675              1.6666666666670000              1.6666666666670000
       0.81750000               1.0000001707107771              0.9999999999999978              0.5999999999998824              0.8999999999993735              1.6666666666670000              1.6666666666670000
       0.82250000               1.0000001152058970              0.9999999999999993              0.5999999999998801              0.8999999999993701              1.6666666666670000              1.6666666666670000
       0.82750000               1.0000000773758670              0.9999999999999982              0.5999999999998814              0.8999999999993720              1.6666666666670000              1.6666666666670000
       0.83250000               1.0000000517193384              1.0000000000000016              0.5999999999998785              0.8999999999993679              1.6666666666670000              1.6666666666670000
       0.83750000               1.0000000344058204              0.9999999999999964              0.5999999999998834              0.8999999999993751              1.6666666666670000              1.6666666666670000
       0.84250000               1.0000000227809938              1.0000000000000011              0.5999999999998784              0.8999999999993676              1.6666666666670000              1.6666666666670000
       0.84750000               1.0000000150141468              0.9999999999999978              0.5999999999998825              0.8999999999993737              1.6666666666670000              1.6666666666670000
       0.85250000               1.0000000098490567              1.0000000000000024              0.5999999999998776              0.8999999999993664              1.6666666666670000              1.6666666666670000
       0.85750000               1.0000000064291779              0.9999999999999973              0.5999999999998831              0.8999999999993745              1.6666666666670000              1.6666666666670000
       0.86250000               1.0000000041747044              0.9999999999999982              0.5999999999998815              0.8999999999993721              1.6666666666670000              1.6666666666670000
       0.86750000               1.0000000026959226              1.0000000000000011              0.5999999999998794              0.8999999999993691              1.6666666666670000              1.6666666666670000
       0.87250000               1.0000000017320145              0.9999999999999989              0.5999999999998811              0.8999999999993715              1.6666666666670000              1.6666666666670000
       0.87750000               1.0000000011084433              1.0000000000000004              0.5999999999998796              0.8999999999993694              1.6666666666670000              1.6666666666670000
       0.88250000               1.0000000007081187              1.0000000000000007              0.5999999999998793              0.8999999999993687              1.6666666666670000              1.6666666666670000
       0.88750000               1.0000000004524336              1.0000000000000007              0.5999999999998795              0.8999999999993693              1.6666666666670000              1.6666666666670000
       0.89250000               1.0000000002890279              1.0000000000000000              0.5999999999998799              0.8999999999993697              1.6666666666670000              1.6666666666670000
       0.89750000               1.0000000001837137              1.0000000000000009              0.5999999999998791              0.8999999999993685              1.6666666666670000              1.6666666666670000
       0.90250000               1.0000000001148819              0.9999999999999984              0.5999999999998811              0.8999999999993715              1.6666666666670000              1.6666666666670000
       0.90750000               1.0000000000694937              1.0000000000000000              0.5999999999998800              0.8999999999993700              1.6666666666670000              1.6666666666670000
       0.91250000               1.0000000000402434              0.9999999999999989              0.5999999999998805              0.8999999999993709              1.6666666666670000              1.6666666666670000
       0.91750000               1.0000000000235183              0.9999999999999984              0.5999999999998817              0.8999999999993725              1.6666666666670000              1.6666666666670000
       0.92250000               1.0000000000179243              0.9999999999999984              0.5999999999998815              0.8999999999993722              1.6666666666670000              1.6666666666670000
       0.92750000               1.0000000000232718              0.9999999999999984              0.5999999999998815              0.8999999999993723              1.6666666666670000              1.6666666666670000
       0.93250000               1.0000000000401874              1.0000000000000002              0.5999999999998794              0.8999999999993691              1.6666666666670000              1.6666666666670000
       0.93750000               1.0000000000705742              0.9999999999999987              0.5999999999998812              0.8999999999993717              1.6666666666670000              1.6666666666670000
       0.94250000               1.0000000001185911              0.9999999999999996              0.5999999999998805              0.8999999999993707              1.6666666666670000              1.6666666666670000
       0.94750000               1.0000000001920983              1.0000000000000004              0.5999999999998790              0.8999999999993684              1.6666666666670000              1.6666666666670000
       0.95250000               1.0000000003046854              1.0000000000000016              0.5999999999998782              0.8999999999993672              1.6666666666670000              1.6666666666670000
       0.95750000               1.0000000004786163              1.0000000000000016              0.5999999999998783              0.8999999999993673              1.6666666666670000              1.6666666666670000
       0.96250000               1.0000000007491383              1.0000000000000002              0.5999999999998786              0.8999999999993679              1.6666666666670000              1.6666666666670000
       0.96750000               1.0000000011707506              1.0000000000000002              0.5999999999998795              0.8999999999993693              1.6666666666670000              1.6666666666670000
       0.97250000               1.0000000018263531              0.9999999999999987              0.5999999999998809              0.8999999999993712              1.6666666666670000              1.6666666666670000
       0.97750000               1.0000000028407350              1.0000000000000013              0.5999999999998779              0.8999999999993668              1.6666666666670000              1.6666666666670000
       0.98250000               1.0000000044006692              1.0000000000000004              0.5999999999998793              0.8999999999993689              1.6666666666670000              1.6666666666670000
       0.98750000               1.0000000067847747              0.9999999999999996              0.5999999999998797              0.8999999999993696              1.6666666666670000              1.6666666666670000
       0.99250000               1.0000000104076634              1.0000000000000016              0.5999999999998783              0.8999999999993674              1.6666666666670000              1.6666666666670000
       0.99750000               1.0000000158842755              1.0000000000000002              0.5999999999998790              0.8999999999993685              1.6666666666670000              1.6666666666670000
