       0.00250000               1.0003843596195892              1.0000000000000016              0.5999999999998772              0.8999999999993658              1.6666666666670000              1.6666666666670000
       0.00750000               1.0002899490738446              0.9999999999999982              0.5999999999998814              0.8999999999993721              1.6666666666670000              1.6666666666670000
       0.01250000               1.0002176700236074              1.0000000000000002              0.5999999999998782              0.8999999999993673              1.6666666666670000              1.6666666666670000
       0.01750000               1.0001626195278288              1.0000000000000004              0.5999999999998780              0.8999999999993670              1.6666666666670000              1.6666666666670000
       0.02250000               1.0001209060958081              0.9999999999999991              0.5999999999998804              0.8999999999993706              1.6666666666670000              1.6666666666670000
       0.02750000               1.0000894601008155              0.9999999999999976              0.5999999999998821              0.8999999999993730              1.6666666666670000              1.6666666666670000
       0.03250000               1.0000658749784950              0.9999999999999993              0.5999999999998802              0.8999999999993701              1.6666666666670000              1.6666666666670000
       0.03750000               1.0000482753803392              1.0000000000000024              0.5999999999998769              0.8999999999993652              1.6666666666670000              1.6666666666670000
       0.04250000               1.0000352086341004              0.9999999999999982              0.5999999999998809              0.8999999999993712              1.6666666666670000              1.6666666666670000
       0.04750000               1.0000255561229590              1.0000000000000029              0.5999999999998769              0.8999999999993652              1.6666666666670000              1.6666666666670000
       0.05250000               1.0000184615026482              1.0000000000000020              0.5999999999998772              0.8999999999993659              1.6666666666670000              1.6666666666670000
       0.05750000               1.0000132730055338              1.0000000000000027              0.5999999999998767              0.8999999999993651              1.6666666666670000              1.6666666666670000
       0.06250000               1.0000094974152005              0.9999999999999982              0.5999999999998805              0.8999999999993709              1.6666666666670000              1.6666666666670000
       0.06750000               1.0000067636195711              1.0000000000000011              0.5999999999998785              0.8999999999993678              1.6666666666670000              1.6666666666670000
       0.07250000               1.0000047939562691              0.9999999999999993              0.5999999999998804              0.8999999999993705              1.6666666666670000              1.6666666666670000
       0.07750000               1.0000033818429050              1.0000000000000024              0.5999999999998770              0.8999999999993654              1.6666666666670000              1.6666666666670000
       0.08250000               1.0000023744347180              0.9999999999999989              0.5999999999998803              0.8999999999993703              1.6666666666670000              1.6666666666670000
       0.08750000               1.0000016592703063              1.0000000000000020              0.5999999999998772              0.8999999999993656              1.6666666666670000              1.6666666666670000
       0.09250000               1.0000011540558174              1.0000000000000004              0.5999999999998787              0.8999999999993681              1.6666666666670000              1.6666666666670000
       0.09750000               1.0000007988999389              0.9999999999999976              0.5999999999998819              0.8999999999993727              1.6666666666670000              1.6666666666670000
       0.10250000               1.0000005504496354              1.0000000000000007              0.5999999999998784              0.8999999999993676              1.6666666666670000              1.6666666666670000
       0.10750000               1.0000003774903330              0.9999999999999947              0.5999999999998853              0.8999999999993779              1.6666666666670000              1.6666666666670000
       0.11250000               1.0000002576666234              1.0000000000000002              0.5999999999998801              0.8999999999993701              1.6666666666670000              1.6666666666670000
       0.11750000               1.0000001750538641              1.0000000000000024              0.5999999999998776              0.8999999999993663              1.6666666666670000              1.6666666666670000
       0.12250000               1.0000001183698797              1.0000000000000000              0.5999999999998797              0.8999999999993695              1.6666666666670000              1.6666666666670000
       0.12750000               1.0000000796646622              1.0000000000000004              0.5999999999998797              0.8999999999993696              1.6666666666670000              1.6666666666670000
       0.13250000               1.0000000533651512              1.0000000000000007              0.5999999999998789              0.8999999999993683              1.6666666666670000              1.6666666666670000
       0.13750000               1.0000000355832968              0.9999999999999978              0.5999999999998823              0.8999999999993733              1.6666666666670000              1.6666666666670000
       0.14250000               1.0000000236190043              1.0000000000000002              0.5999999999998799              0.8999999999993699              1.6666666666670000              1.6666666666670000
       0.14750000               1.0000000156063820              0.9999999999999993              0.5999999999998803              0.8999999999993704              1.6666666666670000              1.6666666666670000
       0.15250000               1.0000000102635223              0.9999999999999993              0.5999999999998817              0.8999999999993725              1.6666666666670000              1.6666666666670000
       0.15750000               1.0000000067158159              0.9999999999999989              0.5999999999998820              0.8999999999993729              1.6666666666670000              1.6666666666670000
       0.16250000               1.0000000043707804              1.0000000000000024              0.5999999999998782              0.8999999999993672              1.6666666666670000              1.6666666666670000
       0.16750000               1.0000000028292668              1.0000000000000011              0.5999999999998797              0.8999999999993696              1.6666666666670000              1.6666666666670000
       0.17250000               1.0000000018229229              0.9999999999999991              0.5999999999998810              0.8999999999993714              1.6666666666670000              1.6666666666670000
       0.17750000               1.0000000011710772              1.0000000000000009              0.5999999999998792              0.8999999999993687              1.6666666666670000              1.6666666666670000
       0.18250000               1.0000000007518344              0.9999999999999998              0.5999999999998807              0.8999999999993710              1.6666666666670000              1.6666666666670000
       0.18750000               1.0000000004831568              1.0000000000000011              0.5999999999998792              0.8999999999993687              1.6666666666670000              1.6666666666670000
       0.19250000               1.0000000003104907              0.9999999999999971              0.5999999999998828              0.8999999999993742              1.6666666666670000              1.6666666666670000
       0.19750000               1.0000000001983314              1.0000000000000016              0.5999999999998786              0.8999999999993679              1.6666666666670000              1.6666666666670000
       0.20250000               1.0000000001243396              0.9999999999999996              0.5999999999998803              0.8999999999993704              1.6666666666670000              1.6666666666670000
       0.20750000               1.0000000000750680              0.9999999999999993              0.5999999999998811              0.8999999999993715              1.6666666666670000              1.6666666666670000
       0.21250000               1.0000000000429989              1.0000000000000007              0.5999999999998791              0.8999999999993686              1.6666666666670000              1.6666666666670000
       0.21750000               1.0000000000244298              1.0000000000000002              0.5999999999998800              0.8999999999993700              1.6666666666670000              1.6666666666670000
       0.22250000               1.0000000000179381              0.9999999999999978              0.5999999999998824              0.8999999999993735              1.6666666666670000              1.6666666666670000
       0.22750000               1.0000000000233340              0.9999999999999989              0.5999999999998811              0.8999999999993716              1.6666666666670000              1.6666666666670000
       0.23250000               1.0000000000412737              1.0000000000000009              0.5999999999998794              0.8999999999993691              1.6666666666670000              1.6666666666670000
       0.23750000               1.0000000000737046              0.9999999999999991              0.5999999999998814              0.8999999999993722              1.6666666666670000              1.6666666666670000
       0.24250000               1.0000000001248615              0.9999999999999991              0.5999999999998811              0.8999999999993715              1.6666666666670000              1.6666666666670000
       0.24750000               1.0000000002027409              1.0000000000000013              0.5999999999998789              0.8999999999993682              1.6666666666670000              1.6666666666670000
       0.25250000               1.0000000003211811              0.9999999999999973              0.5999999999998828              0.8999999999993743              1.6666666666670000              1.6666666666670000
       0.25750000               1.0000000005028600              0.9999999999999956              0.5999999999998844              0.8999999999993766              1.6666666666670000              1.6666666666670000
       0.26250000               1.0000000007837506              1.0000000000000013              0.5999999999998791              0.8999999999993685              1.6666666666670000              1.6666666666670000
       0.26750000               1.0000000012196248              1.0000000000000002              0.5999999999998800              0.8999999999993700              1.6666666666670000              1.6666666666670000
       0.27250000               1.0000000018954660              0.9999999999999998              0.5999999999998796              0.8999999999993695              1.6666666666670000              1.6666666666670000
       0.27750000               1.0000000029393281              0.9999999999999987              0.5999999999998814              0.8999999999993721              1.6666666666670000              1.6666666666670000
       0.28250000               1.0000000045426545              1.0000000000000013              0.5999999999998783              0.8999999999993674              1.6666666666670000              1.6666666666670000
       0.28750000               1.0000000069903454              0.9999999999999996              0.5999999999998806              0.8999999999993707              1.6666666666670000              1.6666666666670000
       0.29250000               1.0000000107049807              1.0000000000000024              0.5999999999998775              0.8999999999993663              1.6666666666670000              1.6666666666670000
       0.29750000               1.0000000163115110              1.0000000000000004              0.5999999999998792              0.8999999999993687              1.6666666666670000              1.6666666666670000
       0.30250000               1.0000000247306715              1.0000000000000000              0.5999999999998801              0.8999999999993701              1.6666666666670000              1.6666666666670000
       0.30750000               1.0000000373126710              0.9999999999999998              0.5999999999998796              0.8999999999993694              1.6666666666670000              1.6666666666670000
       0.31250000               1.0000000560268698              0.9999999999999998              0.5999999999998796              0.8999999999993695              1.6666666666670000              1.6666666666670000
       0.31750000               1.0000000837293905              0.9999999999999978              0.5999999999998823              0.8999999999993733              1.6666666666670000              1.6666666666670000
       0.32250000               1.0000001245389998              1.0000000000000016              0.5999999999998786              0.8999999999993679              1.6666666666670000              1.6666666666670000
       0.32750000               1.0000001843628077              1.0000000000000009              0.5999999999998789              0.8999999999993682              1.6666666666670000              1.6666666666670000
       0.33250000               1.0000002716276895              1.0000000000000000              0.5999999999998793              0.8999999999993690              1.6666666666670000              1.6666666666670000
       0.33750000               1.0000003982921100              0.9999999999999982              0.5999999999998819              0.8999999999993726              1.6666666666670000              1.6666666666670000
       0.34250000               1.0000005812367743              1.0000000000000022              0.5999999999998775              0.8999999999993662              1.6666666666670000              1.6666666666670000
       0.34750000               1.0000008441636625              0.9999999999999976              0.5999999999998827              0.8999999999993742              1.6666666666670000              1.6666666666670000
       0.35250000               1.0000012201726356              0.9999999999999991              0.5999999999998807              0.8999999999993712              1.6666666666670000              1.6666666666670000
       0.35750000               1.0000017552360125              1.0000000000000011              0.5999999999998793              0.8999999999993689              1.6666666666670000              1.6666666666670000
       0.36250000               1.0000025128549179              1.0000000000000004              0.5999999999998803              0.8999999999993704              1.6666666666670000              1.6666666666670000
       0.36750000               1.0000035802605818              1.0000000000000002              0.5999999999998802              0.8999999999993702              1.6666666666670000              1.6666666666670000
       0.37250000               1.0000050766204003              1.0000000000000007              0.5999999999998790              0.8999999999993685              1.6666666666670000              1.6666666666670000
       0.37750000               1.0000071638259602              0.9999999999999978              0.5999999999998817              0.8999999999993725              1.6666666666670000              1.6666666666670000
       0.38250000               1.0000100605811590              1.0000000000000004              0.5999999999998796              0.8999999999993694              1.6666666666670000              1.6666666666670000
       0.38750000               1.0000140606759371              1.0000000000000004              0.5999999999998796              0.8999999999993694              1.6666666666670000              1.6666666666670000
       0.39250000               1.0000195565268561              0.9999999999999989              0.5999999999998807              0.8999999999993711              1.6666666666670000              1.6666666666670000
       0.39750000               1.0000270692918471              0.9999999999999991              0.5999999999998804              0.8999999999993706              1.6666666666670000              1.6666666666670000
       0.40250000               1.0000372871221443              0.9999999999999989              0.5999999999998810              0.8999999999993714              1.6666666666670000              1.6666666666670000
       0.40750000               1.0000511133985976              0.9999999999999973              0.5999999999998821              0.8999999999993731              1.6666666666670000              1.6666666666670000
       0.41250000               1.0000697271079717              0.9999999999999964              0.5999999999998830              0.8999999999993743              1.6666666666670000              1.6666666666670000
       0.41750000               1.0000946578409577              0.9999999999999978              0.5999999999998821              0.8999999999993730              1.6666666666670000              1.6666666666670000
       0.42250000               1.0001278782274914              0.9999999999999969              0.5999999999998825              0.8999999999993736              1.6666666666670000              1.6666666666670000
       0.42750000               1.0001719169517236              0.9999999999999996              0.5999999999998805              0.8999999999993707              1.6666666666670000              1.6666666666670000
       0.43250000               1.0002299957882039              0.9999999999999976              0.5999999999998828              0.8999999999993742              1.6666666666670000              1.6666666666670000
       0.43750000               1.0003061943454350              1.0000000000000004              0.5999999999998795              0.8999999999993691              1.6666666666670000              1.6666666666670000
       0.44250000               1.0004056463614477              0.9999999999999991              0.5999999999998809              0.8999999999993713              1.6666666666670000              1.6666666666670000
       0.44750000               1.0005347714306196              0.9999999999999998              0.5999999999998804              0.8999999999993705              1.6666666666670000              1.6666666666670000
       0.45250000               1.0007015459099091              0.9999999999999993              0.5999999999998799              0.8999999999993697              1.6666666666670000              1.6666666666670000
       0.45750000               1.0009158164048670              0.9999999999999984              0.5999999999998811              0.8999999999993716              1.6666666666670000              1.6666666666670000
       0.46250000               1.0011896586153153              0.9999999999999980              0.5999999999998814              0.8999999999993720              1.6666666666670000              1.6666666666670000
       0.46750000               1.0015377833686154              1.0000000000000002              0.5999999999998791              0.8999999999993685              1.6666666666670000              1.6666666666670000
       0.47250000               1.0019779903328347              0.9999999999999987              0.5999999999998810              0.8999999999993714              1.6666666666670000              1.6666666666670000
       0.47750000               1.0025316681402836              1.0000000000000004              0.5999999999998793              0.8999999999993690              1.6666666666670000              1.6666666666670000
       0.48250000               1.0032243374298455              1.0000000000000000              0.5999999999998793              0.8999999999993690              1.6666666666670000              1.6666666666670000
       0.48750000               1.0040862306049718              1.0000000000000004              0.5999999999998791              0.8999999999993685              1.6666666666670000              1.6666666666670000
       0.49250000               1.0051528988866618              1.0000000000000011              0.5999999999998787              0.8999999999993682              1.6666666666670000              1.6666666666670000
       0.49750000               1.0064658335305363              0.9999999999999996              0.5999999999998800              0.8999999999993701              1.6666666666670000              1.6666666666670000
       0.50250000               1.0080730839411394              1.0000000000000004              0.5999999999998786              0.8999999999993680              1.6666666666670000              1.6666666666670000
       0.50750000               1.0100298509786645              1.0000000000000007              0.5999999999998786              0.8999999999993679              1.6666666666670000              1.6666666666670000
       0.51250000               1.0123990291749512              0.9999999999999987              0.5999999999998805              0.8999999999993706              1.6666666666670000              1.6666666666670000
       0.51750000               1.0152516670296179              0.9999999999999998              0.5999999999998790              0.8999999999993684              1.6666666666670000              1.6666666666670000
       0.52250000               1.0186673102253092              0.9999999999999978              0.5999999999998814              0.8999999999993720              1.6666666666670000              1.6666666666670000
       0.52750000               1.0227341887147918              0.9999999999999987              0.5999999999998809              0.8999999999993712              1.6666666666670000              1.6666666666670000
       0.53250000               1.0275492055245437              0.9999999999999989              0.5999999999998809              0.8999999999993713              1.6666666666670000              1.6666666666670000
       0.53750000               1.0332176832264490              0.9999999999999993              0.5999999999998809              0.8999999999993712              1.6666666666670000              1.6666666666670000
       0.54250000               1.0398528238138782              0.9999999999999996              0.5999999999998795              0.8999999999993693              1.6666666666670000              1.6666666666670000
       0.54750000               1.0475748395355164              0.9999999999999986              0.5999999999998811              0.8999999999993716              1.6666666666670000              1.6666666666670000
       0.55250000               1.0565097162589754              0.9999999999999993              0.5999999999998806              0.8999999999993709              1.6666666666670000              1.6666666666670000
       0.55750000               1.0667875771959268              0.9999999999999988              0.5999999999998803              0.8999999999993704              1.6666666666670000              1.6666666666670000
       0.56250000               1.0785406234064401              0.9999999999999990              0.5999999999998811              0.8999999999993715              1.6666666666670000              1.6666666666670000
       0.56750000               1.0919006386856578              0.9999999999999994              0.5999999999998801              0.8999999999993702              1.6666666666670000              1.6666666666670000
       0.57250000               1.1069960606061813              0.9999999999999996              0.5999999999998804              0.8999999999993705              1.6666666666670000              1.6666666666670000
       0.57750000               1.1239486368067346              0.9999999999999987              0.5999999999998814              0.8999999999993720              1.6666666666670000              1.6666666666670000
       0.58250000               1.1428697056069994              0.9999999999999992              0.5999999999998809              0.8999999999993712              1.6666666666670000              1.6666666666670000
       0.58750000               1.1638561614298149              0.9999999999999989              0.5999999999998812              0.8999999999993717              1.6666666666670000              1.6666666666670000
       0.59250000               1.1869861866371798              0.9999999999999991              0.5999999999998812              0.8999999999993717              1.6666666666670000              1.6666666666670000
       0.59750000               1.2123148508779149              0.9999999999999997              0.5999999999998799              0.8999999999993697              1.6666666666670000              1.6666666666670000
       0.60250000               1.2398696965459419              0.9999999999999993              0.5999999999998803              0.8999999999993705              1.6666666666670000              1.6666666666670000
       0.60750000               1.2696464450973224              0.9999999999999993              0.5999999999998807              0.8999999999993711              1.6666666666670000              1.6666666666670000
       0.61250000               1.3016049744732150              0.9999999999999987              0.5999999999998817              0.8999999999993725              1.6666666666670000              1.6666666666670000
       0.61750000               1.3356657320582856              0.9999999999999993              0.5999999999998805              0.8999999999993709              1.6666666666670000              1.6666666666670000
       0.62250000               1.3717067574830679              0.9999999999999989              0.5999999999998817              0.8999999999993726              1.6666666666670000              1.6666666666670000
       0.62750000               1.4095614903411515              0.9999999999999989              0.5999999999998807              0.8999999999993712              1.6666666666670000              1.6666666666670000
       0.63250000               1.4490175250676969              0.9999999999999987              0.5999999999998812              0.8999999999993717              1.6666666666670000              1.6666666666670000
       0.63750000               1.4898164476129823              0.9999999999999991              0.5999999999998813              0.8999999999993719              1.6666666666670000              1.6666666666670000
       0.64250000               1.5316548501408354              0.9999999999999997              0.5999999999998806              0.8999999999993709              1.6666666666670000              1.6666666666670000
       0.64750000               1.5741865792809935              0.9999999999999997              0.5999999999998803              0.8999999999993703              1.6666666666670000              1.6666666666670000
       0.65250000               1.6170262397330026              0.9999999999999998              0.5999999999998802              0.8999999999993702              1.6666666666670000              1.6666666666670000
       0.65750000               1.6597539529712562              0.9999999999999988              0.5999999999998813              0.8999999999993719              1.6666666666670000              1.6666666666670000
       0.66250000               1.7019213564856102              0.9999999999999991              0.5999999999998807              0.8999999999993712              1.6666666666670000              1.6666666666670000
       0.66750000               1.7430588096962827              0.9999999999999997              0.5999999999998811              0.8999999999993715              1.6666666666670000              1.6666666666670000
       0.67250000               1.7826837319692774              0.9999999999999996              0.5999999999998804              0.8999999999993704              1.6666666666670000              1.6666666666670000
       0.67750000               1.8203099244931598              0.9999999999999999              0.5999999999998804              0.8999999999993706              1.6666666666670000              1.6666666666670000
       0.68250000               1.8554576228515012              1.0000000000000004              0.5999999999998800              0.8999999999993700              1.6666666666670000              1.6666666666670000
       0.68750000               1.8876639095303724              1.0000000000000007              0.5999999999998789              0.8999999999993682              1.6666666666670000              1.6666666666670000
       0.69250000               1.9164930172878147              1.0000000000000013              0.5999999999998780              0.8999999999993670              1.6666666666670000              1.6666666666670000
       0.69750000               1.9415460109736917              1.0000000000000009              0.5999999999998783              0.8999999999993674              1.6666666666670000              1.6666666666670000
       0.70250000               1.9624693759727554              1.0000000000000007              0.5999999999998791              0.8999999999993685              1.6666666666670000              1.6666666666670000
       0.70750000               1.9789621857554582              1.0000000000000007              0.5999999999998784              0.8999999999993675              1.6666666666670000              1.6666666666670000
       0.71250000               1.9907817994182262              1.0000000000000002              0.5999999999998791              0.8999999999993685              1.6666666666670000              1.6666666666670000
       0.71750000               1.9977485732975730              1.0000000000000004              0.5999999999998790              0.8999999999993684              1.6666666666670000              1.6666666666670000
       0.72250000               1.9997511946190811              1.0000000000000002              0.5999999999998793              0.8999999999993689              1.6666666666670000              1.6666666666670000
       0.72750000               1.9967552112629114              1.0000000000000002              0.5999999999998795              0.8999999999993693              1.6666666666670000              1.6666666666670000
       0.73250000               1.9888092257917200              1.0000000000000007              0.5999999999998790              0.8999999999993683              1.6666666666670000              1.6666666666670000
       0.73750000               1.9760383051259003              1.0000000000000000              0.5999999999998794              0.8999999999993692              1.6666666666670000              1.6666666666670000
       0.74250000               1.9586358254329090              0.9999999999999997              0.5999999999998803              0.8999999999993703              1.6666666666670000              1.6666666666670000
       0.74750000               1.9368577187083043              0.9999999999999991              0.5999999999998809              0.8999999999993712              1.6666666666670000              1.6666666666670000
       0.75250000               1.9110170770428785              0.9999999999999992              0.5999999999998807              0.8999999999993712              1.6666666666670000              1.6666666666670000
       0.75750000               1.8814778543127433              0.9999999999999992              0.5999999999998813              0.8999999999993720              1.6666666666670000              1.6666666666670000
       0.76250000               1.8486473074540228              0.9999999999999993              0.5999999999998814              0.8999999999993721              1.6666666666670000              1.6666666666670000
       0.76750000               1.8129672306043099              0.9999999999999984              0.5999999999998815              0.8999999999993723              1.6666666666670000              1.6666666666670000
       0.77250000               1.7749042811490243              0.9999999999999991              0.5999999999998806              0.8999999999993707              1.6666666666670000              1.6666666666670000
       0.77750000               1.7349398142745138              0.9999999999999989              0.5999999999998814              0.8999999999993721              1.6666666666670000              1.6666666666670000
       0.78250000               1.6935596720069781              0.9999999999999994              0.5999999999998794              0.8999999999993691              1.6666666666670000              1.6666666666670000
       0.78750000               1.6512443382697797              1.0000000000000002              0.5999999999998792              0.8999999999993689              1.6666666666670000              1.6666666666670000
       0.79250000               1.6084597985731546              1.0000000000000016              0.5999999999998770              0.8999999999993654              1.6666666666670000              1.6666666666670000
       0.79750000               1.5656493564235956              1.0000000000000004              0.5999999999998787              0.8999999999993680              1.6666666666670000              1.6666666666670000
       0.80250000               1.5232265768464628              1.0000000000000004              0.5999999999998784              0.8999999999993675              1.6666666666670000              1.6666666666670000
       0.80750000               1.4815694604749718              1.0000000000000022              0.5999999999998770              0.8999999999993654              1.6666666666670000              1.6666666666670000
       0.81250000               1.4410159008976127              1.0000000000000016              0.5999999999998779              0.8999999999993668              1.6666666666670000              1.6666666666670000
       0.81750000               1.4018604392421474              1.0000000000000009              0.5999999999998780              0.8999999999993669              1.6666666666670000              1.6666666666670000
       0.82250000               1.3643522973844033              1.0000000000000007              0.5999999999998787              0.8999999999993681              1.6666666666670000              1.6666666666670000
       0.82750000               1.3286946401595370              0.9999999999999993              0.5999999999998799              0.8999999999993699              1.6666666666670000              1.6666666666670000
       0.83250000               1.2950449859130013              0.9999999999999981              0.5999999999998811              0.8999999999993715              1.6666666666670000              1.6666666666670000
       0.83750000               1.2635166548505012              0.9999999999999973              0.5999999999998819              0.8999999999993726              1.6666666666670000              1.6666666666670000
       0.84250000               1.2341811186815443              0.9999999999999974              0.5999999999998821              0.8999999999993730              1.6666666666670000              1.6666666666670000
       0.84750000               1.2070710957909583              0.9999999999999992              0.5999999999998799              0.8999999999993697              1.6666666666670000              1.6666666666670000
       0.85250000               1.1821842253408166              0.9999999999999991              0.5999999999998796              0.8999999999993694              1.6666666666670000              1.6666666666670000
       0.85750000               1.1594871515599872              0.9999999999999979              0.5999999999998806              0.8999999999993710              1.6666666666670000              1.6666666666670000
       0.86250000               1.1389198550462953              0.9999999999999972              0.5999999999998815              0.8999999999993723              1.6666666666670000              1.6666666666670000
       0.86750000               1.1204000795408708              0.9999999999999994              0.5999999999998795              0.8999999999993693              1.6666666666670000              1.6666666666670000
       0.87250000               1.1038277185759175              0.9999999999999972              0.5999999999998807              0.8999999999993712              1.6666666666670000              1.6666666666670000
       0.87750000               1.0890890451223765              1.0000000000000009              0.5999999999998785              0.8999999999993676              1.6666666666670000              1.6666666666670000
       0.88250000               1.0760606876848395              0.9999999999999996              0.5999999999998785              0.8999999999993678              1.6666666666670000              1.6666666666670000
       0.88750000               1.0646132772819337              1.0000000000000009              0.5999999999998781              0.8999999999993671              1.6666666666670000              1.6666666666670000
       0.89250000               1.0546147106273571              1.0000000000000020              0.5999999999998770              0.8999999999993655              1.6666666666670000              1.6666666666670000
       0.89750000               1.0459329948640479              0.9999999999999983              0.5999999999998805              0.8999999999993707              1.6666666666670000              1.6666666666670000
       0.90250000               1.0384386577303844              0.9999999999999996              0.5999999999998793              0.8999999999993690              1.6666666666670000              1.6666666666670000
       0.90750000               1.0320067234792856              0.9999999999999989              0.5999999999998801              0.8999999999993701              1.6666666666670000              1.6666666666670000
       0.91250000               1.0265182688113244              0.9999999999999980              0.5999999999998809              0.8999999999993712              1.6666666666670000              1.6666666666670000
       0.91750000               1.0218615842945502              0.9999999999999970              0.5999999999998819              0.8999999999993727              1.6666666666670000              1.6666666666670000
       0.92250000               1.0179329751847634              0.9999999999999989              0.5999999999998801              0.8999999999993701              1.6666666666670000              1.6666666666670000
       0.92750000               1.0146372413439493              0.9999999999999996              0.5999999999998796              0.8999999999993695              1.6666666666670000              1.6666666666670000
       0.93250000               1.0118878793043773              0.9999999999999950              0.5999999999998842              0.8999999999993763              1.6666666666670000              1.6666666666670000
       0.93750000               1.0096070507341341              0.9999999999999964              0.5999999999998832              0.8999999999993746              1.6666666666670000              1.6666666666670000
       0.94250000               1.0077253609571917              0.9999999999999978              0.5999999999998817              0.8999999999993725              1.6666666666670000              1.6666666666670000
       0.94750000               1.0061814891151701              0.9999999999999991              0.5999999999998803              0.8999999999993705              1.6666666666670000              1.6666666666670000
       0.95250000               1.0049217083779431              0.9999999999999953              0.5999999999998840              0.8999999999993759              1.6666666666670000              1.6666666666670000
       0.95750000               1.0038993306512531              1.0000000000000007              0.5999999999998785              0.8999999999993678              1.6666666666670000              1.6666666666670000
       0.96250000               1.0030741058018053              0.9999999999999980              0.5999999999998814              0.8999999999993722              1.6666666666670000              1.6666666666670000
       0.96750000               1.0024116007953825              0.9999999999999971              0.5999999999998819              0.8999999999993727              1.6666666666670000              1.6666666666670000
       0.97250000               1.0018825795499242              0.9999999999999989              0.5999999999998809              0.8999999999993713              1.6666666666670000              1.6666666666670000
       0.97750000               1.0014623999212076              0.9999999999999971              0.5999999999998823              0.8999999999993734              1.6666666666670000              1.6666666666670000
       0.98250000               1.0011304401972181              0.9999999999999980              0.5999999999998812              0.8999999999993717              1.6666666666670000              1.6666666666670000
       0.98750000               1.0008695638663287              0.9999999999999991              0.5999999999998803              0.8999999999993703              1.6666666666670000              1.6666666666670000
       0.99250000               1.0006656282947466              0.9999999999999996              0.5999999999998799              0.8999999999993697              1.6666666666670000              1.6666666666670000
       0.99750000               1.0005070403188006              1.0000000000000016              0.5999999999998775              0.8999999999993662              1.6666666666670000              1.6666666666670000
