       0.00250000               1.0020538088764046              0.0028914871440514              1.0037511930249114              1.5056267895366140              1.6666666666670000              1.6666666666670000
       0.00750000               1.0024021512926635              0.0033420637301107              1.0043348898042384              1.5065023347056041              1.6666666666670000              1.6666666666670000
       0.01250000               1.0027835097673532              0.0038348666130996              1.0049733487400025              1.5074600231092501              1.6666666666670000              1.6666666666670000
       0.01750000               1.0031979415407997              0.0043697658390237              1.0056663566479904              1.5084995349712313              1.6666666666670000              1.6666666666670000
       0.02250000               1.0036443065999707              0.0049463565940602              1.0064131119284452              1.5096196678919129              1.6666666666670000              1.6666666666670000
       0.02750000               1.0041214263575551              0.0055640856615508              1.0072121993052574              1.5108182989571306              1.6666666666670000              1.6666666666670000
       0.03250000               1.0046305958090334              0.0062214923776054              1.0080627272040843              1.5120940908053704              1.6666666666670000              1.6666666666670000
       0.03750000               1.0051695252175383              0.0069166944161321              1.0089638458797372              1.5134457688188490              1.6666666666670000              1.6666666666670000
       0.04250000               1.0057372727719367              0.0076472890117138              1.0099150119542282              1.5148725179305846              1.6666666666670000              1.6666666666670000
       0.04750000               1.0063347198733190              0.0084114924826057              1.0109146356457188              1.5163719534678199              1.6666666666670000              1.6666666666670000
       0.05250000               1.0069582457584625              0.0092094013636221              1.0119585345140563              1.5179378017703256              1.6666666666670000              1.6666666666670000
       0.05750000               1.0076057077262899              0.0100401066377083              1.0130437746703027              1.5195656620046940              1.6666666666670000              1.6666666666670000
       0.06250000               1.0082765486406393              0.0109019856020547              1.0141683659411564              1.5212525489109738              1.6666666666670000              1.6666666666670000
       0.06750000               1.0089696722909607              0.0117931453251694              1.0153307412342898              1.5229961118506730              1.6666666666670000              1.6666666666670000
       0.07250000               1.0096831181057204              0.0127117154199853              1.0165294139828398              1.5247941209734972              1.6666666666670000              1.6666666666670000
       0.07750000               1.0104175502577823              0.0136556527814656              1.0177632652645732              1.5266448978960963              1.6666666666670000              1.6666666666670000
       0.08250000               1.0111719899970935              0.0146235107380099              1.0190305566462410              1.5285458349685970              1.6666666666670000              1.6666666666670000
       0.08750000               1.0119444360436094              0.0156142051274334              1.0203292436930034              1.5304938655387397              1.6666666666670000              1.6666666666670000
       0.09250000               1.0127347646648239              0.0166265422826549              1.0216575990399688              1.5324863985591868              1.6666666666670000              1.6666666666670000
       0.09750000               1.0135425123251569              0.0176592358099266              1.0230141964472463              1.5345212946701021              1.6666666666670000              1.6666666666670000
       0.10250000               1.0143646578935861              0.0187106539910448              1.0243982353800385              1.5365973530692894              1.6666666666670000              1.6666666666670000
       0.10750000               1.0152026955544364              0.0197790544096963              1.0258092354978645              1.5387138532460276              1.6666666666670000              1.6666666666670000
       0.11250000               1.0160560215806995              0.0208644390639128              1.0272445853935743              1.5408668780895909              1.6666666666670000              1.6666666666670000
       0.11750000               1.0169207445106618              0.0219669020929072              1.0287017002554468              1.5430525503823989              1.6666666666670000              1.6666666666670000
       0.12250000               1.0177957525016694              0.0230864726577678              1.0301782201244876              1.5452673301859585              1.6666666666670000              1.6666666666670000
       0.12750000               1.0186826503028050              0.0242219235463833              1.0316735849794945              1.5475103774684678              1.6666666666670000              1.6666666666670000
       0.13250000               1.0195805283372879              0.0253706240945988              1.0331892275631473              1.5497838413439460              1.6666666666670000              1.6666666666670000
       0.13750000               1.0204903122299960              0.0265298494465159              1.0347268421558835              1.5520902632330491              1.6666666666670000              1.6666666666670000
       0.14250000               1.0214114120765150              0.0277000325372512              1.0362840558006361              1.5544260837001767              1.6666666666670000              1.6666666666670000
       0.14750000               1.0223422402899558              0.0288815870573008              1.0378586233816101              1.5567879350716365              1.6666666666670000              1.6666666666670000
       0.15250000               1.0232804161282565              0.0300746777766735              1.0394487195949913              1.5591730793917074              1.6666666666670000              1.6666666666670000
       0.15750000               1.0242275307637809              0.0312789229568142              1.0410533372902142              1.5615800059345404              1.6666666666670000              1.6666666666670000
       0.16250000               1.0251827791554469              0.0324933874492597              1.0426722940080528              1.5640084410112969              1.6666666666670000              1.6666666666670000
       0.16750000               1.0261455138979541              0.0337167029926280              1.0443060670927058              1.5664591006382753              1.6666666666670000              1.6666666666670000
       0.17250000               1.0271167439468212              0.0349488555703905              1.0459534024592587              1.5689301036881038              1.6666666666670000              1.6666666666670000
       0.17750000               1.0280954913670788              0.0361896656446990              1.0476133350628853              1.5714200025935423              1.6666666666670000              1.6666666666670000
       0.18250000               1.0290791249563884              0.0374387972502761              1.0492851678258952              1.5739277517380559              1.6666666666670000              1.6666666666670000
       0.18750000               1.0300695768614079              0.0386956736016792              1.0509685837988278              1.5764528756974534              1.6666666666670000              1.6666666666670000
       0.19250000               1.0310686142554975              0.0399593494357633              1.0526638247129909              1.5789957370686969              1.6666666666670000              1.6666666666670000
       0.19750000               1.0320730533446711              0.0412281972123798              1.0543720989827772              1.5815581484733747              1.6666666666670000              1.6666666666670000
       0.20250000               1.0330842974952190              0.0425009814776746              1.0560941436179727              1.5841412154261669              1.6666666666670000              1.6666666666670000
       0.20750000               1.0341015798802924              0.0437795917204038              1.0578265249771444              1.5867397874649232              1.6666666666670000              1.6666666666670000
       0.21250000               1.0351218764767915              0.0450652612986927              1.0595667194565879              1.5893500791840873              1.6666666666670000              1.6666666666670000
       0.21750000               1.0361438541246080              0.0463579994965915              1.0613138801858870              1.5919708202780345              1.6666666666670000              1.6666666666670000
       0.22250000               1.0371714528938811              0.0476568647106799              1.0630684854975641              1.5946027282455486              1.6666666666670000              1.6666666666670000
       0.22750000               1.0382028479366257              0.0489603461203687              1.0648318226305435              1.5972477339450164              1.6666666666670000              1.6666666666670000
       0.23250000               1.0392385852060422              0.0502668322425231              1.0666053497882171              1.5999080246815256              1.6666666666670000              1.6666666666670000
       0.23750000               1.0402807737642168              0.0515767301248072              1.0683878173230912              1.6025817259838355              1.6666666666670000              1.6666666666670000
       0.24250000               1.0413261382716417              0.0528903875633894              1.0701780756531434              1.6052671134789123              1.6666666666670000              1.6666666666670000
       0.24750000               1.0423736596986175              0.0542078716043677              1.0719753661190694              1.6079630491777999              1.6666666666670000              1.6666666666670000
       0.25250000               1.0434265114854917              0.0555289906176413              1.0737793108802063              1.6106689663195037              1.6666666666670000              1.6666666666670000
       0.25750000               1.0444826644791063              0.0568531884923968              1.0755900407977106              1.6133850611957590              1.6666666666670000              1.6666666666670000
       0.26250000               1.0455414974993491              0.0581788888744602              1.0774091072417331              1.6161136608617914              1.6666666666670000              1.6666666666670000
       0.26750000               1.0466050430887770              0.0595066698245448              1.0792351216985272              1.6188526825469813              1.6666666666670000              1.6666666666670000
       0.27250000               1.0476731325595070              0.0608379799380194              1.0810655182244486              1.6215982773358621              1.6666666666670000              1.6666666666670000
       0.27750000               1.0487379818412481              0.0621743818972055              1.0828975594294812              1.6243463391434096              1.6666666666670000              1.6666666666670000
       0.28250000               1.0498047379541975              0.0635148067815616              1.0847321185413170              1.6270981778111617              1.6666666666670000              1.6666666666670000
       0.28750000               1.0508747262019897              0.0648559769525395              1.0865731577302975              1.6298597365946312              1.6666666666670000              1.6666666666670000
       0.29250000               1.0519471492257240              0.0661944049012832              1.0884249201578819              1.6326373802360066              1.6666666666670000              1.6666666666670000
       0.29750000               1.0530232424584349              0.0675325176976430              1.0902835392679657              1.6354253089011306              1.6666666666670000              1.6666666666670000
       0.30250000               1.0541033218261595              0.0688719760341618              1.0921461504466838              1.6382192256692067              1.6666666666670000              1.6666666666670000
       0.30750000               1.0551802651766413              0.0702148242760382              1.0940093746291939              1.6410140619429703              1.6666666666670000              1.6666666666670000
       0.31250000               1.0562578403160385              0.0715598697015000              1.0958742908365553              1.6438114362540108              1.6666666666670000              1.6666666666670000
       0.31750000               1.0573387764704016              0.0729061765885339              1.0977415939415207              1.6466123909114576              1.6666666666670000              1.6666666666670000
       0.32250000               1.0584183542964058              0.0742522741871409              1.0996128532714695              1.6494192799063794              1.6666666666670000              1.6666666666670000
       0.32750000               1.0594991193896499              0.0755981699926754              1.1014873060832606              1.6522309591240647              1.6666666666670000              1.6666666666670000
       0.33250000               1.0605841145131789              0.0769442801425239              1.1033640352930956              1.6550460529388160              1.6666666666670000              1.6666666666670000
       0.33750000               1.0616674644780637              0.0782905753180804              1.1052422399580704              1.6578633599362764              1.6666666666670000              1.6666666666670000
       0.34250000               1.0627489205265439              0.0796369246241436              1.1071217164526224              1.6606825746781033              1.6666666666670000              1.6666666666670000
       0.34750000               1.0638342439135544              0.0809824570416494              1.1090030248142304              1.6635045372205137              1.6666666666670000              1.6666666666670000
       0.35250000               1.0649203420757922              0.0823249713670097              1.1108883509541174              1.6663325264303430              1.6666666666670000              1.6666666666670000
       0.35750000               1.0660064051546367              0.0836620358722480              1.1127808530709633              1.6691712796056104              1.6666666666670000              1.6666666666670000
       0.36250000               1.0670965828986871              0.0849972402705124              1.1146734946520258              1.6720102419772025              1.6666666666670000              1.6666666666670000
       0.36750000               1.0681806342326372              0.0863359517936870              1.1165593052392737              1.6748389578580734              1.6666666666670000              1.6666666666670000
       0.37250000               1.0692545765852639              0.0876762197986935              1.1184385444633445              1.6776578166941776              1.6666666666670000              1.6666666666670000
       0.37750000               1.0703356946628670              0.0890158485574630              1.1203190982657465              1.6804786473977795              1.6666666666670000              1.6666666666670000
       0.38250000               1.0714170917540251              0.0903525566743070              1.1222041954089779              1.6833062931126250              1.6666666666670000              1.6666666666670000
       0.38750000               1.0724920897382999              0.0916856920790057              1.1240920207417422              1.6861380311117702              1.6666666666670000              1.6666666666670000
       0.39250000               1.0735732855348610              0.0930111521386561              1.1259760871856508              1.6889641307776313              1.6666666666670000              1.6666666666670000
       0.39750000               1.0746453895847359              0.0943209940197383              1.1278471880075860              1.6917707820105332              1.6666666666670000              1.6666666666670000
       0.40250000               1.0756910987765069              0.0956110435519455              1.1296876280169770              1.6945314420246180              1.6666666666670000              1.6666666666670000
       0.40750000               1.0767141886509846              0.0968819034435390              1.1314768311257895              1.6972152466878354              1.6666666666670000              1.6666666666670000
       0.41250000               1.0778135641447024              0.0982402799082244              1.1333934735816766              1.7000902103716649              1.6666666666670000              1.6666666666670000
       0.41750000               1.0791463644520729              0.0998386337735820              1.1357380901111525              1.7036071351658766              1.6666666666670000              1.6666666666670000
       0.42250000               1.0806599556495056              0.1016855488810762              1.1383961998475380              1.7075942997704534              1.6666666666670000              1.6666666666670000
       0.42750000               1.0818906810781179              0.1032307561549477              1.1405491317410943              1.7108236976107858              1.6666666666670000              1.6666666666670000
       0.43250000               1.0821948723920636              0.1036250662534701              1.1410962621262355              1.7116443931884975              1.6666666666670000              1.6666666666670000
       0.43750000               1.0806322876056815              0.1016324902915178              1.1383586323665873              1.7075379485490272              1.6666666666670000              1.6666666666670000
       0.44250000               1.0734942572348714              0.0930046075904674              1.1258388054424917              1.6887582081628931              1.6666666666670000              1.6666666666670000
       0.44750000               1.0571090393626792              0.0725865811455169              1.0973310918940942              1.6459966378403181              1.6666666666670000              1.6666666666670000
       0.45250000               1.0287782167047346              0.0368684513664835              1.0486676487303210              1.5730014730946951              1.6666666666670000              1.6666666666670000
       0.45750000               1.0079738060084640              0.0104044663890591              1.0135206721542589              1.5202810082306280              1.6666666666670000              1.6666666666670000
       0.46250000               1.0019267519003088              0.0026367988862698              1.0034177715008517              1.5051266572505249              1.6666666666670000              1.6666666666670000
       0.46750000               1.0004592009074813              0.0007463081673618              1.0009701685743506              1.5014552528607750              1.6666666666670000              1.6666666666670000
       0.47250000               1.0000508650778475              0.0002222696773585              1.0002917323885707              1.5004375985821057              1.6666666666670000              1.6666666666670000
       0.47750000               0.9999359575252760              0.0000756009740222              1.0001018086903259              1.5001527130347387              1.6666666666670000              1.6666666666670000
       0.48250000               0.9999018278164136              0.0000317525304976              1.0000462817441242              1.5000694226154361              1.6666666666670000              1.6666666666670000
       0.48750000               0.9998895058534711              0.0000162349197130              1.0000282509464919              1.5000423764189876              1.6666666666670000              1.6666666666670000
       0.49250000               0.9998838381762111              0.0000091633199781              1.0000212566321209              1.5000318849474312              1.6666666666670000              1.6666666666670000
       0.49750000               0.9998801431164095              0.0000051772819606              1.0000175540736835              1.5000263311097750              1.6666666666670000              1.6666666666670000
       0.50250000               0.9998765955700573              0.0000026739100321              1.0000146483050851              1.5000219724568775              1.6666666666670000              1.6666666666670000
       0.50750000               0.9998736112254786              0.0000009672586845              1.0000119709071118              1.5000179563599179              1.6666666666670000              1.6666666666670000
       0.51250000               0.9998708971476239             -0.0000001241211989              1.0000095621780702              1.5000143432663553              1.6666666666670000              1.6666666666670000
       0.51750000               0.9998679085935330             -0.0000007023087822              1.0000075894295386              1.5000113841435578              1.6666666666670000              1.6666666666670000
       0.52250000               0.9998656110207207             -0.0000009861592748              1.0000060980506884              1.5000091470752825              1.6666666666670000              1.6666666666670000
       0.52750000               0.9998640108192871             -0.0000012198212943              1.0000050622635714              1.5000075933946069              1.6666666666670000              1.6666666666670000
       0.53250000               0.9998621884666183             -0.0000015818632541              1.0000045215367253              1.5000067823043377              1.6666666666670000              1.6666666666670000
       0.53750000               0.9998606108515505             -0.0000021918625031              1.0000045646240860              1.5000068469353791              1.6666666666670000              1.6666666666670000
       0.54250000               0.9998601225600163             -0.0000029588123566              1.0000050322907867              1.5000075484354300              1.6666666666670000              1.6666666666670000
       0.54750000               0.9998600578078731             -0.0000037106683773              1.0000056423783883              1.5000084635668323              1.6666666666670000              1.6666666666670000
       0.55250000               0.9998595741109235             -0.0000042312222012              1.0000060594039051              1.5000090891051077              1.6666666666670000              1.6666666666670000
       0.55750000               0.9998580656453299             -0.0000042619496970              1.0000059157049990              1.5000088735567483              1.6666666666670000              1.6666666666670000
       0.56250000               0.9998556635605472             -0.0000039434013405              1.0000053746599182              1.5000080619891272              1.6666666666670000              1.6666666666670000
       0.56750000               0.9998535005959777             -0.0000034880230927              1.0000046971892547              1.5000070457831318              1.6666666666670000              1.6666666666670000
       0.57250000               0.9998520724475560             -0.0000031458400918              1.0000041939895203              1.5000062909835306              1.6666666666670000              1.6666666666670000
       0.57750000               0.9998507660804432             -0.0000031140393407              1.0000041104221951              1.5000061656325425              1.6666666666670000              1.6666666666670000
       0.58250000               0.9998492871748569             -0.0000033025621904              1.0000043244041215              1.5000064866054321              1.6666666666670000              1.6666666666670000
       0.58750000               0.9998484565496897             -0.0000036160397200              1.0000047090571773              1.5000070635850158              1.6666666666670000              1.6666666666670000
       0.59250000               0.9998477848314289             -0.0000039460985598              1.0000051216604189              1.5000076824898783              1.6666666666670000              1.6666666666670000
       0.59750000               0.9998464537508689             -0.0000041840465370              1.0000054197572852              1.5000081296351775              1.6666666666670000              1.6666666666670000
       0.60250000               0.9998453083534923             -0.0000042517719086              1.0000055010485001              1.5000082515720001              1.6666666666670000              1.6666666666670000
       0.60750000               0.9998442268045622             -0.0000040912171882              1.0000052896413283              1.5000079344612425              1.6666666666670000              1.6666666666670000
       0.61250000               0.9998423346895601             -0.0000036951780615              1.0000047755925408              1.5000071633880609              1.6666666666670000              1.6666666666670000
       0.61750000               0.9998408802924736             -0.0000031079688135              1.0000040156542747              1.5000060234806618              1.6666666666670000              1.6666666666670000
       0.62250000               0.9998400283482968             -0.0000024414306281              1.0000031539173986              1.5000047308753477              1.6666666666670000              1.6666666666670000
       0.62750000               0.9998392757120594             -0.0000018819755874              1.0000024308754987              1.5000036463124979              1.6666666666670000              1.6666666666670000
       0.63250000               0.9998383538771912             -0.0000016468590851              1.0000021268909185              1.5000031903356275              1.6666666666670000              1.6666666666670000
       0.63750000               0.9998380782309132             -0.0000020310180487              1.0000026225604197              1.5000039338398796              1.6666666666670000              1.6666666666670000
       0.64250000               0.9998380486740431             -0.0000028375769952              1.0000036636185001              1.5000054954270001              1.6666666666670000              1.6666666666670000
       0.64750000               0.9998376938943887             -0.0000036028475141              1.0000046514259560              1.5000069771381839              1.6666666666670000              1.6666666666670000
       0.65250000               0.9998370411010148             -0.0000039942178881              1.0000051565835519              1.5000077348745775              1.6666666666670000              1.6666666666670000
       0.65750000               0.9998353962766672             -0.0000039880647157              1.0000051485766923              1.5000077228642883              1.6666666666670000              1.6666666666670000
       0.66250000               0.9998318207092300             -0.0000037370138645              1.0000048244228119              1.5000072366334678              1.6666666666670000              1.6666666666670000
       0.66750000               0.9998280059853527             -0.0000033583818543              1.0000043355722934              1.5000065033576899              1.6666666666670000              1.6666666666670000
       0.67250000               0.9998232418515383             -0.0000029877529904              1.0000038570644683              1.5000057855959523              1.6666666666670000              1.6666666666670000
       0.67750000               0.9998143341141780             -0.0000027292918062              1.0000035233787283              1.5000052850673427              1.6666666666670000              1.6666666666670000
       0.68250000               0.9997922595662215             -0.0000026089400219              1.0000033680120868              1.5000050520173800              1.6666666666670000              1.6666666666670000
       0.68750000               0.9997640081322053             -0.0000026136200065              1.0000033740794221              1.5000050611183831              1.6666666666670000              1.6666666666670000
       0.69250000               0.9997557962396283             -0.0000027581133532              1.0000035606391879              1.5000053409580318              1.6666666666670000              1.6666666666670000
       0.69750000               0.9997630334275751             -0.0000030656053467              1.0000039576157478              1.5000059364228713              1.6666666666670000              1.6666666666670000
       0.70250000               0.9997728329676315             -0.0000034739802711              1.0000044848272602              1.5000067272401403              1.6666666666670000              1.6666666666670000
       0.70750000               0.9997815696474140             -0.0000038398573413              1.0000049571623135              1.5000074357427202              1.6666666666670000              1.6666666666670000
       0.71250000               0.9997948006520532             -0.0000039963897562              1.0000051592450152              1.5000077388667730              1.6666666666670000              1.6666666666670000
       0.71750000               0.9998177476236219             -0.0000037046613276              1.0000047826685812              1.5000071740021217              1.6666666666670000              1.6666666666670000
       0.72250000               0.9998296503901076             -0.0000031528902246              1.0000040704033939              1.5000061056043408              1.6666666666670000              1.6666666666670000
       0.72750000               0.9998325424499243             -0.0000026903149559              1.0000034732880783              1.5000052099313672              1.6666666666670000              1.6666666666670000
       0.73250000               0.9998311094074450             -0.0000026793210630              1.0000034591297946              1.5000051886939416              1.6666666666670000              1.6666666666670000
       0.73750000               0.9998297385365066             -0.0000032202492071              1.0000041574928813              1.5000062362385718              1.6666666666670000              1.6666666666670000
       0.74250000               0.9998296334443731             -0.0000039132040937              1.0000050521881991              1.5000075782815485              1.6666666666670000              1.6666666666670000
       0.74750000               0.9998298182515107             -0.0000044414198708              1.0000057343560638              1.5000086015333456              1.6666666666670000              1.6666666666670000
       0.75250000               0.9998295077126896             -0.0000046334451314              1.0000059827799028              1.5000089741691045              1.6666666666670000              1.6666666666670000
       0.75750000               0.9998279680639789             -0.0000045244659913              1.0000058429742902              1.5000087644606852              1.6666666666670000              1.6666666666670000
       0.76250000               0.9998266075944209             -0.0000041774528870              1.0000053963437241              1.5000080945148360              1.6666666666670000              1.6666666666670000
       0.76750000               0.9998250824354580             -0.0000036337110739              1.0000046963557423              1.5000070445328635              1.6666666666670000              1.6666666666670000
       0.77250000               0.9998233699164303             -0.0000029598401018              1.0000038292849445              1.5000057439266667              1.6666666666670000              1.6666666666670000
       0.77750000               0.9998221881685655             -0.0000022799785930              1.0000029558677646              1.5000044338008971              1.6666666666670000              1.6666666666670000
       0.78250000               0.9998212688323364             -0.0000017755297371              1.0000023109952252              1.5000034664920878              1.6666666666670000              1.6666666666670000
       0.78750000               0.9998199545876478             -0.0000016547960459              1.0000021646160451              1.5000032469233175              1.6666666666670000              1.6666666666670000
       0.79250000               0.9998204572085837             -0.0000023246505805              1.0000030434681817              1.5000045652015224              1.6666666666670000              1.6666666666670000
       0.79750000               0.9998240247319301             -0.0000035237552030              1.0000046123585533              1.5000069185370799              1.6666666666670000              1.6666666666670000
       0.80250000               0.9998276152835563             -0.0000045597090456              1.0000059805410315              1.5000089708107973              1.6666666666670000              1.6666666666670000
       0.80750000               0.9998297990780201             -0.0000047577681515              1.0000062813404968              1.5000094220099953              1.6666666666670000              1.6666666666670000
       0.81250000               0.9998302470890199             -0.0000042586604671              1.0000057025890408              1.5000085538828112              1.6666666666670000              1.6666666666670000
       0.81750000               0.9998282162457232             -0.0000033919356648              1.0000046784305878              1.5000070176451317              1.6666666666670000              1.6666666666670000
       0.82250000               0.9998260409403998             -0.0000025965780356              1.0000037878241328              1.5000056817354492              1.6666666666670000              1.6666666666670000
       0.82750000               0.9998245521140581             -0.0000022182418101              1.0000034941102030              1.5000052411645544              1.6666666666670000              1.6666666666670000
       0.83250000               0.9998226970239850             -0.0000022008183984              1.0000037486187998              1.5000056229274497              1.6666666666670000              1.6666666666670000
       0.83750000               0.9998215912380023             -0.0000023740135228              1.0000043642329453              1.5000065463486678              1.6666666666670000              1.6666666666670000
       0.84250000               0.9998213355392193             -0.0000025902132091              1.0000051951627862              1.5000077927434292              1.6666666666670000              1.6666666666670000
       0.84750000               0.9998210731009042             -0.0000027008896876              1.0000061105647529              1.5000091658463792              1.6666666666670000              1.6666666666670000
       0.85250000               0.9998201454780828             -0.0000026194928888              1.0000070810555575              1.5000106215825859              1.6666666666670000              1.6666666666670000
       0.85750000               0.9998197048453508             -0.0000023072000662              1.0000081672190040              1.5000122508277558              1.6666666666670000              1.6666666666670000
       0.86250000               0.9998194770488685             -0.0000016829582180              1.0000094123485865              1.5000141185221298              1.6666666666670000              1.6666666666670000
       0.86750000               0.9998189671577892             -0.0000005882849643              1.0000108082903569              1.5000162124347853              1.6666666666670000              1.6666666666670000
       0.87250000               0.9998198804078666              0.0000013962442750              1.0000120727987318              1.5000181091973479              1.6666666666670000              1.6666666666670000
       0.87750000               0.9998209167986306              0.0000042847799191              1.0000135273528208              1.5000202910284812              1.6666666666670000              1.6666666666670000
       0.88250000               0.9998217955338445              0.0000077160706096              1.0000160806543210              1.5000241209807315              1.6666666666670000              1.6666666666670000
       0.88750000               0.9998237114701747              0.0000113342326092              1.0000207641157095              1.5000311461728144              1.6666666666670000              1.6666666666670000
       0.89250000               0.9998276067062155              0.0000151949247246              1.0000282402478493              1.5000423603710238              1.6666666666670000              1.6666666666670000
       0.89750000               0.9998326929880419              0.0000204598322211              1.0000379451513206              1.5000569177262308              1.6666666666670000              1.6666666666670000
       0.90250000               0.9998376576320203              0.0000281996934300              1.0000496794740277              1.5000745192102913              1.6666666666670000              1.6666666666670000
       0.90750000               0.9998429974687009              0.0000391513030320              1.0000639748094950              1.5000959622134922              1.6666666666670000              1.6666666666670000
       0.91250000               0.9998478394226936              0.0000538048761296              1.0000820402552151              1.5001230603820723              1.6666666666670000              1.6666666666670000
       0.91750000               0.9998543739454457              0.0000728931480077              1.0001051955461613              1.5001577933184918              1.6666666666670000              1.6666666666670000
       0.92250000               0.9998685267287690              0.0000973438055839              1.0001350003858474              1.5002025005780208              1.6666666666670000              1.6666666666670000
       0.92750000               0.9998903935125286              0.0001283424194658              1.0001732401623082              1.5002598602427124              1.6666666666670000              1.6666666666670000
       0.93250000               0.9999202323998300              0.0001673447539105              1.0002219710479168              1.5003329565711250              1.6666666666670000              1.6666666666670000
       0.93750000               0.9999608418736036              0.0002160355007987              1.0002836208152126              1.5004254312220686              1.6666666666670000              1.6666666666670000
       0.94250000               1.0000118541318632              0.0002763202756675              1.0003610250975670              1.5005415376455999              1.6666666666670000              1.6666666666670000
       0.94750000               1.0000743721632899              0.0003500360109586              1.0004577946374800              1.5006866919554696              1.6666666666670000              1.6666666666670000
       0.95250000               1.0001544022059499              0.0004396009553868              1.0005774304096873              1.5008661456137806              1.6666666666670000              1.6666666666670000
       0.95750000               1.0002458762935500              0.0005487572189651              1.0007222693982389              1.5010834040966077              1.6666666666670000              1.6666666666670000
       0.96250000               1.0003489388547404              0.0006814843746206              1.0008947416265246              1.5013421124390363              1.6666666666670000              1.6666666666670000
       0.96750000               1.0004708477447928              0.0008409335530452              1.0010985571288753              1.5016478356925622              1.6666666666670000              1.6666666666670000
       0.97250000               1.0006147158185157              0.0010293949283101              1.0013385200699167              1.5020077801041238              1.6666666666670000              1.6666666666670000
       0.97750000               1.0007829316331294              0.0012490322097736              1.0016193304060419              1.5024289956083117              1.6666666666670000              1.6666666666670000
       0.98250000               1.0009780503398906              0.0015015934435563              1.0019457058299643              1.5029185587441951              1.6666666666670000              1.6666666666670000
       0.98750000               1.0012019212869974              0.0017897734556578              1.0023203882683633              1.5034805824017932              1.6666666666670000              1.6666666666670000
       0.99250000               1.0014544542236949              0.0021161934904822              1.0027452664584355              1.5041178996869011              1.6666666666670000              1.6666666666670000
       0.99750000               1.0017377783482373              0.0024830246218967              1.0032217209778538              1.5048325814660282              1.6666666666670000              1.6666666666670000
