       0.00250000               0.9999003755482946             -0.0000025406534919              1.0000074949116975              1.5000112423667962              1.6666666666670000              1.6666666666670000
       0.00750000               0.9998984474691922             -0.0000006879118779              1.0000067822447056              1.5000101733663085              1.6666666666670000              1.6666666666670000
       0.01250000               0.9998980947567161              0.0000013523288917              1.0000064540763463              1.5000096811137691              1.6666666666670000              1.6666666666670000
       0.01750000               0.9998987512217282              0.0000034857836393              1.0000068488875109              1.5000102733305161              1.6666666666670000              1.6666666666670000
       0.02250000               0.9998992569022073              0.0000057151541358              1.0000082484361219              1.5000123726534329              1.6666666666670000              1.6666666666670000
       0.02750000               0.9998999516377004              0.0000080624900358              1.0000109972117026              1.5000164958168036              1.6666666666670000              1.6666666666670000
       0.03250000               0.9999022591199083              0.0000102489592077              1.0000159396135639              1.5000239094195960              1.6666666666670000              1.6666666666670000
       0.03750000               0.9999058299205226              0.0000123107044258              1.0000236540285663              1.5000354810420995              1.6666666666670000              1.6666666666670000
       0.04250000               0.9999105301126106              0.0000156083937411              1.0000331847558879              1.5000497771330816              1.6666666666670000              1.6666666666670000
       0.04750000               0.9999165339061349              0.0000217217906310              1.0000435111294164              1.5000652666933745              1.6666666666670000              1.6666666666670000
       0.05250000               0.9999228486115138              0.0000317107588391              1.0000545511040002              1.5000818266552500              1.6666666666670000              1.6666666666670000
       0.05750000               0.9999302799940391              0.0000454619035976              1.0000680622191400              1.5001020933279601              1.6666666666670000              1.6666666666670000
       0.06250000               0.9999417349438927              0.0000627767381452              1.0000863021399848              1.5001294532092271              1.6666666666670000              1.6666666666670000
       0.06750000               0.9999567658922449              0.0000838201565924              1.0001115221413910              1.5001672832113362              1.6666666666670000              1.6666666666670000
       0.07250000               0.9999759117921522              0.0001096901308245              1.0001453093630113              1.5002179640437667              1.6666666666670000              1.6666666666670000
       0.07750000               1.0000029977643268              0.0001421755486515              1.0001889801084893              1.5002834701619838              1.6666666666670000              1.6666666666670000
       0.08250000               1.0000370409776360              0.0001832778866416              1.0002442761450163              1.5003664142167745              1.6666666666670000              1.6666666666670000
       0.08750000               1.0000781508313732              0.0002352950402917              1.0003133274127547              1.5004699911183816              1.6666666666670000              1.6666666666670000
       0.09250000               1.0001299169172078              0.0003006187546438              1.0003989692073068              1.5005984538102097              1.6666666666670000              1.6666666666670000
       0.09750000               1.0001939416095402              0.0003817729397286              1.0005047234503759              1.5007570851748133              1.6666666666670000              1.6666666666670000
       0.10250000               1.0002709599946882              0.0004817006436795              1.0006344232026312              1.5009516348031962              1.6666666666670000              1.6666666666670000
       0.10750000               1.0003645781909347              0.0006038137199032              1.0007920989452548              1.5011881484171314              1.6666666666670000              1.6666666666670000
       0.11250000               1.0004777076737519              0.0007524455569621              1.0009812912526932              1.5014719368782889              1.6666666666670000              1.6666666666670000
       0.11750000               1.0006125242943209              0.0009314414438723              1.0012067119395833              1.5018100679086239              1.6666666666670000              1.6666666666670000
       0.12250000               1.0007728022383886              0.0011432525784836              1.0014752014429849              1.5022128021637262              1.6666666666670000              1.6666666666670000
       0.12750000               1.0009635753284538              0.0013902262367450              1.0017938027404074              1.5026907041098598              1.6666666666670000              1.6666666666670000
       0.13250000               1.0011874935914589              0.0016757175553119              1.0021680330791660              1.5032520496179975              1.6666666666670000              1.6666666666670000
       0.13750000               1.0014461264833239              0.0020050888710338              1.0026002854167957              1.5039004281244415              1.6666666666670000              1.6666666666670000
       0.14250000               1.0017419531123970              0.0023828560733384              1.0030932264404218              1.5046398396598804              1.6666666666670000              1.6666666666670000
       0.14750000               1.0020753819415558              0.0028119565222062              1.0036504881274328              1.5054757321903964              1.6666666666670000              1.6666666666670000
       0.15250000               1.0024491561886300              0.0032943283496466              1.0042757185117850              1.5064135777669243              1.6666666666670000              1.6666666666670000
       0.15750000               1.0028667986117159              0.0038316344056699              1.0049715127862284              1.5074572691785888              1.6666666666670000              1.6666666666670000
       0.16250000               1.0033270510421641              0.0044251589426270              1.0057394833454381              1.5086092250174028              1.6666666666670000              1.6666666666670000
       0.16750000               1.0038293677963712              0.0050758966889826              1.0065801483589409              1.5098702225376563              1.6666666666670000              1.6666666666670000
       0.17250000               1.0043768169492533              0.0057839788667297              1.0074937500447525              1.5112406250663732              1.6666666666670000              1.6666666666670000
       0.17750000               1.0049680963120486              0.0065483824845087              1.0084807508704756              1.5127211263049569              1.6666666666670000              1.6666666666670000
       0.18250000               1.0056021902633601              0.0073673285133431              1.0095414700486383              1.5143122050722000              1.6666666666670000              1.6666666666670000
       0.18750000               1.0062808415046063              0.0082378190332929              1.0106768623377582              1.5160152935058793              1.6666666666670000              1.6666666666670000
       0.19250000               1.0070025019043005              0.0091586329264414              1.0118847999711391              1.5178271999559496              1.6666666666670000              1.6666666666670000
       0.19750000               1.0077625065783395              0.0101305985288309              1.0131598712505341              1.5197398068750412              1.6666666666670000              1.6666666666670000
       0.20250000               1.0085598683608772              0.0111531670773395              1.0144980019655421              1.5217470029475522              1.6666666666670000              1.6666666666670000
       0.20750000               1.0093936484204049              0.0122243208653639              1.0158967284211096              1.5238450926309022              1.6666666666670000              1.6666666666670000
       0.21250000               1.0102617676970356              0.0133414058564071              1.0173542367107566              1.5260313550653721              1.6666666666670000              1.6666666666670000
       0.21750000               1.0111635238687633              0.0145017072171036              1.0188687173704094              1.5283030760548499              1.6666666666670000              1.6666666666670000
       0.22250000               1.0120985709888901              0.0157021086713305              1.0204388982257397              1.5306583473378441              1.6666666666670000              1.6666666666670000
       0.22750000               1.0130639456210890              0.0169401561327741              1.0220627123552712              1.5330940685321401              1.6666666666670000              1.6666666666670000
       0.23250000               1.0140589226279721              0.0182143173038382              1.0237370010371543              1.5356055015549634              1.6666666666670000              1.6666666666670000
       0.23750000               1.0150827508877212              0.0195228185343616              1.0254590794764336              1.5381886192138814              1.6666666666670000              1.6666666666670000
       0.24250000               1.0161317419890947              0.0208636335587841              1.0272267724291726              1.5408401586429885              1.6666666666670000              1.6666666666670000
       0.24750000               1.0172062445356507              0.0222340584310704              1.0290389964370787              1.5435584946548462              1.6666666666670000              1.6666666666670000
       0.25250000               1.0183068784937512              0.0236325866405541              1.0308933012379971              1.5463399518562224              1.6666666666670000              1.6666666666670000
       0.25750000               1.0194288593586172              0.0250589275640195              1.0327858325494541              1.5491787488234066              1.6666666666670000              1.6666666666670000
       0.26250000               1.0205696706327054              0.0265124040531460              1.0347134388515735              1.5520701582765839              1.6666666666670000              1.6666666666670000
       0.26750000               1.0217303092623646              0.0279924086345853              1.0366730779392095              1.5550096169080365              1.6666666666670000              1.6666666666670000
       0.27250000               1.0229079159600247              0.0294963665606082              1.0386645130083745              1.5579967695117827              1.6666666666670000              1.6666666666670000
       0.27750000               1.0241030071578732              0.0310207670392876              1.0406889509861994              1.5610334264785184              1.6666666666670000              1.6666666666670000
       0.28250000               1.0253178703540582              0.0325624255805703              1.0427473674873609              1.5641210512302592              1.6666666666670000              1.6666666666670000
       0.28750000               1.0265498056394586              0.0341219128717366              1.0448359055140468              1.5672538582702864              1.6666666666670000              1.6666666666670000
       0.29250000               1.0277952774963299              0.0356993240305864              1.0469514846283627              1.5704272269417587              1.6666666666670000              1.6666666666670000
       0.29750000               1.0290545685936685              0.0372944740814291              1.0490915394477798              1.5736373091708828              1.6666666666670000              1.6666666666670000
       0.30250000               1.0303269187915420              0.0389064448712027              1.0512546234833429              1.5768819352242258              1.6666666666670000              1.6666666666670000
       0.30750000               1.0316107632455762              0.0405335734987505              1.0534404175214795              1.5801606262814294              1.6666666666670000              1.6666666666670000
       0.31250000               1.0329086283793456              0.0421731106006253              1.0556501962094238              1.5834752943133439              1.6666666666670000              1.6666666666670000
       0.31750000               1.0342177066561546              0.0438258444270658              1.0578805876192110              1.5868208814280231              1.6666666666670000              1.6666666666670000
       0.32250000               1.0355349135304703              0.0454917988990280              1.0601293306234625              1.5901939959343987              1.6666666666670000              1.6666666666670000
       0.32750000               1.0368626612426386              0.0471701766002824              1.0623953655214824              1.5935930482814264              1.6666666666670000              1.6666666666670000
       0.33250000               1.0381999771139132              0.0488594416157884              1.0646787223436072              1.5970180835146124              1.6666666666670000              1.6666666666670000
       0.33750000               1.0395450380156237              0.0505572359986125              1.0669806250913911              1.6004709376362865              1.6666666666670000              1.6666666666670000
       0.34250000               1.0409026374347352              0.0522594839587330              1.0693047275998029              1.6039570913989025              1.6666666666670000              1.6666666666670000
       0.34750000               1.0422717067368752              0.0539683613830287              1.0716462542776071              1.6074693814156069              1.6666666666670000              1.6666666666670000
       0.35250000               1.0436447206515720              0.0556862189861004              1.0740002055636448              1.6110003083446618              1.6666666666670000              1.6666666666670000
       0.35750000               1.0450227698266845              0.0574134204710308              1.0763643174015680              1.6145464761015447              1.6666666666670000              1.6666666666670000
       0.36250000               1.0464064556124191              0.0591486230188307              1.0787386978483811              1.6181080467717623              1.6666666666670000              1.6666666666670000
       0.36750000               1.0477931365475854              0.0608902010714362              1.0811238866317148              1.6216858299467611              1.6666666666670000              1.6666666666670000
       0.37250000               1.0491855387980660              0.0626360608841739              1.0835210907303117              1.6252816360946547              1.6666666666670000              1.6666666666670000
       0.37750000               1.0505846190321668              0.0643855048737663              1.0859296539042256              1.6288944808555239              1.6666666666670000              1.6666666666670000
       0.38250000               1.0519869744504922              0.0661386277433268              1.0883478088982756              1.6325217133465972              1.6666666666670000              1.6666666666670000
       0.38750000               1.0533919797144957              0.0678951252925574              1.0907743649576307              1.6361615474356279              1.6666666666670000              1.6666666666670000
       0.39250000               1.0548019642660027              0.0696542412993287              1.0932087333263496              1.6398130999887044              1.6666666666670000              1.6666666666670000
       0.39750000               1.0562144503639337              0.0714144939104832              1.0956513383582434              1.6434770075365435              1.6666666666670000              1.6666666666670000
       0.40250000               1.0576313722673509              0.0731729608070813              1.0981046156880818              1.6471569235312991              1.6666666666670000              1.6666666666670000
       0.40750000               1.0590531973145743              0.0749312201211957              1.1005646727805114              1.6508470091699416              1.6666666666670000              1.6666666666670000
       0.41250000               1.0604725204501746              0.0766918114370636              1.1030263384565264              1.6545395076839622              1.6666666666670000              1.6666666666670000
       0.41750000               1.0618896567867466              0.0784554154634120              1.1054867560796426              1.6582301341186347              1.6666666666670000              1.6666666666670000
       0.42250000               1.0633084062649540              0.0802202272307850              1.1079467842139892              1.6619201763201528              1.6666666666670000              1.6666666666670000
       0.42750000               1.0647247124206018              0.0819830867937546              1.1104087804039335              1.6656131706050674              1.6666666666670000              1.6666666666670000
       0.43250000               1.0661407408178973              0.0837408901611502              1.1128753300770684              1.6693129951147678              1.6666666666670000              1.6666666666670000
       0.43750000               1.0675609696419166              0.0854934675805584              1.1153446017453497              1.6730169026171882              1.6666666666670000              1.6666666666670000
       0.44250000               1.0689797489544040              0.0872413741775167              1.1178135699240945              1.6767203548853034              1.6666666666670000              1.6666666666670000
       0.44750000               1.0703925226340991              0.0889851079300701              1.1202796807232707              1.6804195210840658              1.6666666666670000              1.6666666666670000
       0.45250000               1.0718029745102924              0.0907243628555603              1.1227400696753687              1.6841101045122107              1.6666666666670000              1.6666666666670000
       0.45750000               1.0732078222644799              0.0924582973715325              1.1251943971834371              1.6877915957743117              1.6666666666670000              1.6666666666670000
       0.46250000               1.0746048487696316              0.0941816713259978              1.1276455953535987              1.6914683930295522              1.6666666666670000              1.6666666666670000
       0.46750000               1.0760054480138341              0.0958938712402880              1.1300931648174792              1.6951397472253713              1.6666666666670000              1.6666666666670000
       0.47250000               1.0773954334189952              0.0976000336796147              1.1325265080589524              1.6987897620875794              1.6666666666670000              1.6666666666670000
       0.47750000               1.0787667566238905              0.0993022140922740              1.1349432994223507              1.7024149491326750              1.6666666666670000              1.6666666666670000
       0.48250000               1.0801414388331418              0.1009948700268731              1.1373496756780843              1.7060245135162735              1.6666666666670000              1.6666666666670000
       0.48750000               1.0815016277697631              0.1026689503844218              1.1397388122702981              1.7096082184045922              1.6666666666670000              1.6666666666670000
       0.49250000               1.0828420394411744              0.1043224446317203              1.1421087283011386              1.7131630924508512              1.6666666666670000              1.6666666666670000
       0.49750000               1.0841733285812081              0.1059402466721747              1.1444421180865010              1.7166631771288932              1.6666666666670000              1.6666666666670000
       0.50250000               1.0854691642003154              0.1075036281404359              1.1467250962732682              1.7200876444090423              1.6666666666670000              1.6666666666670000
       0.50750000               1.0867437379869471              0.1090637377659385              1.1489863148282651              1.7234794722415356              1.6666666666670000              1.6666666666670000
       0.51250000               1.0881739250371454              0.1108279007790072              1.1514988998877183              1.7272483498307138              1.6666666666670000              1.6666666666670000
       0.51750000               1.0898707490239357              0.1129110755480902              1.1544928708401916              1.7317393062594213              1.6666666666670000              1.6666666666670000
       0.52250000               1.0915260298449170              0.1149088882920832              1.1574327893713294              1.7361491840561261              1.6666666666670000              1.6666666666670000
       0.52750000               1.0924110617479148              0.1159875373468988              1.1589930577912595              1.7384895866860199              1.6666666666670000              1.6666666666670000
       0.53250000               1.0917337796262319              0.1152262566639679              1.1577878725930293              1.7366818088886755              1.6666666666670000              1.6666666666670000
       0.53750000               1.0863651266869527              0.1085310419892287              1.1483403205073561              1.7225104807601730              1.6666666666670000              1.6666666666670000
       0.54250000               1.0725167061737293              0.0917675256795371              1.1240102443718780              1.6860153665569741              1.6666666666670000              1.6666666666670000
       0.54750000               1.0427130111496612              0.0543468363637104              1.0723582042481841              1.6085373063714716              1.6666666666670000              1.6666666666670000
       0.55250000               1.0145614987981710              0.0187327510033058              1.0244568440604245              1.5366852660898684              1.6666666666670000              1.6666666666670000
       0.55750000               1.0038174515637772              0.0049770828720086              1.0064447260446916              1.5096670890662824              1.6666666666670000              1.6666666666670000
       0.56250000               1.0013772545787243              0.0018341646594291              1.0023757092689640              1.5035635639026943              1.6666666666670000              1.6666666666670000
       0.56750000               1.0006512106774850              0.0008963515485421              1.0011661190730683              1.5017491786088515              1.6666666666670000              1.6666666666670000
       0.57250000               1.0003957236787657              0.0005660699851286              1.0007401276781718              1.5011101915165070              1.6666666666670000              1.6666666666670000
       0.57750000               1.0002793831785217              0.0004170218873249              1.0005466594054051              1.5008199891073573              1.6666666666670000              1.6666666666670000
       0.58250000               1.0002066020184042              0.0003273917410501              1.0004286384860728              1.5006429577283587              1.6666666666670000              1.6666666666670000
       0.58750000               1.0001498871496526              0.0002587176440438              1.0003369759656666              1.5005054639477498              1.6666666666670000              1.6666666666670000
       0.59250000               1.0001017958003284              0.0002001760256265              1.0002583614123082              1.5003875421177120              1.6666666666670000              1.6666666666670000
       0.59750000               1.0000624655459485              0.0001525888725640              1.0001946714203596              1.5002920071297892              1.6666666666670000              1.6666666666670000
       0.60250000               1.0000321702828747              0.0001165459926806              1.0001475063836509              1.5002212595747260              1.6666666666670000              1.6666666666670000
       0.60750000               1.0000107397396767              0.0000889016056347              1.0001137727259526              1.5001706590881787              1.6666666666670000              1.6666666666670000
       0.61250000               0.9999951445855494              0.0000666105252103              1.0000886560014401              1.5001329840014102              1.6666666666670000              1.6666666666670000
       0.61750000               0.9999822167913057              0.0000485427222510              1.0000692253931973              1.5001038380890459              1.6666666666670000              1.6666666666670000
       0.62250000               0.9999708583573664              0.0000346780211317              1.0000540104511280              1.5000810156759417              1.6666666666670000              1.6666666666670000
       0.62750000               0.9999626739728127              0.0000248769564653              1.0000417679559084              1.5000626519331124              1.6666666666670000              1.6666666666670000
       0.63250000               0.9999563927306978              0.0000182126221405              1.0000317044715785              1.5000475567066176              1.6666666666670000              1.6666666666670000
       0.63750000               0.9999502516187651              0.0000137593745535              1.0000232700867626              1.5000349051293940              1.6666666666670000              1.6666666666670000
       0.64250000               0.9999431471983953              0.0000108316340821              1.0000162618103692              1.5000243927148036              1.6666666666670000              1.6666666666670000
       0.64750000               0.9999371577317231              0.0000088704663381              1.0000107136159242              1.5000160704231362              1.6666666666670000              1.6666666666670000
       0.65250000               0.9999318157004586              0.0000073632938371              1.0000066939283121              1.5000100408917183              1.6666666666670000              1.6666666666670000
       0.65750000               0.9999252595421491              0.0000058142002057              1.0000042970963359              1.5000064456437541              1.6666666666670000              1.6666666666670000
       0.66250000               0.9999127167209605              0.0000037895330435              1.0000036583839711              1.5000054875752065              1.6666666666670000              1.6666666666670000
       0.66750000               0.9998763376575487              0.0000014779158546              1.0000042441427042              1.5000063662133063              1.6666666666670000              1.6666666666670000
       0.67250000               0.9998546146833627             -0.0000006504232442              1.0000052420021039              1.5000078630024059              1.6666666666670000              1.6666666666670000
       0.67750000               0.9998650226898694             -0.0000020579746928              1.0000057951030936              1.5000086926538905              1.6666666666670000              1.6666666666670000
       0.68250000               0.9998738815109015             -0.0000023524352614              1.0000052654513236              1.5000078981762353              1.6666666666670000              1.6666666666670000
       0.68750000               0.9998787817053704             -0.0000019102987594              1.0000040404151229              1.5000060606219341              1.6666666666670000              1.6666666666670000
       0.69250000               0.9998864828443940             -0.0000010809752574              1.0000025011226259              1.5000037516831888              1.6666666666670000              1.6666666666670000
       0.69750000               0.9999032096741440             -0.0000003446304962              1.0000012172767272              1.5000018259143406              1.6666666666670000              1.6666666666670000
       0.70250000               0.9999273924334499             -0.0000001467133418              1.0000007265081470              1.5000010897614704              1.6666666666670000              1.6666666666670000
       0.70750000               0.9999390593447754             -0.0000005121011701              1.0000010329163764              1.5000015493738146              1.6666666666670000              1.6666666666670000
       0.71250000               0.9999320873494962             -0.0000012181759585              1.0000018286990255              1.5000027430477885              1.6666666666670000              1.6666666666670000
       0.71750000               0.9999259386938506             -0.0000020563704791              1.0000028300921824              1.5000042451375237              1.6666666666670000              1.6666666666670000
       0.72250000               0.9999286112710896             -0.0000027983292799              1.0000037320176951              1.5000055980257927              1.6666666666670000              1.6666666666670000
       0.72750000               0.9999326411148277             -0.0000032495792015              1.0000042760752783              1.5000064141121674              1.6666666666670000              1.6666666666670000
       0.73250000               0.9999303774466519             -0.0000032623987572              1.0000042662977608              1.5000063994458914              1.6666666666670000              1.6666666666670000
       0.73750000               0.9999269468921637             -0.0000028055537314              1.0000036586208314              1.5000054879304969              1.6666666666670000              1.6666666666670000
       0.74250000               0.9999257555896082             -0.0000019995552358              1.0000026059883307              1.5000039089817463              1.6666666666670000              1.6666666666670000
       0.74750000               0.9999250713969298             -0.0000010378126713              1.0000013562508634              1.5000020343755451              1.6666666666670000              1.6666666666670000
       0.75250000               0.9999237207782455             -0.0000001860226629              1.0000002511180968              1.5000003766763952              1.6666666666670000              1.6666666666670000
       0.75750000               0.9999214862829817              0.0000002654831440              0.9999996645263829              1.4999994967888244              1.6666666666670000              1.6666666666670000
       0.76250000               0.9999209650747442             -0.0000001453049621              1.0000001923199968              1.5000002884792454              1.6666666666670000              1.6666666666670000
       0.76750000               0.9999217389973583             -0.0000014425985393              1.0000018653916343              1.5000027980867014              1.6666666666670000              1.6666666666670000
       0.77250000               0.9999218334351830             -0.0000029956266089              1.0000038691440973              1.5000058037153960              1.6666666666670000              1.6666666666670000
       0.77750000               0.9999222079961002             -0.0000042016167003              1.0000054252704311              1.5000081379048968              1.6666666666670000              1.6666666666670000
       0.78250000               0.9999243292927767             -0.0000046930964828              1.0000060592770204              1.5000090889147806              1.6666666666670000              1.6666666666670000
       0.78750000               0.9999294155775578             -0.0000045480308250              1.0000058717656821              1.5000088076477731              1.6666666666670000              1.6666666666670000
       0.79250000               0.9999300420695603             -0.0000039463617103              1.0000050949306662              1.5000076423952493              1.6666666666670000              1.6666666666670000
       0.79750000               0.9999264612722342             -0.0000030465250335              1.0000039332281110              1.5000058998414165              1.6666666666670000              1.6666666666670000
       0.80250000               0.9999230262382972             -0.0000020484097293              1.0000026446687806              1.5000039670024210              1.6666666666670000              1.6666666666670000
       0.80750000               0.9999205554934376             -0.0000011836366200              1.0000015282397110              1.5000022923588163              1.6666666666670000              1.6666666666670000
       0.81250000               0.9999184989435390             -0.0000006976924572              1.0000009008392845              1.5000013512581765              1.6666666666670000              1.6666666666670000
       0.81750000               0.9999176970189986             -0.0000009487960961              1.0000012249143906              1.5000018373708359              1.6666666666670000              1.6666666666670000
       0.82250000               0.9999186602118690             -0.0000022765356527              1.0000029388728453              1.5000044083085178              1.6666666666670000              1.6666666666670000
       0.82750000               0.9999199948863970             -0.0000040829119924              1.0000052707542477              1.5000079061306217              1.6666666666670000              1.6666666666670000
       0.83250000               0.9999198245772425             -0.0000055648122213              1.0000071838018751              1.5000107757020624              1.6666666666670000              1.6666666666670000
       0.83750000               0.9999186641701839             -0.0000059320299327              1.0000076578944654              1.5000114868409482              1.6666666666670000              1.6666666666670000
       0.84250000               0.9999167450807777             -0.0000047278328220              1.0000061033948053              1.5000091550914578              1.6666666666670000              1.6666666666670000
       0.84750000               0.9999136520311660             -0.0000027091417130              1.0000034974405332              1.5000052461600497              1.6666666666670000              1.6666666666670000
       0.85250000               0.9999107289407240             -0.0000005987947764              1.0000007731586191              1.5000011597371787              1.6666666666670000              1.6666666666670000
       0.85750000               0.9999094881419145              0.0000009716530993              0.9999987458369706              1.4999981187547058              1.6666666666670000              1.6666666666670000
       0.86250000               0.9999090903318422              0.0000015946472881              0.9999979416049967              1.4999969124067449              1.6666666666670000              1.6666666666670000
       0.86750000               0.9999080542324978              0.0000013138464502              0.9999983041099798              1.4999974561642198              1.6666666666670000              1.6666666666670000
       0.87250000               0.9999066863677988              0.0000003618770523              0.9999995330527027              1.4999992995783040              1.6666666666670000              1.6666666666670000
       0.87750000               0.9999062335791671             -0.0000010116348437              1.0000013061921083              1.5000019592874123              1.6666666666670000              1.6666666666670000
       0.88250000               0.9999056521078175             -0.0000024740210955              1.0000031940947165              1.5000047911413246              1.6666666666670000              1.6666666666670000
       0.88750000               0.9999032680207087             -0.0000036052180668              1.0000046545191514              1.5000069817779771              1.6666666666670000              1.6666666666670000
       0.89250000               0.9998996638505721             -0.0000039360168969              1.0000050817978596              1.5000076226960393              1.6666666666670000              1.6666666666670000
       0.89750000               0.9998946805666619             -0.0000030370580730              1.0000039217395076              1.5000058826085112              1.6666666666670000              1.6666666666670000
       0.90250000               0.9998856765306164             -0.0000014454622550              1.0000018678102365              1.5000028017146043              1.6666666666670000              1.6666666666670000
       0.90750000               0.9998775210485062              0.0000000002231715              1.0000000026046065              1.5000000039061598              1.6666666666670000              1.6666666666670000
       0.91250000               0.9998788681299162              0.0000004760200926              0.9999993899140818              1.4999990848703726              1.6666666666670000              1.6666666666670000
       0.91750000               0.9998858560978212             -0.0000001249297272              1.0000001679128869              1.5000002518685802              1.6666666666670000              1.6666666666670000
       0.92250000               0.9998902215395844             -0.0000013009947469              1.0000016894263606              1.5000025341387908              1.6666666666670000              1.6666666666670000
       0.92750000               0.9998956241455333             -0.0000025855429428              1.0000033526685776              1.5000050290021165              1.6666666666670000              1.6666666666670000
       0.93250000               0.9999026517968977             -0.0000035381796217              1.0000045899809313              1.5000068849706469              1.6666666666670000              1.6666666666670000
       0.93750000               0.9999105628903644             -0.0000039992949408              1.0000051965278995              1.5000077947910990              1.6666666666670000              1.6666666666670000
       0.94250000               0.9999125442613296             -0.0000040729461823              1.0000053083553353              1.5000079625322529              1.6666666666670000              1.6666666666670000
       0.94750000               0.9999110377547787             -0.0000038052714268              1.0000049874788712              1.5000074812175568              1.6666666666670000              1.6666666666670000
       0.95250000               0.9999082844730808             -0.0000031541543217              1.0000041830377711              1.5000062745559066              1.6666666666670000              1.6666666666670000
       0.95750000               0.9999057240866230             -0.0000021603061576              1.0000029525828120              1.5000044288734680              1.6666666666670000              1.6666666666670000
       0.96250000               0.9999042487695561             -0.0000010559073086              1.0000016029171359              1.5000024043749538              1.6666666666670000              1.6666666666670000
       0.96750000               0.9999036697128814             -0.0000002204290711              1.0000006338753333              1.5000009508122503              1.6666666666670000              1.6666666666670000
       0.97250000               0.9999031919707139             -0.0000001138337767              1.0000006531798720              1.5000009797690581              1.6666666666670000              1.6666666666670000
       0.97750000               0.9999013464787619             -0.0000013903039944              1.0000025247155817              1.5000037870726226              1.6666666666670000              1.6666666666670000
       0.98250000               0.9999008452366610             -0.0000032718846515              1.0000052709572180              1.5000079064350769              1.6666666666670000              1.6666666666670000
       0.98750000               0.9999015882372065             -0.0000046210498757              1.0000074601643878              1.5000111902458317              1.6666666666670000              1.6666666666670000
       0.99250000               0.9999019265792559             -0.0000047684762317              1.0000082783876520              1.5000124175807279              1.6666666666670000              1.6666666666670000
       0.99750000               0.9999016006937123             -0.0000039835890489              1.0000081414003570              1.5000122120997854              1.6666666666670000              1.6666666666670000
