       0.00250000               1.0398707771313893              0.9999999999999989              0.5999999999998806              0.8999999999993710              1.6666666666670000              1.6666666666670000
       0.00750000               1.0475918488482596              0.9999999999999996              0.5999999999998807              0.8999999999993710              1.6666666666670000              1.6666666666670000
       0.01250000               1.0565247726788281              0.9999999999999991              0.5999999999998800              0.8999999999993700              1.6666666666670000              1.6666666666670000
       0.01750000               1.0667995162357271              0.9999999999999998              0.5999999999998807              0.8999999999993711              1.6666666666670000              1.6666666666670000
       0.02250000               1.0785481474303693              1.0000000000000002              0.5999999999998793              0.8999999999993689              1.6666666666670000              1.6666666666670000
       0.02750000               1.0919023510678652              0.9999999999999994              0.5999999999998805              0.8999999999993707              1.6666666666670000              1.6666666666670000
       0.03250000               1.1069905126680659              1.0000000000000009              0.5999999999998792              0.8999999999993689              1.6666666666670000              1.6666666666670000
       0.03750000               1.1239343882406576              1.0000000000000009              0.5999999999998789              0.8999999999993683              1.6666666666670000              1.6666666666670000
       0.04250000               1.1428453979755666              1.0000000000000002              0.5999999999998794              0.8999999999993691              1.6666666666670000              1.6666666666670000
       0.04750000               1.1638206018783817              1.0000000000000009              0.5999999999998797              0.8999999999993694              1.6666666666670000              1.6666666666670000
       0.05250000               1.1869384356914170              1.0000000000000011              0.5999999999998794              0.8999999999993692              1.6666666666670000              1.6666666666670000
       0.05750000               1.2122543065928557              1.0000000000000000              0.5999999999998799              0.8999999999993697              1.6666666666670000              1.6666666666670000
       0.06250000               1.2397961698961180              0.9999999999999998              0.5999999999998803              0.8999999999993703              1.6666666666670000              1.6666666666670000
       0.06750000               1.2695602271702024              0.9999999999999997              0.5999999999998809              0.8999999999993713              1.6666666666670000              1.6666666666670000
       0.07250000               1.3015068989723391              1.0000000000000000              0.5999999999998806              0.8999999999993709              1.6666666666670000              1.6666666666670000
       0.07750000               1.3355572318522335              1.0000000000000004              0.5999999999998800              0.8999999999993699              1.6666666666670000              1.6666666666670000
       0.08250000               1.3715899039781319              1.0000000000000000              0.5999999999998797              0.8999999999993696              1.6666666666670000              1.6666666666670000
       0.08750000               1.4094389981991160              1.0000000000000000              0.5999999999998806              0.8999999999993709              1.6666666666670000              1.6666666666670000
       0.09250000               1.4488927076641565              0.9999999999999999              0.5999999999998796              0.8999999999993694              1.6666666666670000              1.6666666666670000
       0.09750000               1.4896931162899372              1.0000000000000002              0.5999999999998799              0.8999999999993696              1.6666666666670000              1.6666666666670000
       0.10250000               1.5315371565595939              1.0000000000000002              0.5999999999998804              0.8999999999993705              1.6666666666670000              1.6666666666670000
       0.10750000               1.5740788103179673              1.0000000000000002              0.5999999999998801              0.8999999999993700              1.6666666666670000              1.6666666666670000
       0.11250000               1.6169326012190934              1.0000000000000004              0.5999999999998794              0.8999999999993691              1.6666666666670000              1.6666666666670000
       0.11750000               1.6596784159960070              1.0000000000000004              0.5999999999998800              0.8999999999993699              1.6666666666670000              1.6666666666670000
       0.12250000               1.7018676445195613              1.0000000000000007              0.5999999999998786              0.8999999999993680              1.6666666666670000              1.6666666666670000
       0.12750000               1.7430305247694373              1.0000000000000000              0.5999999999998803              0.8999999999993704              1.6666666666670000              1.6666666666670000
       0.13250000               1.7826844627809915              1.0000000000000002              0.5999999999998795              0.8999999999993693              1.6666666666670000              1.6666666666670000
       0.13750000               1.8203430585409870              0.9999999999999999              0.5999999999998805              0.8999999999993706              1.6666666666670000              1.6666666666670000
       0.14250000               1.8555256501230553              0.9999999999999996              0.5999999999998803              0.8999999999993704              1.6666666666670000              1.6666666666670000
       0.14750000               1.8877673101239718              0.9999999999999992              0.5999999999998807              0.8999999999993711              1.6666666666670000              1.6666666666670000
       0.15250000               1.9166292213794263              0.9999999999999990              0.5999999999998812              0.8999999999993719              1.6666666666670000              1.6666666666670000
       0.15750000               1.9417091141557330              0.9999999999999996              0.5999999999998800              0.8999999999993699              1.6666666666670000              1.6666666666670000
       0.16250000               1.9626510605580796              0.9999999999999996              0.5999999999998800              0.8999999999993700              1.6666666666670000              1.6666666666670000
       0.16750000               1.9791536901977320              0.9999999999999996              0.5999999999998799              0.8999999999993697              1.6666666666670000              1.6666666666670000
       0.17250000               1.9909761408328293              0.9999999999999999              0.5999999999998799              0.8999999999993697              1.6666666666670000              1.6666666666670000
       0.17750000               1.9979419807364118              1.0000000000000002              0.5999999999998793              0.8999999999993690              1.6666666666670000              1.6666666666670000
       0.18250000               1.9999430091566663              1.0000000000000004              0.5999999999998789              0.8999999999993681              1.6666666666670000              1.6666666666670000
       0.18750000               1.9969461197101566              1.0000000000000007              0.5999999999998780              0.8999999999993670              1.6666666666670000              1.6666666666670000
       0.19250000               1.9889986964445354              1.0000000000000007              0.5999999999998784              0.8999999999993675              1.6666666666670000              1.6666666666670000
       0.19750000               1.9762229850103046              1.0000000000000004              0.5999999999998786              0.8999999999993679              1.6666666666670000              1.6666666666670000
       0.20250000               1.9588095393413534              1.0000000000000004              0.5999999999998786              0.8999999999993680              1.6666666666670000              1.6666666666670000
       0.20750000               1.9370127463459403              1.0000000000000002              0.5999999999998786              0.8999999999993680              1.6666666666670000              1.6666666666670000
       0.21250000               1.9111459698436701              1.0000000000000009              0.5999999999998791              0.8999999999993685              1.6666666666670000              1.6666666666670000
       0.21750000               1.8815750011079144              1.0000000000000002              0.5999999999998792              0.8999999999993686              1.6666666666670000              1.6666666666670000
       0.22250000               1.8487097471701510              0.9999999999999997              0.5999999999998801              0.8999999999993700              1.6666666666670000              1.6666666666670000
       0.22750000               1.8129946441798177              0.9999999999999987              0.5999999999998805              0.8999999999993706              1.6666666666670000              1.6666666666670000
       0.23250000               1.7748984301732427              0.9999999999999991              0.5999999999998812              0.8999999999993719              1.6666666666670000              1.6666666666670000
       0.23750000               1.7349038052691104              0.9999999999999998              0.5999999999998797              0.8999999999993696              1.6666666666670000              1.6666666666670000
       0.24250000               1.6934973376356484              0.9999999999999994              0.5999999999998804              0.8999999999993705              1.6666666666670000              1.6666666666670000
       0.24750000               1.6511598530341762              0.9999999999999998              0.5999999999998799              0.8999999999993699              1.6666666666670000              1.6666666666670000
       0.25250000               1.6083574984143041              1.0000000000000000              0.5999999999998795              0.8999999999993693              1.6666666666670000              1.6666666666670000
       0.25750000               1.5655336638197157              0.9999999999999997              0.5999999999998793              0.8999999999993687              1.6666666666670000              1.6666666666670000
       0.26250000               1.5231019395853194              0.9999999999999997              0.5999999999998795              0.8999999999993692              1.6666666666670000              1.6666666666670000
       0.26750000               1.4814402560078459              0.9999999999999996              0.5999999999998796              0.8999999999993694              1.6666666666670000              1.6666666666670000
       0.27250000               1.4408863025887901              0.9999999999999999              0.5999999999998792              0.8999999999993686              1.6666666666670000              1.6666666666670000
       0.27750000               1.4017342668787280              1.0000000000000002              0.5999999999998792              0.8999999999993686              1.6666666666670000              1.6666666666670000
       0.28250000               1.3642328802639838              1.0000000000000007              0.5999999999998789              0.8999999999993682              1.6666666666670000              1.6666666666670000
       0.28750000               1.3285847141972629              1.0000000000000011              0.5999999999998784              0.8999999999993676              1.6666666666670000              1.6666666666670000
       0.29250000               1.2949466349063372              1.0000000000000004              0.5999999999998793              0.8999999999993690              1.6666666666670000              1.6666666666670000
       0.29750000               1.2634312959655836              1.0000000000000002              0.5999999999998795              0.8999999999993693              1.6666666666670000              1.6666666666670000
       0.30250000               1.2341095257989634              0.9999999999999986              0.5999999999998817              0.8999999999993725              1.6666666666670000              1.6666666666670000
       0.30750000               1.2070134517129343              0.9999999999999989              0.5999999999998809              0.8999999999993712              1.6666666666670000              1.6666666666670000
       0.31250000               1.1821401939703875              1.0000000000000007              0.5999999999998787              0.8999999999993681              1.6666666666670000              1.6666666666670000
       0.31750000               1.1594559626140197              1.0000000000000007              0.5999999999998791              0.8999999999993686              1.6666666666670000              1.6666666666670000
       0.32250000               1.1389003954771610              1.0000000000000009              0.5999999999998787              0.8999999999993682              1.6666666666670000              1.6666666666670000
       0.32750000               1.1203909869777249              0.9999999999999994              0.5999999999998803              0.8999999999993704              1.6666666666670000              1.6666666666670000
       0.33250000               1.1038274726881525              1.0000000000000018              0.5999999999998779              0.8999999999993669              1.6666666666670000              1.6666666666670000
       0.33750000               1.0890960531452956              0.9999999999999978              0.5999999999998826              0.8999999999993739              1.6666666666670000              1.6666666666670000
       0.34250000               1.0760733607781725              0.9999999999999988              0.5999999999998815              0.8999999999993723              1.6666666666670000              1.6666666666670000
       0.34750000               1.0646300951051499              1.0000000000000013              0.5999999999998787              0.8999999999993680              1.6666666666670000              1.6666666666670000
       0.35250000               1.0546342724860278              0.9999999999999983              0.5999999999998811              0.8999999999993716              1.6666666666670000              1.6666666666670000
       0.35750000               1.0459540568464996              0.9999999999999996              0.5999999999998801              0.8999999999993702              1.6666666666670000              1.6666666666670000
       0.36250000               1.0384601562283327              1.0000000000000020              0.5999999999998783              0.8999999999993674              1.6666666666670000              1.6666666666670000
       0.36750000               1.0320277862475811              1.0000000000000007              0.5999999999998794              0.8999999999993691              1.6666666666670000              1.6666666666670000
       0.37250000               1.0265382152334983              1.0000000000000013              0.5999999999998784              0.8999999999993676              1.6666666666670000              1.6666666666670000
       0.37750000               1.0218799168066279              1.0000000000000004              0.5999999999998796              0.8999999999993694              1.6666666666670000              1.6666666666670000
       0.38250000               1.0179493639186046              0.9999999999999998              0.5999999999998800              0.8999999999993699              1.6666666666670000              1.6666666666670000
       0.38750000               1.0146515040279578              1.0000000000000000              0.5999999999998801              0.8999999999993702              1.6666666666670000              1.6666666666670000
       0.39250000               1.0118999583346728              0.9999999999999996              0.5999999999998800              0.8999999999993699              1.6666666666670000              1.6666666666670000
       0.39750000               1.0096169891246169              0.9999999999999980              0.5999999999998819              0.8999999999993727              1.6666666666670000              1.6666666666670000
       0.40250000               1.0077332786119795              1.0000000000000027              0.5999999999998770              0.8999999999993654              1.6666666666670000              1.6666666666670000
       0.40750000               1.0061875605647441              0.9999999999999984              0.5999999999998809              0.8999999999993711              1.6666666666670000              1.6666666666670000
       0.41250000               1.0049261428059713              0.9999999999999996              0.5999999999998807              0.8999999999993711              1.6666666666670000              1.6666666666670000
       0.41750000               1.0039023547375741              1.0000000000000011              0.5999999999998782              0.8999999999993673              1.6666666666670000              1.6666666666670000
       0.42250000               1.0030759496367241              1.0000000000000007              0.5999999999998794              0.8999999999993692              1.6666666666670000              1.6666666666670000
       0.42750000               1.0024124868942055              0.9999999999999998              0.5999999999998803              0.8999999999993704              1.6666666666670000              1.6666666666670000
       0.43250000               1.0018827148188740              0.9999999999999993              0.5999999999998807              0.8999999999993711              1.6666666666670000              1.6666666666670000
       0.43750000               1.0014619702972405              1.0000000000000002              0.5999999999998796              0.8999999999993694              1.6666666666670000              1.6666666666670000
       0.44250000               1.0011296076011023              1.0000000000000000              0.5999999999998793              0.8999999999993690              1.6666666666670000              1.6666666666670000
       0.44750000               1.0008684650654895              1.0000000000000009              0.5999999999998785              0.8999999999993676              1.6666666666670000              1.6666666666670000
       0.45250000               1.0006643752635993              1.0000000000000011              0.5999999999998782              0.8999999999993673              1.6666666666670000              1.6666666666670000
       0.45750000               1.0005057217020332              0.9999999999999984              0.5999999999998821              0.8999999999993731              1.6666666666670000              1.6666666666670000
       0.46250000               1.0003830429410492              1.0000000000000011              0.5999999999998782              0.8999999999993673              1.6666666666670000              1.6666666666670000
       0.46750000               1.0002886833830358              1.0000000000000002              0.5999999999998796              0.8999999999993693              1.6666666666670000              1.6666666666670000
       0.47250000               1.0002164887268976              0.9999999999999993              0.5999999999998794              0.8999999999993691              1.6666666666670000              1.6666666666670000
       0.47750000               1.0001615432074824              1.0000000000000000              0.5999999999998797              0.8999999999993695              1.6666666666670000              1.6666666666670000
       0.48250000               1.0001199451731746              0.9999999999999978              0.5999999999998820              0.8999999999993729              1.6666666666670000              1.6666666666670000
       0.48750000               1.0000886172476602              1.0000000000000020              0.5999999999998782              0.8999999999993672              1.6666666666670000              1.6666666666670000
       0.49250000               1.0000651472211615              1.0000000000000002              0.5999999999998786              0.8999999999993679              1.6666666666670000              1.6666666666670000
       0.49750000               1.0000476558740194              0.9999999999999998              0.5999999999998803              0.8999999999993704              1.6666666666670000              1.6666666666670000
       0.50250000               1.0000346881093514              1.0000000000000020              0.5999999999998781              0.8999999999993670              1.6666666666670000              1.6666666666670000
       0.50750000               1.0000251240240927              0.9999999999999980              0.5999999999998821              0.8999999999993731              1.6666666666670000              1.6666666666670000
       0.51250000               1.0000181068488376              1.0000000000000013              0.5999999999998782              0.8999999999993673              1.6666666666670000              1.6666666666670000
       0.51750000               1.0000129850122441              1.0000000000000004              0.5999999999998795              0.8999999999993693              1.6666666666670000              1.6666666666670000
       0.52250000               1.0000092659159214              0.9999999999999984              0.5999999999998812              0.8999999999993719              1.6666666666670000              1.6666666666670000
       0.52750000               1.0000065793276580              1.0000000000000007              0.5999999999998793              0.8999999999993690              1.6666666666670000              1.6666666666670000
       0.53250000               1.0000046486032423              1.0000000000000016              0.5999999999998782              0.8999999999993673              1.6666666666670000              1.6666666666670000
       0.53750000               1.0000032682244508              0.9999999999999998              0.5999999999998800              0.8999999999993699              1.6666666666670000              1.6666666666670000
       0.54250000               1.0000022863899793              1.0000000000000031              0.5999999999998770              0.8999999999993654              1.6666666666670000              1.6666666666670000
       0.54750000               1.0000015916161518              1.0000000000000007              0.5999999999998792              0.8999999999993689              1.6666666666670000              1.6666666666670000
       0.55250000               1.0000011024944502              1.0000000000000000              0.5999999999998800              0.8999999999993699              1.6666666666670000              1.6666666666670000
       0.55750000               1.0000007599148837              1.0000000000000002              0.5999999999998792              0.8999999999993687              1.6666666666670000              1.6666666666670000
       0.56250000               1.0000005212001677              1.0000000000000002              0.5999999999998800              0.8999999999993699              1.6666666666670000              1.6666666666670000
       0.56750000               1.0000003557098633              0.9999999999999998              0.5999999999998799              0.8999999999993697              1.6666666666670000              1.6666666666670000
       0.57250000               1.0000002415679166              0.9999999999999973              0.5999999999998823              0.8999999999993734              1.6666666666670000              1.6666666666670000
       0.57750000               1.0000001632427464              1.0000000000000000              0.5999999999998799              0.8999999999993697              1.6666666666670000              1.6666666666670000
       0.58250000               1.0000001097689584              1.0000000000000022              0.5999999999998779              0.8999999999993666              1.6666666666670000              1.6666666666670000
       0.58750000               1.0000000734477703              1.0000000000000007              0.5999999999998796              0.8999999999993694              1.6666666666670000              1.6666666666670000
       0.59250000               1.0000000489029601              1.0000000000000022              0.5999999999998774              0.8999999999993661              1.6666666666670000              1.6666666666670000
       0.59750000               1.0000000324002030              1.0000000000000018              0.5999999999998781              0.8999999999993671              1.6666666666670000              1.6666666666670000
       0.60250000               1.0000000213601394              1.0000000000000004              0.5999999999998796              0.8999999999993693              1.6666666666670000              1.6666666666670000
       0.60750000               1.0000000140117877              1.0000000000000007              0.5999999999998785              0.8999999999993678              1.6666666666670000              1.6666666666670000
       0.61250000               1.0000000091460988              0.9999999999999967              0.5999999999998834              0.8999999999993752              1.6666666666670000              1.6666666666670000
       0.61750000               1.0000000059413390              1.0000000000000000              0.5999999999998799              0.8999999999993697              1.6666666666670000              1.6666666666670000
       0.62250000               1.0000000038411614              0.9999999999999982              0.5999999999998812              0.8999999999993716              1.6666666666670000              1.6666666666670000
       0.62750000               1.0000000024709490              0.9999999999999991              0.5999999999998806              0.8999999999993710              1.6666666666670000              1.6666666666670000
       0.63250000               1.0000000015807682              1.0000000000000038              0.5999999999998763              0.8999999999993645              1.6666666666670000              1.6666666666670000
       0.63750000               1.0000000010055463              0.9999999999999949              0.5999999999998852              0.8999999999993777              1.6666666666670000              1.6666666666670000
       0.64250000               1.0000000006366179              1.0000000000000024              0.5999999999998784              0.8999999999993675              1.6666666666670000              1.6666666666670000
       0.64750000               1.0000000004020297              1.0000000000000004              0.5999999999998796              0.8999999999993694              1.6666666666670000              1.6666666666670000
       0.65250000               1.0000000002536529              1.0000000000000013              0.5999999999998791              0.8999999999993685              1.6666666666670000              1.6666666666670000
       0.65750000               1.0000000001595506              0.9999999999999998              0.5999999999998806              0.8999999999993711              1.6666666666670000              1.6666666666670000
       0.66250000               1.0000000000992197              1.0000000000000024              0.5999999999998779              0.8999999999993666              1.6666666666670000              1.6666666666670000
       0.66750000               1.0000000000602565              0.9999999999999989              0.5999999999998817              0.8999999999993725              1.6666666666670000              1.6666666666670000
       0.67250000               1.0000000000356977              0.9999999999999989              0.5999999999998809              0.8999999999993713              1.6666666666670000              1.6666666666670000
       0.67750000               1.0000000000220965              1.0000000000000009              0.5999999999998797              0.8999999999993695              1.6666666666670000              1.6666666666670000
       0.68250000               1.0000000000180833              0.9999999999999989              0.5999999999998807              0.8999999999993711              1.6666666666670000              1.6666666666670000
       0.68750000               1.0000000000233875              1.0000000000000004              0.5999999999998799              0.8999999999993697              1.6666666666670000              1.6666666666670000
       0.69250000               1.0000000000385161              1.0000000000000011              0.5999999999998784              0.8999999999993676              1.6666666666670000              1.6666666666670000
       0.69750000               1.0000000000652336              0.9999999999999978              0.5999999999998820              0.8999999999993729              1.6666666666670000              1.6666666666670000
       0.70250000               1.0000000001075873              0.9999999999999982              0.5999999999998812              0.8999999999993717              1.6666666666670000              1.6666666666670000
       0.70750000               1.0000000001733780              0.9999999999999987              0.5999999999998823              0.8999999999993734              1.6666666666670000              1.6666666666670000
       0.71250000               1.0000000002760894              1.0000000000000016              0.5999999999998790              0.8999999999993684              1.6666666666670000              1.6666666666670000
       0.71750000               1.0000000004375971              0.9999999999999991              0.5999999999998809              0.8999999999993713              1.6666666666670000              1.6666666666670000
       0.72250000               1.0000000006919256              1.0000000000000007              0.5999999999998787              0.8999999999993680              1.6666666666670000              1.6666666666670000
       0.72750000               1.0000000010908949              0.9999999999999984              0.5999999999998811              0.8999999999993715              1.6666666666670000              1.6666666666670000
       0.73250000               1.0000000017127988              1.0000000000000022              0.5999999999998777              0.8999999999993666              1.6666666666670000              1.6666666666670000
       0.73750000               1.0000000026759586              1.0000000000000011              0.5999999999998790              0.8999999999993684              1.6666666666670000              1.6666666666670000
       0.74250000               1.0000000041590775              1.0000000000000007              0.5999999999998792              0.8999999999993686              1.6666666666670000              1.6666666666670000
       0.74750000               1.0000000064311989              1.0000000000000000              0.5999999999998797              0.8999999999993696              1.6666666666670000              1.6666666666670000
       0.75250000               1.0000000098950261              0.9999999999999991              0.5999999999998807              0.8999999999993711              1.6666666666670000              1.6666666666670000
       0.75750000               1.0000000151494870              0.9999999999999989              0.5999999999998815              0.8999999999993722              1.6666666666670000              1.6666666666670000
       0.76250000               1.0000000230800217              1.0000000000000013              0.5999999999998790              0.8999999999993683              1.6666666666670000              1.6666666666670000
       0.76750000               1.0000000349884983              1.0000000000000013              0.5999999999998790              0.8999999999993684              1.6666666666670000              1.6666666666670000
       0.77250000               1.0000000527789303              0.9999999999999984              0.5999999999998820              0.8999999999993727              1.6666666666670000              1.6666666666670000
       0.77750000               1.0000000792211194              0.9999999999999982              0.5999999999998815              0.8999999999993722              1.6666666666670000              1.6666666666670000
       0.78250000               1.0000001183224017              1.0000000000000009              0.5999999999998792              0.8999999999993686              1.6666666666670000              1.6666666666670000
       0.78750000               1.0000001758486146              1.0000000000000016              0.5999999999998787              0.8999999999993681              1.6666666666670000              1.6666666666670000
       0.79250000               1.0000002600499331              1.0000000000000007              0.5999999999998790              0.8999999999993684              1.6666666666670000              1.6666666666670000
       0.79750000               1.0000003826660884              1.0000000000000011              0.5999999999998789              0.8999999999993683              1.6666666666670000              1.6666666666670000
       0.80250000               1.0000005603098427              1.0000000000000009              0.5999999999998791              0.8999999999993685              1.6666666666670000              1.6666666666670000
       0.80750000               1.0000008163590643              1.0000000000000000              0.5999999999998791              0.8999999999993686              1.6666666666670000              1.6666666666670000
       0.81250000               1.0000011835280005              1.0000000000000018              0.5999999999998782              0.8999999999993673              1.6666666666670000              1.6666666666670000
       0.81750000               1.0000017073393315              0.9999999999999998              0.5999999999998801              0.8999999999993701              1.6666666666670000              1.6666666666670000
       0.82250000               1.0000024507824037              1.0000000000000013              0.5999999999998780              0.8999999999993669              1.6666666666670000              1.6666666666670000
       0.82750000               1.0000035005223566              1.0000000000000011              0.5999999999998791              0.8999999999993685              1.6666666666670000              1.6666666666670000
       0.83250000               1.0000049751219022              0.9999999999999989              0.5999999999998814              0.8999999999993721              1.6666666666670000              1.6666666666670000
       0.83750000               1.0000070358557280              1.0000000000000004              0.5999999999998794              0.8999999999993692              1.6666666666670000              1.6666666666670000
       0.84250000               1.0000099008390377              1.0000000000000011              0.5999999999998794              0.8999999999993690              1.6666666666670000              1.6666666666670000
       0.84750000               1.0000138633594167              1.0000000000000013              0.5999999999998793              0.8999999999993690              1.6666666666670000              1.6666666666670000
       0.85250000               1.0000193154973325              1.0000000000000020              0.5999999999998789              0.8999999999993683              1.6666666666670000              1.6666666666670000
       0.85750000               1.0000267783459025              0.9999999999999996              0.5999999999998805              0.8999999999993706              1.6666666666670000              1.6666666666670000
       0.86250000               1.0000369403956180              1.0000000000000002              0.5999999999998803              0.8999999999993704              1.6666666666670000              1.6666666666670000
       0.86750000               1.0000507059326968              0.9999999999999996              0.5999999999998804              0.8999999999993707              1.6666666666670000              1.6666666666670000
       0.87250000               1.0000692556065800              0.9999999999999993              0.5999999999998810              0.8999999999993714              1.6666666666670000              1.6666666666670000
       0.87750000               1.0000941216461672              0.9999999999999984              0.5999999999998814              0.8999999999993720              1.6666666666670000              1.6666666666670000
       0.88250000               1.0001272805347463              0.9999999999999993              0.5999999999998811              0.8999999999993716              1.6666666666670000              1.6666666666670000
       0.88750000               1.0001712662754909              0.9999999999999982              0.5999999999998822              0.8999999999993731              1.6666666666670000              1.6666666666670000
       0.89250000               1.0002293076729050              0.9999999999999993              0.5999999999998802              0.8999999999993702              1.6666666666670000              1.6666666666670000
       0.89750000               1.0003054932948436              1.0000000000000009              0.5999999999998792              0.8999999999993686              1.6666666666670000              1.6666666666670000
       0.90250000               1.0004049679327873              1.0000000000000002              0.5999999999998793              0.8999999999993689              1.6666666666670000              1.6666666666670000
       0.90750000               1.0005341644075392              1.0000000000000000              0.5999999999998802              0.8999999999993702              1.6666666666670000              1.6666666666670000
       0.91250000               1.0007010744295308              0.9999999999999996              0.5999999999998802              0.8999999999993702              1.6666666666670000              1.6666666666670000
       0.91750000               1.0009155618680967              1.0000000000000013              0.5999999999998790              0.8999999999993683              1.6666666666670000              1.6666666666670000
       0.92250000               1.0011897211595484              0.9999999999999991              0.5999999999998804              0.8999999999993705              1.6666666666670000              1.6666666666670000
       0.92750000               1.0015382826361234              1.0000000000000000              0.5999999999998803              0.8999999999993704              1.6666666666670000              1.6666666666670000
       0.93250000               1.0019790652343910              0.9999999999999989              0.5999999999998811              0.8999999999993716              1.6666666666670000              1.6666666666670000
       0.93750000               1.0025334752920541              1.0000000000000007              0.5999999999998799              0.8999999999993696              1.6666666666670000              1.6666666666670000
       0.94250000               1.0032270479273691              1.0000000000000013              0.5999999999998784              0.8999999999993675              1.6666666666670000              1.6666666666670000
       0.94750000               1.0040900247944058              1.0000000000000009              0.5999999999998792              0.8999999999993686              1.6666666666670000              1.6666666666670000
       0.95250000               1.0051579588185788              1.0000000000000007              0.5999999999998794              0.8999999999993691              1.6666666666670000              1.6666666666670000
       0.95750000               1.0064723328578600              0.9999999999999993              0.5999999999998799              0.8999999999993697              1.6666666666670000              1.6666666666670000
       0.96250000               1.0080811751588508              0.9999999999999998              0.5999999999998811              0.8999999999993715              1.6666666666670000              1.6666666666670000
       0.96750000               1.0100396500875872              1.0000000000000004              0.5999999999998793              0.8999999999993689              1.6666666666670000              1.6666666666670000
       0.97250000               1.0124105980575357              0.9999999999999991              0.5999999999998812              0.8999999999993716              1.6666666666670000              1.6666666666670000
       0.97750000               1.0152649940198477              0.9999999999999993              0.5999999999998804              0.8999999999993705              1.6666666666670000              1.6666666666670000
       0.98250000               1.0186822895369450              0.9999999999999993              0.5999999999998809              0.8999999999993712              1.6666666666670000              1.6666666666670000
       0.98750000               1.0227505996256843              0.9999999999999993              0.5999999999998814              0.8999999999993721              1.6666666666670000              1.6666666666670000
       0.99250000               1.0275666925770721              0.9999999999999984              0.5999999999998821              0.8999999999993732              1.6666666666670000              1.6666666666670000
       0.99750000               1.0332357391451434              1.0000000000000011              0.5999999999998793              0.8999999999993690              1.6666666666670000              1.6666666666670000
