       0.00250000               1.0974970517992637              0.1219882996156358              1.1677212211406025              1.7515818317100278              1.6666666666670000              1.6666666666670000
       0.00750000               1.0952089552736064              0.1192067555320157              1.1636665590483117              1.7454998385715947              1.6666666666670000              1.6666666666670000
       0.01250000               1.0919744924694308              0.1152783468192388              1.1579445106543629              1.7369167659806759              1.6666666666670000              1.6666666666670000
       0.01750000               1.0876808355058769              0.1100356591977342              1.1503660451699755              1.7255490677541003              1.6666666666670000              1.6666666666670000
       0.02250000               1.0822356403534332              0.1033946691890546              1.1407837170679522              1.7111755756010727              1.6666666666670000              1.6666666666670000
       0.02750000               1.0756957613847811              0.0953459861647835              1.1293172808054468              1.6939759212073231              1.6666666666670000              1.6666666666670000
       0.03250000               1.0682269890359577              0.0861621712697581              1.1162789024265152              1.6744183536389354              1.6666666666670000              1.6666666666670000
       0.03750000               1.0602406397070796              0.0762559604082675              1.1024039516526776              1.6536059274781894              1.6666666666670000              1.6666666666670000
       0.04250000               1.0521998033466848              0.0662473734163417              1.0885045991971765              1.6327568987949483              1.6666666666670000              1.6666666666670000
       0.04750000               1.0445719636490483              0.0567094468607419              1.0753845488016391              1.6130768232016521              1.6666666666670000              1.6666666666670000
       0.05250000               1.0376914345252948              0.0480538383977129              1.0636046786488351              1.5954070179724549              1.6666666666670000              1.6666666666670000
       0.05750000               1.0316929711785985              0.0404923249878193              1.0533774179195641              1.5800661268785561              1.6666666666670000              1.6666666666670000
       0.06250000               1.0265836112528086              0.0340154263404125              1.0446972791462859              1.5670459187186452              1.6666666666670000              1.6666666666670000
       0.06750000               1.0222646119868122              0.0285330384474574              1.0373822751293587              1.5560734126932598              1.6666666666670000              1.6666666666670000
       0.07250000               1.0186298259234758              0.0239016517372458              1.0312420405145828              1.5468630607711007              1.6666666666670000              1.6666666666670000
       0.07750000               1.0155704230385851              0.0199968113274960              1.0260850988680537              1.5391276483013110              1.6666666666670000              1.6666666666670000
       0.08250000               1.0129963644207389              0.0167068202813828              1.0217542653722222              1.5326313980575670              1.6666666666670000              1.6666666666670000
       0.08750000               1.0108332492393328              0.0139343873475544              1.0181205064287855              1.5271807596424145              1.6666666666670000              1.6666666666670000
       0.09250000               1.0090138858247810              0.0116023322365577              1.0150682156701356              1.5226023235044419              1.6666666666670000              1.6666666666670000
       0.09750000               1.0074860024036782              0.0096398473012131              1.0125077633837423              1.5187616450748538              1.6666666666670000              1.6666666666670000
       0.10250000               1.0062027958370425              0.0079912156148111              1.0103593426892452              1.5155390140331100              1.6666666666670000              1.6666666666670000
       0.10750000               1.0051269348873664              0.0066071736803716              1.0085594788275931              1.5128392182406329              1.6666666666670000              1.6666666666670000
       0.11250000               1.0042258522742291              0.0054477172127654              1.0070529982992924              1.5105794974481832              1.6666666666670000              1.6666666666670000
       0.11750000               1.0034728294868489              0.0044780144606323              1.0057947432258858              1.5086921148380743              1.6666666666670000              1.6666666666670000
       0.12250000               1.0028448060966066              0.0036690743431935              1.0047458355969761              1.5071187533947101              1.6666666666670000              1.6666666666670000
       0.12750000               1.0023224820546557              0.0029958912085765              1.0038737975022325              1.5058106962525959              1.6666666666670000              1.6666666666670000
       0.13250000               1.0018892546372296              0.0024374094801647              1.0031507390180252              1.5047261085262855              1.6666666666670000              1.6666666666670000
       0.13750000               1.0015311014948645              0.0019755253674956              1.0025531371284651              1.5038297056919456              1.6666666666670000              1.6666666666670000
       0.14250000               1.0012359988780313              0.0015948924261606              1.0020608461508083              1.5030912692254605              1.6666666666670000              1.6666666666670000
       0.14750000               1.0009937465732828              0.0012823670183938              1.0016567924617390              1.5024851886918573              1.6666666666670000              1.6666666666670000
       0.15250000               1.0007956434891736              0.0010267754106135              1.0013264238773563              1.5019896358152833              1.6666666666670000              1.6666666666670000
       0.15750000               1.0006343048564503              0.0008186008547700              1.0010573980896975              1.5015860971337955              1.6666666666670000              1.6666666666670000
       0.16250000               1.0005034691363095              0.0006497660595235              1.0008392559232797              1.5012588838841687              1.6666666666670000              1.6666666666670000
       0.16750000               1.0003978411397216              0.0005134356579231              1.0006631564160242              1.5009947346232857              1.6666666666670000              1.6666666666670000
       0.17250000               1.0003129573195417              0.0004038447941950              1.0005216498920011              1.5007824748372511              1.6666666666670000              1.6666666666670000
       0.17750000               1.0002450587976874              0.0003161632916103              1.0004084646588127              1.5006126969874689              1.6666666666670000              1.6666666666670000
       0.18250000               1.0001909972158129              0.0002463559307131              1.0003183489381118              1.5004775234064176              1.6666666666670000              1.6666666666670000
       0.18750000               1.0001481551271536              0.0001910569428256              1.0002469373927330              1.5003704060883494              1.6666666666670000              1.6666666666670000
       0.19250000               1.0001143717337717              0.0001474662739391              1.0001906268149097              1.5002859402216142              1.6666666666670000              1.6666666666670000
       0.19750000               1.0000878676886178              0.0001132722586682              1.0001464504316164              1.5002196756466746              1.6666666666670000              1.6666666666670000
       0.20250000               1.0000671821989289              0.0000865807608279              1.0001119728355596              1.5001679592525894              1.6666666666670000              1.6666666666670000
       0.20750000               1.0000511203404363              0.0000658510546688              1.0000852020168425              1.5001278030245135              1.6666666666670000              1.6666666666670000
       0.21250000               1.0000387114398934              0.0000498352262388              1.0000645198971221              1.5000967798449332              1.6666666666670000              1.6666666666670000
       0.21750000               1.0000291732311337              0.0000375260390202              1.0000486225227712              1.5000729337834067              1.6666666666670000              1.6666666666670000
       0.22250000               1.0000218757704726              0.0000281193032813              1.0000364598808429              1.5000546898205145              1.6666666666670000              1.6666666666670000
       0.22750000               1.0000163106042776              0.0000209820661596              1.0000271844846449              1.5000407767262172              1.6666666666670000              1.6666666666670000
       0.23250000               1.0000120883281527              0.0000155952710426              1.0000201472891672              1.5000302209330010              1.6666666666670000              1.6666666666670000
       0.23750000               1.0000089097603984              0.0000115402312278              1.0000148496359498              1.5000222744531748              1.6666666666670000              1.6666666666670000
       0.24250000               1.0000065340903572              0.0000084974924918              1.0000108901604574              1.5000163352399358              1.6666666666670000              1.6666666666670000
       0.24750000               1.0000047671823611              0.0000062269957424              1.0000079452949480              1.5000119179416720              1.6666666666670000              1.6666666666670000
       0.25250000               1.0000034590902012              0.0000045426128007              1.0000057651236092              1.5000086476846639              1.6666666666670000              1.6666666666670000
       0.25750000               1.0000024952711528              0.0000033001296763              1.0000041587377453              1.5000062381058679              1.6666666666670000              1.6666666666670000
       0.26250000               1.0000017887411801              0.0000023884833340              1.0000029811601228              1.5000044717394343              1.6666666666670000              1.6666666666670000
       0.26750000               1.0000012736530799              0.0000017228866481              1.0000021226411788              1.5000031839610182              1.6666666666670000              1.6666666666670000
       0.27250000               1.0000009006058619              0.0000012387971135              1.0000015008407830              1.5000022512604243              1.6666666666670000              1.6666666666670000
       0.27750000               1.0000006347047858              0.0000008848573452              1.0000010575945288              1.5000015863910432              1.6666666666670000              1.6666666666670000
       0.28250000               1.0000004547895509              0.0000006163776357              1.0000007576268608              1.5000011364395411              1.6666666666670000              1.6666666666670000
       0.28750000               1.0000003333959235              0.0000004153435117              1.0000005551534403              1.5000008327294105              1.6666666666670000              1.6666666666670000
       0.29250000               1.0000002449309364              0.0000002753205003              1.0000004075059947              1.5000006112582422              1.6666666666670000              1.6666666666670000
       0.29750000               1.0000001739546955              0.0000001872683621              1.0000002889350514              1.5000004334018273              1.6666666666670000              1.6666666666670000
       0.30250000               1.0000001167679391              0.0000001348215943              1.0000001932555809              1.5000002898826212              1.6666666666670000              1.6666666666670000
       0.30750000               1.0000000729479208              0.0000001031898016              1.0000001197400843              1.5000001796093763              1.6666666666670000              1.6666666666670000
       0.31250000               1.0000000444446235              0.0000000787961237              1.0000000716124668              1.5000001074179501              1.6666666666670000              1.6666666666670000
       0.31750000               1.0000000320969766              0.0000000526296204              1.0000000502423145              1.5000000753627218              1.6666666666670000              1.6666666666670000
       0.32250000               1.0000000291756272              0.0000000277289137              1.0000000443838009              1.5000000665749513              1.6666666666670000              1.6666666666670000
       0.32750000               1.0000000290551159              0.0000000086463345              1.0000000429642604              1.5000000644456406              1.6666666666670000              1.6666666666670000
       0.33250000               1.0000000252858725              0.0000000008906371              1.0000000352062455              1.5000000528086181              1.6666666666670000              1.6666666666670000
       0.33750000               1.0000000096019677              0.0000000131588625              1.0000000073100732              1.5000000109643596              1.6666666666670000              1.6666666666670000
       0.34250000               0.9999999906520489              0.0000000329071271              0.9999999736754260              1.4999999605123890              1.6666666666670000              1.6666666666670000
       0.34750000               0.9999999797608119              0.0000000445525413              0.9999999531747131              1.4999999297613198              1.6666666666670000              1.6666666666670000
       0.35250000               0.9999999906699761              0.0000000296775881              0.9999999687257737              1.4999999530879105              1.6666666666670000              1.6666666666670000
       0.35750000               1.0000000166187544             -0.0000000034751119              1.0000000090979047              1.5000000136461069              1.6666666666670000              1.6666666666670000
       0.36250000               1.0000000389784824             -0.0000000312170546              1.0000000433070342              1.5000000649598013              1.6666666666670000              1.6666666666670000
       0.36750000               1.0000000447916220             -0.0000000371057916              1.0000000498529962              1.5000000747787443              1.6666666666670000              1.6666666666670000
       0.37250000               1.0000000397939279             -0.0000000287888335              1.0000000384244105              1.5000000576358656              1.6666666666670000              1.6666666666670000
       0.37750000               1.0000000292427682             -0.0000000132789273              1.0000000179509734              1.5000000269257099              1.6666666666670000              1.6666666666670000
       0.38250000               1.0000000201181283              0.0000000001941847              1.0000000002655622              1.5000000003975933              1.6666666666670000              1.6666666666670000
       0.38750000               1.0000000209349595              0.0000000004119855              0.9999999997963045              1.4999999996937066              1.6666666666670000              1.6666666666670000
       0.39250000               1.0000000283723272             -0.0000000085614332              1.0000000112602880              1.5000000168896821              1.6666666666670000              1.6666666666670000
       0.39750000               1.0000000375454730             -0.0000000206526120              1.0000000267930109              1.5000000401887663              1.6666666666670000              1.6666666666670000
       0.40250000               1.0000000428527314             -0.0000000288357559              1.0000000373086826              1.5000000559622737              1.6666666666670000              1.6666666666670000
       0.40750000               1.0000000362886061             -0.0000000229847404              1.0000000297243059              1.5000000445857089              1.6666666666670000              1.6666666666670000
       0.41250000               1.0000000128281519              0.0000000032635371              0.9999999958184566              1.4999999937269348              1.6666666666670000              1.6666666666670000
       0.41750000               0.9999999872419247              0.0000000307127180              0.9999999603693231              1.4999999405532347              1.6666666666670000              1.6666666666670000
       0.42250000               0.9999999726512883              0.0000000424677765              0.9999999451858517              1.4999999177780274              1.6666666666670000              1.6666666666670000
       0.42750000               0.9999999785671286              0.0000000262580453              0.9999999661081657              1.4999999491614984              1.6666666666670000              1.6666666666670000
       0.43250000               0.9999999943608698             -0.0000000038956628              1.0000000050349844              1.5000000075517266              1.6666666666670000              1.6666666666670000
       0.43750000               1.0000000071514965             -0.0000000312187896              1.0000000403103704              1.5000000604648054              1.6666666666670000              1.6666666666670000
       0.44250000               1.0000000050395934             -0.0000000397435897              1.0000000513202354              1.5000000769796029              1.6666666666670000              1.6666666666670000
       0.44750000               0.9999999778330952             -0.0000000160978305              1.0000000208016842              1.5000000312017765              1.6666666666670000              1.6666666666670000
       0.45250000               0.9999999423524601              0.0000000188815182              0.9999999756564131              1.4999999634838697              1.6666666666670000              1.6666666666670000
       0.45750000               0.9999999176705994              0.0000000406961611              0.9999999475140199              1.4999999212702797              1.6666666666670000              1.6666666666670000
       0.46250000               0.9999999067882736              0.0000000465305568              0.9999999400135359              1.4999999100195538              1.6666666666670000              1.6666666666670000
       0.46750000               0.9999999035815457              0.0000000440629247              0.9999999432492047              1.4999999148730572              1.6666666666670000              1.6666666666670000
       0.47250000               0.9999999050475870              0.0000000382794007              0.9999999507945394              1.4999999261910593              1.6666666666670000              1.6666666666670000
       0.47750000               0.9999999071087664              0.0000000334808955              0.9999999571132999              1.4999999356691998              1.6666666666670000              1.6666666666670000
       0.48250000               0.9999999094258283              0.0000000313557972              0.9999999600504318              1.4999999400748976              1.6666666666670000              1.6666666666670000
       0.48750000               0.9999999110880036              0.0000000302774192              0.9999999617433718              1.4999999426143078              1.6666666666670000              1.6666666666670000
       0.49250000               0.9999999153700686              0.0000000292043295              0.9999999635932250              1.4999999453890873              1.6666666666670000              1.6666666666670000
       0.49750000               0.9999999204110992              0.0000000252161547              0.9999999694555644              1.4999999541825966              1.6666666666670000              1.6666666666670000
       0.50250000               0.9999999364961771              0.0000000082857824              0.9999999924033822              1.4999999886043234              1.6666666666670000              1.6666666666670000
       0.50750000               0.9999999615950516             -0.0000000166472875              1.0000000262506623              1.5000000393752433              1.6666666666670000              1.6666666666670000
       0.51250000               0.9999999828240606             -0.0000000343707938              1.0000000516412519              1.5000000774611277              1.6666666666670000              1.6666666666670000
       0.51750000               0.9999999818447715             -0.0000000287575189              1.0000000481717004              1.5000000722568005              1.6666666666670000              1.6666666666670000
       0.52250000               0.9999999522323542              0.0000000088868094              1.0000000052284235              1.5000000078418851              1.6666666666670000              1.6666666666670000
       0.52750000               0.9999999170189559              0.0000000514436091              0.9999999587113937              1.4999999380663405              1.6666666666670000              1.6666666666670000
       0.53250000               0.9999999013980023              0.0000000792720920              0.9999999352667716              1.4999999028994073              1.6666666666670000              1.6666666666670000
       0.53750000               0.9999999085490967              0.0000000882732152              0.9999999420457025              1.4999999130678037              1.6666666666670000              1.6666666666670000
       0.54250000               0.9999999284790616              0.0000000883593457              0.9999999689162157              1.4999999533735733              1.6666666666670000              1.6666666666670000
       0.54750000               0.9999999493519274              0.0000000895351094              1.0000000067603805              1.5000000101398208              1.6666666666670000              1.6666666666670000
       0.55250000               0.9999999702048705              0.0000001031237885              1.0000000463424765              1.5000000695129647              1.6666666666670000              1.6666666666670000
       0.55750000               0.9999999888443594              0.0000001380035037              1.0000000837862228              1.5000001256785842              1.6666666666670000              1.6666666666670000
       0.56250000               1.0000000119495278              0.0000001929799574              1.0000001312625320              1.5000001968930476              1.6666666666670000              1.6666666666670000
       0.56750000               1.0000000456464444              0.0000002676407491              1.0000002041135228              1.5000003061695339              1.6666666666670000              1.6666666666670000
       0.57250000               1.0000001068626942              0.0000003638277766              1.0000003204784065              1.5000004807168597              1.6666666666670000              1.6666666666670000
       0.57750000               1.0000002152145455              0.0000004784774457              1.0000005125737104              1.5000007688598154              1.6666666666670000              1.6666666666670000
       0.58250000               1.0000003746415269              0.0000006343430400              1.0000007897302734              1.5000011845946599              1.6666666666670000              1.6666666666670000
       0.58750000               1.0000005826352174              0.0000008716004692              1.0000011527835480              1.5000017291745718              1.6666666666670000              1.6666666666670000
       0.59250000               1.0000008564688132              0.0000012306622089              1.0000016209058546              1.5000024313580318              1.6666666666670000              1.6666666666670000
       0.59750000               1.0000012304007317              0.0000017420201492              1.0000022507497237              1.5000033761238354              1.6666666666670000              1.6666666666670000
       0.60250000               1.0000017452784997              0.0000024492300970              1.0000031145479860              1.5000046718212290              1.6666666666670000              1.6666666666670000
       0.60750000               1.0000024560208571              0.0000034101385325              1.0000043084770511              1.5000064627148266              1.6666666666670000              1.6666666666670000
       0.61250000               1.0000034421441293              0.0000047035841854              1.0000059566392407              1.5000089349581109              1.6666666666670000              1.6666666666670000
       0.61750000               1.0000048030115429              0.0000064315402763              1.0000082242231563              1.5000123363339841              1.6666666666670000              1.6666666666670000
       0.62250000               1.0000066447150169              0.0000087533595251              1.0000112932098844              1.5000169398140764              1.6666666666670000              1.6666666666670000
       0.62750000               1.0000091010223155              0.0000118831650645              1.0000153904482774              1.5000230856716659              1.6666666666670000              1.6666666666670000
       0.63250000               1.0000123561356311              0.0000160918183082              1.0000208155026851              1.5000312232532773              1.6666666666670000              1.6666666666670000
       0.63750000               1.0000166651867701              0.0000216953174217              1.0000279926791644              1.5000419890179966              1.6666666666670000              1.6666666666670000
       0.64250000               1.0000223531318599              0.0000290906433735              1.0000374694930572              1.5000562042388355              1.6666666666670000              1.6666666666670000
       0.64750000               1.0000298307870932              0.0000387840464906              1.0000499336555335              1.5000749004825502              1.6666666666670000              1.6666666666670000
       0.65250000               1.0000396219058201              0.0000514103608102              1.0000662514380976              1.5000993771563964              1.6666666666670000              1.6666666666670000
       0.65750000               1.0000523553582628              0.0000677891272598              1.0000874692377353              1.5001312038558527              1.6666666666670000              1.6666666666670000
       0.66250000               1.0000687908199093              0.0000889548930929              1.0001148599191725              1.5001722898780085              1.6666666666670000              1.6666666666670000
       0.66750000               1.0000898791638986              0.0001161644862608              1.0001500107010011              1.5002250160507513              1.6666666666670000              1.6666666666670000
       0.67250000               1.0001168024364655              0.0001509327426708              1.0001948859968754              1.5002923289945631              1.6666666666670000              1.6666666666670000
       0.67750000               1.0001509909900692              0.0001950940340806              1.0002518677654049              1.5003778016473568              1.6666666666670000              1.6666666666670000
       0.68250000               1.0001941572590614              0.0002508533427386              1.0003238184435768              1.5004857276646151              1.6666666666670000              1.6666666666670000
       0.68750000               1.0002483469125250              0.0003208366377897              1.0004141508326774              1.5006212262482657              1.6666666666670000              1.6666666666670000
       0.69250000               1.0003159812864388              0.0004081429409616              1.0005268976089685              1.5007903464127021              1.6666666666670000              1.6666666666670000
       0.69750000               1.0003998898650999              0.0005163970727344              1.0006667755968288              1.5010001633944925              1.6666666666670000              1.6666666666670000
       0.70250000               1.0005033148353746              0.0006498301933215              1.0008392023724653              1.5012588035579473              1.6666666666670000              1.6666666666670000
       0.70750000               1.0006299799981675              0.0008132801404628              1.0010503948542189              1.5015755922805776              1.6666666666670000              1.6666666666670000
       0.71250000               1.0007841310013599              0.0010121910691127              1.0013074370207649              1.5019611555303962              1.6666666666670000              1.6666666666670000
       0.71750000               1.0009705092399004              0.0012526566807420              1.0016182469965218              1.5024273704940312              1.6666666666670000              1.6666666666670000
       0.72250000               1.0011943008720969              0.0015414523949752              1.0019915030307704              1.5029872545454042              1.6666666666670000              1.6666666666670000
       0.72750000               1.0014612791696098              0.0018857862342883              1.0024368656791829              1.5036552985180227              1.6666666666670000              1.6666666666670000
       0.73250000               1.0017774958393411              0.0022935604727609              1.0029644657711756              1.5044466986560110              1.6666666666670000              1.6666666666670000
       0.73750000               1.0021493430637440              0.0027730836683470              1.0035850207535435              1.5053775311295627              1.6666666666670000              1.6666666666670000
       0.74250000               1.0025836045036527              0.0033327385252002              1.0043099329261365              1.5064648993884513              1.6666666666670000              1.6666666666670000
       0.74750000               1.0030869143255061              0.0039813739815385              1.0051503733107092              1.5077255599653099              1.6666666666670000              1.6666666666670000
       0.75250000               1.0036661434658627              0.0047274470944569              1.0061179312531701              1.5091768968790003              1.6666666666670000              1.6666666666670000
       0.75750000               1.0043277547784921              0.0055794515175183              1.0072235523926159              1.5108353285881682              1.6666666666670000              1.6666666666670000
       0.76250000               1.0050782705221963              0.0065449093930800              1.0084783333456591              1.5127175000177322              1.6666666666670000              1.6666666666670000
       0.76750000               1.0059228413630747              0.0076318324626182              1.0098911151490626              1.5148366727228364              1.6666666666670000              1.6666666666670000
       0.77250000               1.0068673622855371              0.0088456417427245              1.0114720257472609              1.5172080386201328              1.6666666666670000              1.6666666666670000
       0.77750000               1.0079156979706509              0.0101924220517092              1.0132278509787915              1.5198417764674275              1.6666666666670000              1.6666666666670000
       0.78250000               1.0090712739302223              0.0116766209055533              1.0151647043956948              1.5227470565927808              1.6666666666670000              1.6666666666670000
       0.78750000               1.0103377185751661              0.0133000833742801              1.0172890866183120              1.5259336299267048              1.6666666666670000              1.6666666666670000
       0.79250000               1.0117155026746554              0.0150662642784191              1.0196022479691298              1.5294033719529301              1.6666666666670000              1.6666666666670000
       0.79750000               1.0132060100820146              0.0169749883480743              1.0221070209965726              1.5331605314940921              1.6666666666670000              1.6666666666670000
       0.80250000               1.0148094977161599              0.0190251205709370              1.0248044037211312              1.5372066055809284              1.6666666666670000              1.6666666666670000
       0.80750000               1.0165237790722601              0.0212163651800937              1.0276913108828143              1.5415369663234506              1.6666666666670000              1.6666666666670000
       0.81250000               1.0183481979829265              0.0235443394178037              1.0307672572996296              1.5461508859486712              1.6666666666670000              1.6666666666670000
       0.81750000               1.0202795428584521              0.0260059751668425              1.0340274797481199              1.5510412196214041              1.6666666666670000              1.6666666666670000
       0.82250000               1.0223144302506364              0.0285966506274058              1.0374669467712745              1.5562004201561335              1.6666666666670000              1.6666666666670000
       0.82750000               1.0244493869542768              0.0313103285894045              1.0410804680929862              1.5616207021386985              1.6666666666670000              1.6666666666670000
       0.83250000               1.0266794249213849              0.0341415336771135              1.0448602801429931              1.5672904202137061              1.6666666666670000              1.6666666666670000
       0.83750000               1.0290001194652973              0.0370829120572380              1.0487995617463823              1.5731993426187867              1.6666666666670000              1.6666666666670000
       0.84250000               1.0314056499904891              0.0401278489118255              1.0528891113764085              1.5793336670638232              1.6666666666670000              1.6666666666670000
       0.84750000               1.0338908999537304              0.0432679915522823              1.0571208738800613              1.5856813108192989              1.6666666666670000              1.6666666666670000
       0.85250000               1.0364493649510644              0.0464959782040571              1.0614843894517096              1.5922265841767682              1.6666666666670000              1.6666666666670000
       0.85750000               1.0390752318731904              0.0498029126840920              1.0659703289255287              1.5989554933874934              1.6666666666670000              1.6666666666670000
       0.86250000               1.0417615640354914              0.0531806950469738              1.0705674003395946              1.6058511005085889              1.6666666666670000              1.6666666666670000
       0.86750000               1.0445018600667617              0.0566201280071583              1.0752649684257924              1.6128974526378821              1.6666666666670000              1.6666666666670000
       0.87250000               1.0472889562860273              0.0601122840458695              1.0800511954356213              1.6200767931526217              1.6666666666670000              1.6666666666670000
       0.87750000               1.0501156587561760              0.0636477010302156              1.0849141146645553              1.6273711719960193              1.6666666666670000              1.6666666666670000
       0.88250000               1.0529743911938010              0.0672167750992937              1.0898410297624161              1.6347615446428065              1.6666666666670000              1.6666666666670000
       0.88750000               1.0558574024038185              0.0708094667695286              1.0948188252363271              1.6422282378536697              1.6666666666670000              1.6666666666670000
       0.89250000               1.0587565174786788              0.0744154952018185              1.0998335676126483              1.6497503514181473              1.6666666666670000              1.6666666666670000
       0.89750000               1.0616631032242669              0.0780242700582879              1.1048704280078596              1.6573056420109606              1.6666666666670000              1.6666666666670000
       0.90250000               1.0645681110469987              0.0816246857361642              1.1099137588521919              1.6648706382774552              1.6666666666670000              1.6666666666670000
       0.90750000               1.0674620621796327              0.0852049914514672              1.1149470194118503              1.6724205291169392              1.6666666666670000              1.6666666666670000
       0.91250000               1.0703348610715417              0.0887527744319560              1.1199524944083830              1.6799287416117346              1.6666666666670000              1.6666666666670000
       0.91750000               1.0731756429099084              0.0922549027902719              1.1249109985900811              1.6873664978842777              1.6666666666670000              1.6666666666670000
       0.92250000               1.0759728410415232              0.0956971288538734              1.1298019972592206              1.6947029958879833              1.6666666666670000              1.6666666666670000
       0.92750000               1.0787137789367813              0.0990642476084097              1.1346028435429276              1.7019042653135406              1.6666666666670000              1.6666666666670000
       0.93250000               1.0813847373124628              0.1023395281782938              1.1392889486006965              1.7089334229001902              1.6666666666670000              1.6666666666670000
       0.93750000               1.0839700334106084              0.1055053292191199              1.1438321188566196              1.7157481782840716              1.6666666666670000              1.6666666666670000
       0.94250000               1.0864533503646294              0.1085408158935226              1.1482028971027560              1.7223043456532727              1.6666666666670000              1.6666666666670000
       0.94750000               1.0888152291236710              0.1114242705912721              1.1523661102789220              1.7285491654175185              1.6666666666670000              1.6666666666670000
       0.95250000               1.0910351244089240              0.1141295975808290              1.1562845500302610              1.7344268250445245              1.6666666666670000              1.6666666666670000
       0.95750000               1.0930880580951599              0.1166291916663477              1.1599130160170441              1.7398695240246962              1.6666666666670000              1.6666666666670000
       0.96250000               1.0949471493375964              0.1188892199934060              1.1632028038742752              1.7448042058105404              1.6666666666670000              1.6666666666670000
       0.96750000               1.0965797063886538              0.1208723045105340              1.1660947877005274              1.7491421815499164              1.6666666666670000              1.6666666666670000
       0.97250000               1.0979485758380978              0.1225330287366446              1.1685218855720436              1.7527828283571889              1.6666666666670000              1.6666666666670000
       0.97750000               1.0990082301299553              0.1238181311376652              1.1704021164152631              1.7556031746220169              1.6666666666670000              1.6666666666670000
       0.98250000               1.0997053589567749              0.1246631844683511              1.1716397554603446              1.7574596331896379              1.6666666666670000              1.6666666666670000
       0.98750000               1.0999802895779298              0.1249967587556917              1.1721280022146896              1.7581920033211555              1.6666666666670000              1.6666666666670000
       0.99250000               1.0997664575130965              0.1247374512021756              1.1717483057979143              1.7576224586959925              1.6666666666670000              1.6666666666670000
       0.99750000               1.0989754964988392              0.1237787960665890              1.1703441097505769              1.7555161646249873              1.6666666666670000              1.6666666666670000
