       0.00250000               1.0133243529708327              0.0171260721997668              1.0223057032602521              1.5334585548896116              1.6666666666670000              1.6666666666670000
       0.00750000               1.0111979737092915              0.0144020717819879              1.0187328386915750              1.5280992580365984              1.6666666666670000              1.6666666666670000
       0.01250000               1.0093850096124424              0.0120783684529155              1.0156905438752808              1.5235358158121595              1.6666666666670000              1.6666666666670000
       0.01750000               1.0078439635203293              0.0100997564408521              1.0131074101739064              1.5196611152600996              1.6666666666670000              1.6666666666670000
       0.02250000               1.0065364851410021              0.0084200703537976              1.0109178505420071              1.5163767758122524              1.6666666666670000              1.6666666666670000
       0.02750000               1.0054300919328503              0.0069976312258687              1.0090665167762580              1.5135997751636303              1.6666666666670000              1.6666666666670000
       0.03250000               1.0044965150028737              0.0057960889631698              1.0075054131834025              1.5112581197743480              1.6666666666670000              1.6666666666670000
       0.03750000               1.0037106317406974              0.0047845424641990              1.0061920285136305              1.5092880427696911              1.6666666666670000              1.6666666666670000
       0.04250000               1.0030513731266679              0.0039351999179181              1.0050907900701900              1.5076361851045312              1.6666666666670000              1.6666666666670000
       0.04750000               1.0024998971059329              0.0032246860834861              1.0041699641977169              1.5062549462958221              1.6666666666670000              1.6666666666670000
       0.05250000               1.0020403090964332              0.0026321925981473              1.0034028259685608              1.5051042389520886              1.6666666666670000              1.6666666666670000
       0.05750000               1.0016585914769931              0.0021400535764377              1.0027658461851259              1.5041487692769366              1.6666666666670000              1.6666666666670000
       0.06250000               1.0013428151035466              0.0017327740575811              1.0022390261148133              1.5033585391714683              1.6666666666670000              1.6666666666670000
       0.06750000               1.0010825948906084              0.0013971235528291              1.0018049754042098              1.5027074631055630              1.6666666666670000              1.6666666666670000
       0.07250000               1.0008690673745635              0.0011216343045475              1.0014488648744924              1.5021732973109871              1.6666666666670000              1.6666666666670000
       0.07750000               1.0006945957774585              0.0008965166864089              1.0011579274355802              1.5017368911526194              1.6666666666670000              1.6666666666670000
       0.08250000               1.0005526730697913              0.0007133752165761              1.0009212913265308              1.5013819369890455              1.6666666666670000              1.6666666666670000
       0.08750000               1.0004377496250527              0.0005650695649054              1.0007296890692685              1.5010945336031520              1.6666666666670000              1.6666666666670000
       0.09250000               1.0003451218527015              0.0004455380598930              1.0005752691965506              1.5008629037940753              1.6666666666670000              1.6666666666670000
       0.09750000               1.0002708159035925              0.0003496633743141              1.0004514005439544              1.5006771008151814              1.6666666666670000              1.6666666666670000
       0.10250000               1.0002114823506165              0.0002731556495863              1.0003524954056167              1.5005287431076748              1.6666666666670000              1.6666666666670000
       0.10750000               1.0001643382208931              0.0002124026464646              1.0002739120223867              1.5004108680328299              1.6666666666670000              1.6666666666670000
       0.11250000               1.0001270680060723              0.0001643982024780              1.0002117889700215              1.5003176834542820              1.6666666666670000              1.6666666666670000
       0.11750000               1.0000977610266568              0.0001266467473490              1.0001629403476262              1.5002444105206891              1.6666666666670000              1.6666666666670000
       0.12250000               1.0000748457850859              0.0000970926459155              1.0001247460833882              1.5001871191243321              1.6666666666670000              1.6666666666670000
       0.12750000               1.0000570471979862              0.0000740391115077              1.0000950804689142              1.5001426207026212              1.6666666666670000              1.6666666666670000
       0.13250000               1.0000433037935390              0.0000561362195637              1.0000721740295844              1.5001082610436265              1.6666666666670000              1.6666666666670000
       0.13750000               1.0000327357070775              0.0000423191710856              1.0000545601062876              1.5000818401586811              1.6666666666670000              1.6666666666670000
       0.14250000               1.0000246242988979              0.0000317458594421              1.0000410408345228              1.5000615612510340              1.6666666666670000              1.6666666666670000
       0.14750000               1.0000184267751147              0.0000237021014135              1.0000307114802012              1.5000460672195517              1.6666666666670000              1.6666666666670000
       0.15250000               1.0000137148780279              0.0000176163519856              1.0000228582343751              1.5000342873508128              1.6666666666670000              1.6666666666670000
       0.15750000               1.0000101550319422              0.0000130310353213              1.0000169251104289              1.5000253876648935              1.6666666666670000              1.6666666666670000
       0.16250000               1.0000074795851945              0.0000095942518636              1.0000124660063494              1.5000186990087738              1.6666666666670000              1.6666666666670000
       0.16750000               1.0000054824121809              0.0000070277526097              1.0000091373702991              1.5000137060546985              1.6666666666670000              1.6666666666670000
       0.17250000               1.0000040086718307              0.0000051090979680              1.0000066811286217              1.5000100216921826              1.6666666666670000              1.6666666666670000
       0.17750000               1.0000029402707347              0.0000036650258252              1.0000049004560030              1.5000073506832543              1.6666666666670000              1.6666666666670000
       0.18250000               1.0000021628633009              0.0000025934417547              1.0000036047747367              1.5000054071613549              1.6666666666670000              1.6666666666670000
       0.18750000               1.0000015846362120              0.0000018225646152              1.0000026410616951              1.5000039615917926              1.6666666666670000              1.6666666666670000
       0.19250000               1.0000011400160942              0.0000012928633578              1.0000019000274589              1.5000028500404385              1.6666666666670000              1.6666666666670000
       0.19750000               1.0000008030931988              0.0000009291881797              1.0000013384888744              1.5000020077325615              1.6666666666670000              1.6666666666670000
       0.20250000               1.0000005596370600              0.0000006685923301              1.0000009327283483              1.5000013990917724              1.6666666666670000              1.6666666666670000
       0.20750000               1.0000003980988996              0.0000004654485891              1.0000006634978120              1.5000009952459679              1.6666666666670000              1.6666666666670000
       0.21250000               1.0000002940228880              0.0000003065240226              1.0000004900374491              1.5000007350554236              1.6666666666670000              1.6666666666670000
       0.21750000               1.0000002279507041              0.0000001839682572              1.0000003799166191              1.5000005698741783              1.6666666666670000              1.6666666666670000
       0.22250000               1.0000001817208102              0.0000000971044249              1.0000003028659687              1.5000004542982031              1.6666666666670000              1.6666666666670000
       0.22750000               1.0000001413722488              0.0000000464069456              1.0000002356170457              1.5000003534248185              1.6666666666670000              1.6666666666670000
       0.23250000               1.0000001069814799              0.0000000190832152              1.0000001782970047              1.5000002674447572              1.6666666666670000              1.6666666666670000
       0.23750000               1.0000000789407997              0.0000000054968934              1.0000001315592635              1.5000001973381452              1.6666666666670000              1.6666666666670000
       0.24250000               1.0000000599634413             -0.0000000043841538              1.0000000999252570              1.5000001498871351              1.6666666666670000              1.6666666666670000
       0.24750000               1.0000000574661956             -0.0000000247781117              1.0000000957554063              1.5000001436323591              1.6666666666670000              1.6666666666670000
       0.25250000               1.0000000748043454             -0.0000000632997086              1.0000001246405514              1.5000001869600772              1.6666666666670000              1.6666666666670000
       0.25750000               1.0000000927488846             -0.0000000974325002              1.0000001545305177              1.5000002317950267              1.6666666666670000              1.6666666666670000
       0.26250000               1.0000000955133019             -0.0000001084093419              1.0000001591118908              1.5000002386670863              1.6666666666670000              1.6666666666670000
       0.26750000               1.0000000841501335             -0.0000000987095795              1.0000001401353715              1.5000002102023071              1.6666666666670000              1.6666666666670000
       0.27250000               1.0000000683773351             -0.0000000816521977              1.0000001137927916              1.5000001706884372              1.6666666666670000              1.6666666666670000
       0.27750000               1.0000000564038480             -0.0000000683643181              1.0000000937594102              1.5000001406383654              1.6666666666670000              1.6666666666670000
       0.28250000               1.0000000536298201             -0.0000000661765927              1.0000000890271961              1.5000001335400441              1.6666666666670000              1.6666666666670000
       0.28750000               1.0000000549153563             -0.0000000686939254              1.0000000910190998              1.5000001365278997              1.6666666666670000              1.6666666666670000
       0.29250000               1.0000000581082200             -0.0000000732956986              1.0000000961347690              1.5000001442014033              1.6666666666670000              1.6666666666670000
       0.29750000               1.0000000603293753             -0.0000000763656063              1.0000000995595024              1.5000001493385036              1.6666666666670000              1.6666666666670000
       0.30250000               1.0000000513686631             -0.0000000647829652              1.0000000842567822              1.5000001263844229              1.6666666666670000              1.6666666666670000
       0.30750000               1.0000000210801121             -0.0000000254820973              1.0000000332937338              1.5000000499398505              1.6666666666670000              1.6666666666670000
       0.31250000               0.9999999900229921              0.0000000149818878              0.9999999809097454              1.4999999713638681              1.6666666666670000              1.6666666666670000
       0.31750000               0.9999999768497523              0.0000000325290463              0.9999999581636090              1.4999999372446633              1.6666666666670000              1.6666666666670000
       0.32250000               0.9999999711224591              0.0000000406438103              0.9999999476285213              1.4999999214420319              1.6666666666670000              1.6666666666670000
       0.32750000               0.9999999717996648              0.0000000406846957              0.9999999475385084              1.4999999213070125              1.6666666666670000              1.6666666666670000
       0.33250000               0.9999999734459148              0.0000000396844490              0.9999999488063162              1.4999999232087240              1.6666666666670000              1.6666666666670000
       0.33750000               0.9999999755912752              0.0000000382636737              0.9999999506255874              1.4999999259376311              1.6666666666670000              1.6666666666670000
       0.34250000               0.9999999765147780              0.0000000386531428              0.9999999501133070              1.4999999251692104              1.6666666666670000              1.6666666666670000
       0.34750000               0.9999999750134049              0.0000000424062666              0.9999999452623689              1.4999999178928032              1.6666666666670000              1.6666666666670000
       0.35250000               0.9999999743510278              0.0000000452972381              0.9999999415275276              1.4999999122905412              1.6666666666670000              1.6666666666670000
       0.35750000               0.9999999840070548              0.0000000350591586              0.9999999547450724              1.4999999321168584              1.6666666666670000              1.6666666666670000
       0.36250000               1.0000000101093949              0.0000000037316400              0.9999999951918886              1.4999999927870828              1.6666666666670000              1.6666666666670000
       0.36750000               1.0000000345325617             -0.0000000253592720              1.0000000327545613              1.5000000491310921              1.6666666666670000              1.6666666666670000
       0.37250000               1.0000000407120446             -0.0000000309281043              1.0000000399546047              1.5000000599311569              1.6666666666670000              1.6666666666670000
       0.37750000               1.0000000337038244             -0.0000000196302988              1.0000000253860657              1.5000000380783485              1.6666666666670000              1.6666666666670000
       0.38250000               1.0000000200027981             -0.0000000000026733              1.0000000000733469              1.5000000001092701              1.6666666666670000              1.6666666666670000
       0.38750000               1.0000000076254496              0.0000000174266952              0.9999999776137870              1.4999999664199304              1.6666666666670000              1.6666666666670000
       0.39250000               1.0000000077719580              0.0000000180101469              0.9999999769263391              1.4999999653887588              1.6666666666670000              1.6666666666670000
       0.39750000               1.0000000196754069              0.0000000025339882              0.9999999970095689              1.4999999955136032              1.6666666666670000              1.6666666666670000
       0.40250000               1.0000000331845300             -0.0000000160743214              1.0000000211950117              1.5000000317917677              1.6666666666670000              1.6666666666670000
       0.40750000               1.0000000394321473             -0.0000000265438318              1.0000000349635407              1.5000000524445609              1.6666666666670000              1.6666666666670000
       0.41250000               1.0000000244225136             -0.0000000108878659              1.0000000151423925              1.5000000227128387              1.6666666666670000              1.6666666666670000
       0.41750000               0.9999999939412978              0.0000000233560362              0.9999999715349420              1.4999999573016629              1.6666666666670000              1.6666666666670000
       0.42250000               0.9999999666671548              0.0000000522046381              0.9999999352122967              1.4999999028176951              1.6666666666670000              1.6666666666670000
       0.42750000               0.9999999601685536              0.0000000531119116              0.9999999354438749              1.4999999031650622              1.6666666666670000              1.6666666666670000
       0.43250000               0.9999999813856497              0.0000000176049481              0.9999999834096146              1.4999999751136717              1.6666666666670000              1.6666666666670000
       0.43750000               1.0000000066800090             -0.0000000233777000              1.0000000395245556              1.5000000592860832              1.6666666666670000              1.6666666666670000
       0.44250000               1.0000000175667823             -0.0000000449610922              1.0000000721988835              1.5000001082975751              1.6666666666670000              1.6666666666670000
       0.44750000               1.0000000076348552             -0.0000000380622636              1.0000000704712853              1.5000001057061778              1.6666666666670000              1.6666666666670000
       0.45250000               0.9999999864157172             -0.0000000132487575              1.0000000490951773              1.5000000736420158              1.6666666666670000              1.6666666666670000
       0.45750000               0.9999999644174475              0.0000000172791505              1.0000000254254366              1.5000000381374048              1.6666666666670000              1.6666666666670000
       0.46250000               0.9999999545111262              0.0000000397451573              1.0000000195516281              1.5000000293266924              1.6666666666670000              1.6666666666670000
       0.46750000               0.9999999668122062              0.0000000434068022              1.0000000486336453              1.5000000729497180              1.6666666666670000              1.6666666666670000
       0.47250000               0.9999999947223031              0.0000000415049941              1.0000001002524110              1.5000001503778666              1.6666666666670000              1.6666666666670000
       0.47750000               1.0000000286341535              0.0000000505810444              1.0000001596556298              1.5000002394826946              1.6666666666670000              1.6666666666670000
       0.48250000               1.0000000615257012              0.0000000881139641              1.0000002135502448              1.5000003203246173              1.6666666666670000              1.6666666666670000
       0.48750000               1.0000000855762528              0.0000001713982025              1.0000002525571510              1.5000003788349765              1.6666666666670000              1.6666666666670000
       0.49250000               1.0000001238212748              0.0000002877632456              1.0000003110119380              1.5000004665171569              1.6666666666670000              1.6666666666670000
       0.49750000               1.0000001941719594              0.0000004279222435              1.0000004257237256              1.5000006385848383              1.6666666666670000              1.6666666666670000
       0.50250000               1.0000003221728784              0.0000005884388247              1.0000006351979953              1.5000009527962430              1.6666666666670000              1.6666666666670000
       0.50750000               1.0000005269730465              0.0000007827780261              1.0000009685475408              1.5000014528205612              1.6666666666670000              1.6666666666670000
       0.51250000               1.0000008103839158              0.0000010558300013              1.0000014309081355              1.5000021463614532              1.6666666666670000              1.6666666666670000
       0.51750000               1.0000011742516013              0.0000014632627319              1.0000020355173500              1.5000030532752748              1.6666666666670000              1.6666666666670000
       0.52250000               1.0000016317410148              0.0000020764130559              1.0000028044112930              1.5000042066161892              1.6666666666670000              1.6666666666670000
       0.52750000               1.0000022321758240              0.0000029513911958              1.0000038173093855              1.5000057259633279              1.6666666666670000              1.6666666666670000
       0.53250000               1.0000030746614121              0.0000041283336060              1.0000052240448851              1.5000078360665776              1.6666666666670000              1.6666666666670000
       0.53750000               1.0000042540516374              0.0000056891136414              1.0000071845606155              1.5000107768401731              1.6666666666670000              1.6666666666670000
       0.54250000               1.0000058716513067              0.0000077673194342              1.0000098742233374              1.5000148113342562              1.6666666666670000              1.6666666666670000
       0.54750000               1.0000080488572627              0.0000105486437987              1.0000135059733581              1.5000202589592873              1.6666666666670000              1.6666666666670000
       0.55250000               1.0000109551094996              0.0000142737573928              1.0000183545856443              1.5000275318777165              1.6666666666670000              1.6666666666670000
       0.55750000               1.0000148073571040              0.0000192456507527              1.0000247814324259              1.5000371721478889              1.6666666666670000              1.6666666666670000
       0.56250000               1.0000198975066386              0.0000258311390079              1.0000332740826161              1.5000499111231742              1.6666666666670000              1.6666666666670000
       0.56750000               1.0000265916184701              0.0000344983722910              1.0000444478010639              1.5000666717008457              1.6666666666670000              1.6666666666670000
       0.57250000               1.0000353618430979              0.0000458365551334              1.0000590794849684              1.5000886192267027              1.6666666666670000              1.6666666666670000
       0.57750000               1.0000467980674830              0.0000605758336363              1.0000781518944590              1.5001172278409385              1.6666666666670000              1.6666666666670000
       0.58250000               1.0000616135288578              0.0000796479307963              1.0001028566747334              1.5001542850113498              1.6666666666670000              1.6666666666670000
       0.58750000               1.0000806766918193              0.0001042180502897              1.0001346465281413              1.5002019697914617              1.6666666666670000              1.6666666666670000
       0.59250000               1.0001050730942229              0.0001356999137653              1.0001753214605766              1.5002629821901148              1.6666666666670000              1.6666666666670000
       0.59750000               1.0001361177535977              0.0001758123843696              1.0002270733590146              1.5003406100377719              1.6666666666670000              1.6666666666670000
       0.60250000               1.0001754042991415              0.0002266190782119              1.0002925634256936              1.5004388451377899              1.6666666666670000              1.6666666666670000
       0.60750000               1.0002248621242664              0.0002905641158961              1.0003750135243683              1.5005625202858022              1.6666666666670000              1.6666666666670000
       0.61250000               1.0002867866739513              0.0003705540762329              1.0004782433642891              1.5007173650456833              1.6666666666670000              1.6666666666670000
       0.61750000               1.0003638676243807              0.0004700164509466              1.0006067389914386              1.5009101084864074              1.6666666666670000              1.6666666666670000
       0.62250000               1.0004591984840141              0.0005929958117283              1.0007656668850773              1.5011485003268654              1.6666666666670000              1.6666666666670000
       0.62750000               1.0005763558537069              0.0007441529319529              1.0009610000454618              1.5014415000674419              1.6666666666670000              1.6666666666670000
       0.63250000               1.0007194431521365              0.0009287938746683              1.0011995818017074              1.5017993727018102              1.6666666666670000              1.6666666666670000
       0.63750000               1.0008930996719974              0.0011528955225293              1.0014891603798584              1.5022337405690365              1.6666666666670000              1.6666666666670000
       0.64250000               1.0011025186620977              0.0014230964624842              1.0018384211693729              1.5027576317533078              1.6666666666670000              1.6666666666670000
       0.64750000               1.0013533851827776              0.0017467544716983              1.0022568757203170              1.5033853135797237              1.6666666666670000              1.6666666666670000
       0.65250000               1.0016519405064850              0.0021317831143169              1.0027549654246548              1.5041324481362301              1.6666666666670000              1.6666666666670000
       0.65750000               1.0020048500601841              0.0025866660448198              1.0033438598215190              1.5050157897315259              1.6666666666670000              1.6666666666670000
       0.66250000               1.0024189481171946              0.0031205722003189              1.0040350382812220              1.5060525574210797              1.6666666666670000              1.6666666666670000
       0.66750000               1.0029016901336352              0.0037425102101350              1.0048410369385183              1.5072615554070241              1.6666666666670000              1.6666666666670000
       0.67250000               1.0034602717390553              0.0044621320617193              1.0057739801607124              1.5086609702403142              1.6666666666670000              1.6666666666670000
       0.67750000               1.0041020310487163              0.0052888252054910              1.0068462699376792              1.5102694049057634              1.6666666666670000              1.6666666666670000
       0.68250000               1.0048344583088908              0.0062312777939465              1.0080706153407417              1.5121059230103564              1.6666666666670000              1.6666666666670000
       0.68750000               1.0056638657857735              0.0072987776475572              1.0094577984119717              1.5141866976172003              1.6666666666670000              1.6666666666670000
       0.69250000               1.0065971591376035              0.0084985024549653              1.0110196406474234              1.5165294609703768              1.6666666666670000              1.6666666666670000
       0.69750000               1.0076397354694029              0.0098378333220232              1.0127655021240958              1.5191482531853842              1.6666666666670000              1.6666666666670000
       0.70250000               1.0087961807575374              0.0113230853892741              1.0147034576628191              1.5220551864934677              1.6666666666670000              1.6666666666670000
       0.70750000               1.0100710745698069              0.0129582300619259              1.0168416284437787              1.5252624426649055              1.6666666666670000              1.6666666666670000
       0.71250000               1.0114666844181064              0.0147476164693475              1.0191843176958473              1.5287764765430063              1.6666666666670000              1.6666666666670000
       0.71750000               1.0129857363380517              0.0166923139134055              1.0217366635353222              1.5326049953022167              1.6666666666670000              1.6666666666670000
       0.72250000               1.0146279648876368              0.0187944414412431              1.0244988496309275              1.5367482744456229              1.6666666666670000              1.6666666666670000
       0.72750000               1.0163950684515410              0.0210508984970615              1.0274744062627599              1.5412116093933690              1.6666666666670000              1.6666666666670000
       0.73250000               1.0182836246193598              0.0234624762887349              1.0306582841815881              1.5459874262716091              1.6666666666670000              1.6666666666670000
       0.73750000               1.0202933011288182              0.0260235093972043              1.0340506769611519              1.5510760154409526              1.6666666666670000              1.6666666666670000
       0.74250000               1.0224202720029540              0.0287304471704946              1.0376459266274718              1.5564688899404293              1.6666666666670000              1.6666666666670000
       0.74750000               1.0246599676897281              0.0315785313172572              1.0414371122962476              1.5621556684435904              1.6666666666670000              1.6666666666670000
       0.75250000               1.0270092409258531              0.0345592646866198              1.0454197202009365              1.5681295803006208              1.6666666666670000              1.6666666666670000
       0.75750000               1.0294612038368485              0.0376671368827619              1.0495828898794490              1.5743743348183863              1.6666666666670000              1.6666666666670000
       0.76250000               1.0320107599513832              0.0408927938272178              1.0539187844369109              1.5808781766545759              1.6666666666670000              1.6666666666670000
       0.76750000               1.0346511310671827              0.0442276274934761              1.0584166582068693              1.5876249873095098              1.6666666666670000              1.6666666666670000
       0.77250000               1.0373750378365847              0.0476624021073755              1.0630648572109322              1.5945972858156010              1.6666666666670000              1.6666666666670000
       0.77750000               1.0401752536815754              0.0511866762782467              1.0678517579811706              1.6017776369709551              1.6666666666670000              1.6666666666670000
       0.78250000               1.0430434656413292              0.0547903081629877              1.0727638184615464              1.6091457276915149              1.6666666666670000              1.6666666666670000
       0.78750000               1.0459714349115141              0.0584620775565309              1.0777875152570104              1.6166812728847073              1.6666666666670000              1.6666666666670000
       0.79250000               1.0489502129612585              0.0621906731744002              1.0829080132599560              1.6243620198891218              1.6666666666670000              1.6666666666670000
       0.79750000               1.0519705879410242              0.0659641232058230              1.0881099195665005              1.6321648793489347              1.6666666666670000              1.6666666666670000
       0.80250000               1.0550228543118167              0.0697700352924129              1.0933768854266925              1.6400653281392186              1.6666666666670000              1.6666666666670000
       0.80750000               1.0580968113085019              0.0735955487972127              1.0986915550023493              1.6480373325026998              1.6666666666670000              1.6666666666670000
       0.81250000               1.0611817149176896              0.0774272605923920              1.1040355048702084              1.6560532573044842              1.6666666666670000              1.6666666666670000
       0.81750000               1.0642662246899255              0.0812511487298731              1.1093891349550933              1.6640837024318078              1.6666666666670000              1.6666666666670000
       0.82250000               1.0673384110229427              0.0850523750227143              1.1147316779791090              1.6720975169678272              1.6666666666670000              1.6666666666670000
       0.82750000               1.0703855233264972              0.0888153710512048              1.1200407481091452              1.6800611221628776              1.6666666666670000              1.6666666666670000
       0.83250000               1.0733940057519393              0.0925235121752395              1.1252924033942844              1.6879386050905827              1.6666666666670000              1.6666666666670000
       0.83750000               1.0763491146530257              0.0961592695406698              1.1304604509795519              1.6956906764684798              1.6666666666670000              1.6666666666670000
       0.84250000               1.0792351009438685              0.0997035896850239              1.1355167615648514              1.7032751423464252              1.6666666666670000              1.6666666666670000
       0.84750000               1.0820348829685322              0.1031358555109908              1.1404306536799682              1.7106459805190968              1.6666666666670000              1.6666666666670000
       0.85250000               1.0847294381643013              0.1064340421567521              1.1451678730850954              1.7177518096267841              1.6666666666670000              1.6666666666670000
       0.85750000               1.0872987747319522              0.1095728973887523              1.1496922643707521              1.7245383965552661              1.6666666666670000              1.6666666666670000
       0.86250000               1.0897191524530778              0.1125265819257976              1.1539608844302633              1.7309413266445295              1.6666666666670000              1.6666666666670000
       0.86750000               1.0919664901097503              0.1152636083028968              1.1579299814462556              1.7368949721685147              1.6666666666670000              1.6666666666670000
       0.87250000               1.0940110995856214              0.1177520927002037              1.1615457709555870              1.7423186564325093              1.6666666666670000              1.6666666666670000
       0.87750000               1.0958225323307011              0.1199525144416352              1.1647529702497004              1.7471294553736769              1.6666666666670000              1.6666666666670000
       0.88250000               1.0973633380308090              0.1218237365538311              1.1674838044281151              1.7512257066412966              1.6666666666670000              1.6666666666670000
       0.88750000               1.0985932373478349              0.1233153896740539              1.1696654347708380              1.7544981521553795              1.6666666666670000              1.6666666666670000
       0.89250000               1.0994642074135024              0.1243714589011069              1.1712113774798745              1.7568170662189331              1.6666666666670000              1.6666666666670000
       0.89750000               1.0999240989385972              0.1249287764474080              1.1720280084778010              1.7580420127158223              1.6666666666670000              1.6666666666670000
       0.90250000               1.0999175905649619              0.1249206421115947              1.1720164754538687              1.7580247131799240              1.6666666666670000              1.6666666666670000
       0.90750000               1.0993797368600602              0.1242691181905133              1.1710614619170567              1.7565921928747066              1.6666666666670000              1.6666666666670000
       0.91250000               1.0982340385960987              0.1228808937813821              1.1690281788081909              1.7535422682114095              1.6666666666670000              1.6666666666670000
       0.91750000               1.0964006266465889              0.1206536004214524              1.1657773323309062              1.7486659984954849              1.6666666666670000              1.6666666666670000
       0.92250000               1.0937981472182889              0.1174961500337191              1.1611690719757948              1.7417536079628213              1.6666666666670000              1.6666666666670000
       0.92750000               1.0903689315100844              0.1133154090836202              1.1551080282475161              1.7326620423704078              1.6666666666670000              1.6666666666670000
       0.93250000               1.0860636345603003              0.1080707605709142              1.1475165269750149              1.7212747904616619              1.6666666666670000              1.6666666666670000
       0.93750000               1.0809062926287616              0.1017463650042210              1.1384489398490023              1.7076734097726494              1.6666666666670000              1.6666666666670000
       0.94250000               1.0749574001923994              0.0944594841694826              1.1280254184740046              1.6920381277101608              1.6666666666670000              1.6666666666670000
       0.94750000               1.0684138516416446              0.0863743673877867              1.1166042055254279              1.6749063082873044              1.6666666666670000              1.6666666666670000
       0.95250000               1.0614966876372820              0.0778238305814322              1.1045814757662413              1.6568722136485334              1.6666666666670000              1.6666666666670000
       0.95750000               1.0545188009202486              0.0691374913471640              1.0925060109215687              1.6387590163815333              1.6666666666670000              1.6666666666670000
       0.96250000               1.0477454204707159              0.0606855253665812              1.0808353450234225              1.6212530175343232              1.6666666666670000              1.6666666666670000
       0.96750000               1.0414117588987666              0.0527358239898697              1.0699677878355780              1.6049516817525646              1.6666666666670000              1.6666666666670000
       0.97250000               1.0356462924762611              0.0454842641625433              1.0601134369133294              1.5901701553691987              1.6666666666670000              1.6666666666670000
       0.97750000               1.0305170311810019              0.0389992464874859              1.0513771942549994              1.5770657913817105              1.6666666666670000              1.6666666666670000
       0.98250000               1.0260122312905464              0.0332954156095389              1.0437284192094758              1.5655926288134310              1.6666666666670000              1.6666666666670000
       0.98750000               1.0220999468793110              0.0283207417772304              1.0371038227187981              1.5556557340774195              1.6666666666670000              1.6666666666670000
       0.99250000               1.0187190702885394              0.0240174404868386              1.0313926442247825              1.5470889663364000              1.6666666666670000              1.6666666666670000
       0.99750000               1.0158143384170566              0.0203080566673685              1.0264958754280731              1.5397438131413399              1.6666666666670000              1.6666666666670000
