       0.00250000               0.9998090061008463             -0.0000048754941005              1.0000062940485153              1.5000094410720228              1.6666666666670000              1.6666666666670000
       0.00750000               0.9998086897455428             -0.0000060628060088              1.0000078267378947              1.5000117401060922              1.6666666666670000              1.6666666666670000
       0.01250000               0.9998086155153987             -0.0000071748465016              1.0000092622530394              1.5000138933788090              1.6666666666670000              1.6666666666670000
       0.01750000               0.9998086443098994             -0.0000077416468029              1.0000099939293261              1.5000149908932392              1.6666666666670000              1.6666666666670000
       0.02250000               0.9998080182861588             -0.0000075936815601              1.0000098029350855              1.5000147044018781              1.6666666666670000              1.6666666666670000
       0.02750000               0.9998065661520604             -0.0000069346948007              1.0000089522872957              1.5000134284301934              1.6666666666670000              1.6666666666670000
       0.03250000               0.9998062841960048             -0.0000059517814231              1.0000076835188769              1.5000115252775652              1.6666666666670000              1.6666666666670000
       0.03750000               0.9998056329261964             -0.0000048426739398              1.0000062519148045              1.5000093778714567              1.6666666666670000              1.6666666666670000
       0.04250000               0.9998041652120074             -0.0000038130998657              1.0000049230853236              1.5000073846272353              1.6666666666670000              1.6666666666670000
       0.04750000               0.9998038234671437             -0.0000030686346823              1.0000039625116111              1.5000059437666664              1.6666666666670000              1.6666666666670000
       0.05250000               0.9998037979871568             -0.0000028235871545              1.0000036469070792              1.5000054703598689              1.6666666666670000              1.6666666666670000
       0.05750000               0.9998039473082455             -0.0000034014985077              1.0000043940406884              1.5000065910602824              1.6666666666670000              1.6666666666670000
       0.06250000               0.9998047203430712             -0.0000046050611714              1.0000059493414211              1.5000089240113814              1.6666666666670000              1.6666666666670000
       0.06750000               0.9998056502921074             -0.0000059277106472              1.0000076591414735              1.5000114887114602              1.6666666666670000              1.6666666666670000
       0.07250000               0.9998054003385679             -0.0000068139654684              1.0000088067717348              1.5000132101568520              1.6666666666670000              1.6666666666670000
       0.07750000               0.9998043983965101             -0.0000065418162452              1.0000084608226167              1.5000126912331750              1.6666666666670000              1.6666666666670000
       0.08250000               0.9998030915987873             -0.0000052206489331              1.0000067634148921              1.5000101451215884              1.6666666666670000              1.6666666666670000
       0.08750000               0.9998014309366126             -0.0000037078524605              1.0000048226559062              1.5000072339831092              1.6666666666670000              1.6666666666670000
       0.09250000               0.9998006339140562             -0.0000027262245989              1.0000035734692188              1.5000053602030778              1.6666666666670000              1.6666666666670000
       0.09750000               0.9998015647828890             -0.0000025603529463              1.0000033858914774              1.5000050788364661              1.6666666666670000              1.6666666666670000
       0.10250000               0.9998016247627269             -0.0000028970218466              1.0000038593987186              1.5000057890973277              1.6666666666670000              1.6666666666670000
       0.10750000               0.9998020731435883             -0.0000035297335949              1.0000047328251560              1.5000070992369838              1.6666666666670000              1.6666666666670000
       0.11250000               0.9998036067497030             -0.0000042068922562              1.0000056890437947              1.5000085335649420              1.6666666666670000              1.6666666666670000
       0.11750000               0.9998045948907294             -0.0000047067818446              1.0000064526349073              1.5000096789516109              1.6666666666670000              1.6666666666670000
       0.12250000               0.9998043903458665             -0.0000049508403755              1.0000069372899920              1.5000104059342381              1.6666666666670000              1.6666666666670000
       0.12750000               0.9998050577575446             -0.0000049735203476              1.0000072084880316              1.5000108127312972              1.6666666666670000              1.6666666666670000
       0.13250000               0.9998055026478732             -0.0000047743334230              1.0000072946068843              1.5000109419095764              1.6666666666670000              1.6666666666670000
       0.13750000               0.9998051179835652             -0.0000042927104811              1.0000071572637574              1.5000107358948860              1.6666666666670000              1.6666666666670000
       0.14250000               0.9998047934026468             -0.0000035533118884              1.0000068825762309              1.5000103238635965              1.6666666666670000              1.6666666666670000
       0.14750000               0.9998046275062011             -0.0000027042222977              1.0000067352970239              1.5000101029447857              1.6666666666670000              1.6666666666670000
       0.15250000               0.9998040203338734             -0.0000019269730179              1.0000070489409785              1.5000105734107174              1.6666666666670000              1.6666666666670000
       0.15750000               0.9998041039692224             -0.0000016131772236              1.0000084618955720              1.5000126928426079              1.6666666666670000              1.6666666666670000
       0.16250000               0.9998054428042445             -0.0000017396314692              1.0000111210996545              1.5000166816487317              1.6666666666670000              1.6666666666670000
       0.16750000               0.9998068176858061             -0.0000014460829289              1.0000141500901574              1.5000212251344860              1.6666666666670000              1.6666666666670000
       0.17250000               0.9998082492802690              0.0000000800671520              1.0000168074525249              1.5000252111780372              1.6666666666670000              1.6666666666670000
       0.17750000               0.9998105473979102              0.0000030866268399              1.0000191748012699              1.5000287622011548              1.6666666666670000              1.6666666666670000
       0.18250000               0.9998122029367167              0.0000073486729274              1.0000220630036656              1.5000330945047482              1.6666666666670000              1.6666666666670000
       0.18750000               0.9998147258681779              0.0000127793582397              1.0000262541656375              1.5000393812477062              1.6666666666670000              1.6666666666670000
       0.19250000               0.9998195866587538              0.0000193987229033              1.0000325783540409              1.5000488675303112              1.6666666666670000              1.6666666666670000
       0.19750000               0.9998269193552303              0.0000274798335104              1.0000417679711981              1.5000626519560474              1.6666666666670000              1.6666666666670000
       0.20250000               0.9998348376205036              0.0000375605325220              1.0000544922218884              1.5000817383320824              1.6666666666670000              1.6666666666670000
       0.20750000               0.9998456961536041              0.0000502956945195              1.0000716039332653              1.5001074058991477              1.6666666666670000              1.6666666666670000
       0.21250000               0.9998598239711778              0.0000663886715816              1.0000942894270206              1.5001414341397807              1.6666666666670000              1.6666666666670000
       0.21750000               0.9998766906866284              0.0000868904696979              1.0001237467647188              1.5001856201463279              1.6666666666670000              1.6666666666670000
       0.22250000               0.9998983206724326              0.0001133403104568              1.0001610682508359              1.5002416023755039              1.6666666666670000              1.6666666666670000
       0.22750000               0.9999257955369076              0.0001476483159983              1.0002074501949050              1.5003111752916074              1.6666666666670000              1.6666666666670000
       0.23250000               0.9999590746446465              0.0001921851635295              1.0002641223336899              1.5003961834997845              1.6666666666670000              1.6666666666670000
       0.23750000               1.0000000073997815              0.0002491023348426              1.0003332494375485              1.5004998741555724              1.6666666666670000              1.6666666666670000
       0.24250000               1.0000514895310415              0.0003193300425556              1.0004192184188347              1.5006288276275017              1.6666666666670000              1.6666666666670000
       0.24750000               1.0001154434088591              0.0004042217167464              1.0005264691331712              1.5007897036990063              1.6666666666670000              1.6666666666670000
       0.25250000               1.0001942441353797              0.0005059633611507              1.0006588728552901              1.5009883092821845              1.6666666666670000              1.6666666666670000
       0.25750000               1.0002909931197119              0.0006278332503258              1.0008192567178837              1.5012288850760751              1.6666666666670000              1.6666666666670000
       0.26250000               1.0004057050217234              0.0007731985718147              1.0010105131667497              1.5015157697493737              1.6666666666670000              1.6666666666670000
       0.26750000               1.0005406634828140              0.0009453763015929              1.0012355604388972              1.5018533406575947              1.6666666666670000              1.6666666666670000
       0.27250000               1.0006986008518819              0.0011472444440333              1.0014976059242844              1.5022464088856755              1.6666666666670000              1.6666666666670000
       0.27750000               1.0008818636350236              0.0013811355233176              1.0018000473091631              1.5027000709629932              1.6666666666670000              1.6666666666670000
       0.28250000               1.0010897307232784              0.0016491666122435              1.0021458276544966              1.5032187414809930              1.6666666666670000              1.6666666666670000
       0.28750000               1.0013256016546688              0.0019531697198387              1.0025373478151096              1.5038060217219122              1.6666666666670000              1.6666666666670000
       0.29250000               1.0015897447594615              0.0022945503294461              1.0029765235435399              1.5044647853145576              1.6666666666670000              1.6666666666670000
       0.29750000               1.0018812906887635              0.0026741593195479              1.0034648818724197              1.5051973228078765              1.6666666666670000              1.6666666666670000
       0.30250000               1.0022032801540239              0.0030922616647672              1.0040035952869093              1.5060053929296109              1.6666666666670000              1.6666666666670000
       0.30750000               1.0025562060881450              0.0035486293949732              1.0045934069148126              1.5068901103714654              1.6666666666670000              1.6666666666670000
       0.31250000               1.0029397166733787              0.0040422013998448              1.0052351584411356              1.5078527376609494              1.6666666666670000              1.6666666666670000
       0.31750000               1.0033536505405065              0.0045725712817353              1.0059279816016038              1.5088919724016510              1.6666666666670000              1.6666666666670000
       0.32250000               1.0037969762827814              0.0051401640877706              1.0066692008235860              1.5100038012346237              1.6666666666670000              1.6666666666670000
       0.32750000               1.0042674119837822              0.0057449618865625              1.0074561263641266              1.5111841895454343              1.6666666666670000              1.6666666666670000
       0.33250000               1.0047630669656336              0.0063862230991773              1.0082865556328193              1.5124298334484727              1.6666666666670000              1.6666666666670000
       0.33750000               1.0052855731746004              0.0070618513861545              1.0091597280340709              1.5137395920503494              1.6666666666670000              1.6666666666670000
       0.34250000               1.0058331548115265              0.0077692777662979              1.0100752944945519              1.5151129417410703              1.6666666666670000              1.6666666666670000
       0.34750000               1.0064048821681608              0.0085060647094786              1.0110326283635387              1.5165489425445495              1.6666666666670000              1.6666666666670000
       0.35250000               1.0070010241715122              0.0092709177235417              1.0120295877244885              1.5180443815859734              1.6666666666670000              1.6666666666670000
       0.35750000               1.0076190511951553              0.0100628276112081              1.0130636899999559              1.5195955349991739              1.6666666666670000              1.6666666666670000
       0.36250000               1.0082567626650947              0.0108806494957593              1.0141327052036277              1.5211990578046810              1.6666666666670000              1.6666666666670000
       0.36750000               1.0089147857103138              0.0117231290481939              1.0152346604353750              1.5228519906523010              1.6666666666670000              1.6666666666670000
       0.37250000               1.0095913374518468              0.0125888604339256              1.0163679202863858              1.5245518804288161              1.6666666666670000              1.6666666666670000
       0.37750000               1.0102837244891307              0.0134765037692004              1.0175309149259044              1.5262963723880933              1.6666666666670000              1.6666666666670000
       0.38250000               1.0109928807624065              0.0143850744865555              1.0187217740128389              1.5280826610184943              1.6666666666670000              1.6666666666670000
       0.38750000               1.0117174454623641              0.0153136793200242              1.0199386746144663              1.5299080119209345              1.6666666666670000              1.6666666666670000
       0.39250000               1.0124552172563595              0.0162618004771050              1.0211794646201240              1.5317691969294198              1.6666666666670000              1.6666666666670000
       0.39750000               1.0132060490825554              0.0172280700791925              1.0224432702786004              1.5336649054171334              1.6666666666670000              1.6666666666670000
       0.40250000               1.0139709895825644              0.0182103838248562              1.0237303471328398              1.5355955206984921              1.6666666666670000              1.6666666666670000
       0.40750000               1.0147502152785322              0.0192058504911076              1.0250421483268799              1.5375632224895510              1.6666666666670000              1.6666666666670000
       0.41250000               1.0155415622700374              0.0202143032661525              1.0263766890693680              1.5395650336032822              1.6666666666670000              1.6666666666670000
       0.41750000               1.0163453064942847              0.0212368687859244              1.0277304142031112              1.5415956213038959              1.6666666666670000              1.6666666666670000
       0.42250000               1.0171587823926043              0.0222736040185096              1.0291012973837712              1.5436519460748850              1.6666666666670000              1.6666666666670000
       0.42750000               1.0179811592931880              0.0233235876312558              1.0304887222477308              1.5457330833708234              1.6666666666670000              1.6666666666670000
       0.43250000               1.0188127633613309              0.0243858603499798              1.0318922355785356              1.5478383533670295              1.6666666666670000              1.6666666666670000
       0.43750000               1.0196531746455932              0.0254594646888553              1.0333114917051935              1.5499672375570153              1.6666666666670000              1.6666666666670000
       0.44250000               1.0205010525555520              0.0265433127643828              1.0347464150534400              1.5521196225793836              1.6666666666670000              1.6666666666670000
       0.44750000               1.0213582815924300              0.0276367886278102              1.0361964004456334              1.5542946006676730              1.6666666666670000              1.6666666666670000
       0.45250000               1.0222237268781960              0.0287395895253882              1.0376605121930529              1.5564907682888012              1.6666666666670000              1.6666666666670000
       0.45750000               1.0230961418812499              0.0298512302412258              1.0391381334094378              1.5587072001133773              1.6666666666670000              1.6666666666670000
       0.46250000               1.0239766665059074              0.0309710453548185              1.0406289609397026              1.5609434414087735              1.6666666666670000              1.6666666666670000
       0.46750000               1.0248656489885752              0.0320977360174217              1.0421336083513519              1.5632004125262460              1.6666666666670000              1.6666666666670000
       0.47250000               1.0257605415863318              0.0332308122365260              1.0436516743703734              1.5654775115547772              1.6666666666670000              1.6666666666670000
       0.47750000               1.0266611882223424              0.0343712360752999              1.0451808736629067              1.5677713104935762              1.6666666666670000              1.6666666666670000
       0.48250000               1.0275675565757862              0.0355196512063108              1.0467193938635044              1.5700790907944717              1.6666666666670000              1.6666666666670000
       0.48750000               1.0284775421379870              0.0366770980495363              1.0482649333422263              1.5723974000125531              1.6666666666670000              1.6666666666670000
       0.49250000               1.0293910078338335              0.0378420554774132              1.0498186636154188              1.5747279954223408              1.6666666666670000              1.6666666666670000
       0.49750000               1.0303106510563333              0.0390117603209926              1.0513834767831129              1.5770752151738805              1.6666666666670000              1.6666666666670000
       0.50250000               1.0312372127542189              0.0401843742094015              1.0529610809763907              1.5794416214637965              1.6666666666670000              1.6666666666670000
       0.50750000               1.0321677682043593              0.0413610015494602              1.0545492627459527              1.5818238941181380              1.6666666666670000              1.6666666666670000
       0.51250000               1.0331037658493554              0.0425424271625860              1.0561462659124286              1.5842193988678506              1.6666666666670000              1.6666666666670000
       0.51750000               1.0340439509645141              0.0437292304449747              1.0577506381797490              1.5866259572688302              1.6666666666670000              1.6666666666670000
       0.52250000               1.0349861991126508              0.0449213867244519              1.0593617626562921              1.5890426439836438              1.6666666666670000              1.6666666666670000
       0.52750000               1.0359328836310062              0.0461183977298927              1.0609796908052969              1.5914695362071494              1.6666666666670000              1.6666666666670000
       0.53250000               1.0368840342505681              0.0473190242172689              1.0626055069007307              1.5939082603502990              1.6666666666670000              1.6666666666670000
       0.53750000               1.0378375078902464              0.0485230629706752              1.0642389161449850              1.5963583742166794              1.6666666666670000              1.6666666666670000
       0.54250000               1.0387953975720829              0.0497312293613569              1.0658783979443021              1.5988175969156537              1.6666666666670000              1.6666666666670000
       0.54750000               1.0397566743997169              0.0509435034400270              1.0675234470711801              1.6012851706059694              1.6666666666670000              1.6666666666670000
       0.55250000               1.0407197228842096              0.0521595012759977              1.0691740668996683              1.6037611003487002              1.6666666666670000              1.6666666666670000
       0.55750000               1.0416865294186488              0.0533783031803408              1.0708310093924989              1.6062465140879449              1.6666666666670000              1.6666666666670000
       0.56250000               1.0426584398395438              0.0545982879833628              1.0724960074477325              1.6087440111707942              1.6666666666670000              1.6666666666670000
       0.56750000               1.0436342888691978              0.0558177913482625              1.0741708745218594              1.6112563117819836              1.6666666666670000              1.6666666666670000
       0.57250000               1.0446117021976327              0.0570394937049817              1.0758514994051263              1.6137772491068823              1.6666666666670000              1.6666666666670000
       0.57750000               1.0455906829489283              0.0582655117180814              1.0775345308469060              1.6163017962695507              1.6666666666670000              1.6666666666670000
       0.58250000               1.0465686667757490              0.0594966999951073              1.0792183470847612              1.6188275206263321              1.6666666666670000              1.6666666666670000
       0.58750000               1.0475464325295765              0.0607313988848679              1.0809047740121123              1.6213571610173576              1.6666666666670000              1.6666666666670000
       0.59250000               1.0485297177378445              0.0619672224716670              1.0825966608456226              1.6238949912676217              1.6666666666670000              1.6666666666670000
       0.59750000               1.0495154542923597              0.0632026434486580              1.0842957069398482              1.6264435604089589              1.6666666666670000              1.6666666666670000
       0.60250000               1.0505020577144351              0.0644385971858238              1.0860002013079382              1.6290003019610928              1.6666666666670000              1.6666666666670000
       0.60750000               1.0514937710569578              0.0656757153194955              1.0877088917000319              1.6315633375492320              1.6666666666670000              1.6666666666670000
       0.61250000               1.0524860359208157              0.0669143526634575              1.0894208568237700              1.6341312852348380              1.6666666666670000              1.6666666666670000
       0.61750000               1.0534764988133904              0.0681545194570988              1.0911356974922806              1.6367035462376025              1.6666666666670000              1.6666666666670000
       0.62250000               1.0544720037062814              0.0693957598057972              1.0928536171365324              1.6392804257039788              1.6666666666670000              1.6666666666670000
       0.62750000               1.0554699874663591              0.0706362683111749              1.0945767169267371              1.6418650753892845              1.6666666666670000              1.6666666666670000
       0.63250000               1.0564673622349088              0.0718763404315994              1.0963042231882811              1.6444563347815992              1.6666666666670000              1.6666666666670000
       0.63750000               1.0574670189211217              0.0731179603611273              1.0980328600339384              1.6470492900500839              1.6666666666670000              1.6666666666670000
       0.64250000               1.0584641841805633              0.0743636796715515              1.0997588422123612              1.6496382633177169              1.6666666666670000              1.6666666666670000
       0.64750000               1.0594564511964382              0.0756110373325011              1.1014848918315032              1.6522273377464285              1.6666666666670000              1.6666666666670000
       0.65250000               1.0604552304753361              0.0768562224489540              1.1032162284304856              1.6548243426449007              1.6666666666670000              1.6666666666670000
       0.65750000               1.0614591931756057              0.0780964414878935              1.1049561049856722              1.6574341574776796              1.6666666666670000              1.6666666666670000
       0.66250000               1.0624607340868057              0.0793341249722352              1.1067008355349175              1.6600512533015463              1.6666666666670000              1.6666666666670000
       0.66750000               1.0634630636557756              0.0805716730426028              1.1084465968573636              1.6626698952852139              1.6666666666670000              1.6666666666670000
       0.67250000               1.0644633208766712              0.0818125728990179              1.1101873945764169              1.6652810918637926              1.6666666666670000              1.6666666666670000
       0.67750000               1.0654596604004469              0.0830540727064484              1.1119272029155844              1.6678908043725427              1.6666666666670000              1.6666666666670000
       0.68250000               1.0664456791750310              0.0842953012970613              1.1136649924860205              1.6704974887281956              1.6666666666670000              1.6666666666670000
       0.68750000               1.0674296521329265              0.0855339087132376              1.1154073722904463              1.6731110584348328              1.6666666666670000              1.6666666666670000
       0.69250000               1.0684020878396077              0.0867714409574363              1.1171519526034381              1.6757279289043194              1.6666666666670000              1.6666666666670000
       0.69750000               1.0693894462120379              0.0880101027151455              1.1188998897261608              1.6783498345884018              1.6666666666670000              1.6666666666670000
       0.70250000               1.0704037958007293              0.0892467535245897              1.1206461324459407              1.6809691986680706              1.6666666666670000              1.6666666666670000
       0.70750000               1.0714048125166589              0.0904758387575659              1.1223830858206219              1.6835746287300910              1.6666666666670000              1.6666666666670000
       0.71250000               1.0723974212298610              0.0916932946319890              1.1241035105658568              1.6861552658479420              1.6666666666670000              1.6666666666670000
       0.71750000               1.0733833203356420              0.0928832718452292              1.1257832045030545              1.6886748067537374              1.6666666666670000              1.6666666666670000
       0.72250000               1.0743815866290094              0.0940655320119066              1.1274899734132524              1.6912349601190326              1.6666666666670000              1.6666666666670000
       0.72750000               1.0754764257287408              0.0953897089873314              1.1294023260817287              1.6941034891217459              1.6666666666670000              1.6666666666670000
       0.73250000               1.0768094507481540              0.0970313425203575              1.1317210257301857              1.6975815385944297              1.6666666666670000              1.6666666666670000
       0.73750000               1.0781909382770876              0.0987588851295662              1.1341424610750108              1.7012136916116654              1.6666666666670000              1.6666666666670000
       0.74250000               1.0790528826597747              0.0998211519705371              1.1356703657275795              1.7035055485905173              1.6666666666670000              1.6666666666670000
       0.74750000               1.0790264569635961              0.0997578942955327              1.1356137293290995              1.7034205939927973              1.6666666666670000              1.6666666666670000
       0.75250000               1.0761549570104720              0.0963406320777135              1.1305769491122013              1.6958654236674540              1.6666666666670000              1.6666666666670000
       0.75750000               1.0673111160516755              0.0852542638830447              1.1151505280221550              1.6727257920323959              1.6666666666670000              1.6666666666670000
       0.76250000               1.0468860617270481              0.0599025452159509              1.0797628505491228              1.6196442758228742              1.6666666666670000              1.6666666666670000
       0.76750000               1.0202201054247999              0.0260961253525876              1.0342450168640001              1.5513675252952246              1.6666666666670000              1.6666666666670000
       0.77250000               1.0048453652026359              0.0064622313099439              1.0083838248817938              1.5125757373219342              1.6666666666670000              1.6666666666670000
       0.77750000               1.0011827659268946              0.0017495284519869              1.0022731620619718              1.5034097430922060              1.6666666666670000              1.6666666666670000
       0.78250000               1.0002026153722545              0.0004856000861265              1.0006381734309651              1.5009572601456973              1.6666666666670000              1.6666666666670000
       0.78750000               0.9999301644122379              0.0001360395488142              1.0001858934985599              1.5002788402470897              1.6666666666670000              1.6666666666670000
       0.79250000               0.9998551386403866              0.0000395862604625              1.0000608571426366              1.5000912857132045              1.6666666666670000              1.6666666666670000
       0.79750000               0.9998365596517341              0.0000119460422834              1.0000255070546871              1.5000382605812805              1.6666666666670000              1.6666666666670000
       0.80250000               0.9998331480254020              0.0000029520519704              1.0000152027747438              1.5000228041613657              1.6666666666670000              1.6666666666670000
       0.80750000               0.9998333342447573             -0.0000008261243262              1.0000121738841992              1.5000182608255486              1.6666666666670000              1.6666666666670000
       0.81250000               0.9998336262233403             -0.0000029495976106              1.0000113356440021              1.5000170034652531              1.6666666666670000              1.6666666666670000
       0.81750000               0.9998319980824347             -0.0000042821293428              1.0000109831142379              1.5000164746706068              1.6666666666670000              1.6666666666670000
       0.82250000               0.9998299371462325             -0.0000048830572361              1.0000102830622812              1.5000154245926720              1.6666666666670000              1.6666666666670000
       0.82750000               0.9998279149128054             -0.0000048626600886              1.0000091003006490              1.5000136504502235              1.6666666666670000              1.6666666666670000
       0.83250000               0.9998251115133204             -0.0000045061465882              1.0000077741056355              1.5000116611577032              1.6666666666670000              1.6666666666670000
       0.83750000               0.9998229953040386             -0.0000041364835897              1.0000067050485240              1.5000100575720361              1.6666666666670000              1.6666666666670000
       0.84250000               0.9998219904519116             -0.0000041216223946              1.0000062871000488              1.5000094306493230              1.6666666666670000              1.6666666666670000
       0.84750000               0.9998214141282916             -0.0000046466689446              1.0000066794472209              1.5000100191700814              1.6666666666670000              1.6666666666670000
       0.85250000               0.9998203929425206             -0.0000054403448847              1.0000074939847963              1.5000112409764443              1.6666666666670000              1.6666666666670000
       0.85750000               0.9998198391485386             -0.0000062509122684              1.0000083913808249              1.5000125870704872              1.6666666666670000              1.6666666666670000
       0.86250000               0.9998192622865381             -0.0000068432744248              1.0000090549975580              1.5000135824955869              1.6666666666670000              1.6666666666670000
       0.86750000               0.9998180169866062             -0.0000070277475807              1.0000092242855099              1.5000138364275146              1.6666666666670000              1.6666666666670000
       0.87250000               0.9998179456479437             -0.0000067733157596              1.0000088475294566              1.5000132712934349              1.6666666666670000              1.6666666666670000
       0.87750000               0.9998176439210914             -0.0000061984987907              1.0000080715731430              1.5000121073589645              1.6666666666670000              1.6666666666670000
       0.88250000               0.9998163885600846             -0.0000054386211683              1.0000070675753427              1.5000106013622641              1.6666666666670000              1.6666666666670000
       0.88750000               0.9998148856815589             -0.0000046636047271              1.0000060518021718              1.5000090777025077              1.6666666666670000              1.6666666666670000
       0.89250000               0.9998138374050656             -0.0000040791320644              1.0000052870699856              1.5000079306042284              1.6666666666670000              1.6666666666670000
       0.89750000               0.9998129637452521             -0.0000039062188538              1.0000050568786047              1.5000075853171573              1.6666666666670000              1.6666666666670000
       0.90250000               0.9998112884192751             -0.0000044254051025              1.0000057223246628              1.5000085834862442              1.6666666666670000              1.6666666666670000
       0.90750000               0.9998088084388429             -0.0000054036302858              1.0000069818754698              1.5000104728124546              1.6666666666670000              1.6666666666670000
       0.91250000               0.9998035546371836             -0.0000063619911033              1.0000082168105981              1.5000123252151472              1.6666666666670000              1.6666666666670000
       0.91750000               0.9997965966052148             -0.0000068750265762              1.0000088775603146              1.5000133163397220              1.6666666666670000              1.6666666666670000
       0.92250000               0.9997928028532103             -0.0000067872493606              1.0000087632371666              1.5000131448549998              1.6666666666670000              1.6666666666670000
       0.92750000               0.9997913619736365             -0.0000063098075695              1.0000081463276880              1.5000122194907819              1.6666666666670000              1.6666666666670000
       0.93250000               0.9997914508151255             -0.0000056390964530              1.0000072802363416              1.5000109203537624              1.6666666666670000              1.6666666666670000
       0.93750000               0.9997946017263925             -0.0000050215899587              1.0000064829780431              1.5000097244663146              1.6666666666670000              1.6666666666670000
       0.94250000               0.9997989207317208             -0.0000046798908148              1.0000060418090959              1.5000090627128937              1.6666666666670000              1.6666666666670000
       0.94750000               0.9998034120724835             -0.0000047011284728              1.0000060691640196              1.5000091037452794              1.6666666666670000              1.6666666666670000
       0.95250000               0.9998119113319125             -0.0000049974468580              1.0000064516108134              1.5000096774154701              1.6666666666670000              1.6666666666670000
       0.95750000               0.9998169024473188             -0.0000054830076292              1.0000070783326138              1.5000106174981709              1.6666666666670000              1.6666666666670000
       0.96250000               0.9998169786433698             -0.0000060524311874              1.0000078132979053              1.5000117199461080              1.6666666666670000              1.6666666666670000
       0.96750000               0.9998170766830892             -0.0000065781650925              1.0000084918670871              1.5000127377998804              1.6666666666670000              1.6666666666670000
       0.97250000               0.9998173266019768             -0.0000069172293233              1.0000089294874044              1.5000133942303564              1.6666666666670000              1.6666666666670000
       0.97750000               0.9998171738739769             -0.0000068985313277              1.0000089053158197              1.5000133579729793              1.6666666666670000              1.6666666666670000
       0.98250000               0.9998161760279415             -0.0000062903238378              1.0000081202035429              1.5000121803045643              1.6666666666670000              1.6666666666670000
       0.98750000               0.9998147496650855             -0.0000053548743209              1.0000069126940887              1.5000103690403830              1.6666666666670000              1.6666666666670000
       0.99250000               0.9998120410125724             -0.0000045275102610              1.0000058447335576              1.5000087670995863              1.6666666666670000              1.6666666666670000
       0.99750000               0.9998096480041067             -0.0000042205825537              1.0000054485930321              1.5000081728887982              1.6666666666670000              1.6666666666670000
