       0.00250000               1.0196580419338352              0.0231626136811286              1.0277033371396396              2.5692583428490994              1.3999999999999999              1.3999999999999999
       0.00750000               1.0209625372863556              0.0246860656593968              1.0295445887219992              2.5738614718049981              1.3999999999999999              1.3999999999999999
       0.01250000               1.0222969277485709              0.0262413220203781              1.0314284063770216              2.5785710159425546              1.3999999999999999              1.3999999999999999
       0.01750000               1.0236605451650969              0.0278239481614960              1.0333556444195864              2.5833891110489664              1.3999999999999999              1.3999999999999999
       0.02250000               1.0250508601943120              0.0294336602931401              1.0353223037016073              2.5883057592540188              1.3999999999999999              1.3999999999999999
       0.02750000               1.0264658582841324              0.0310706372036476              1.0373239942094226              2.5933099855235571              1.3999999999999999              1.3999999999999999
       0.03250000               1.0279030164424667              0.0327341118251927              1.0393576440278631              2.5983941100696586              1.3999999999999999              1.3999999999999999
       0.03750000               1.0293603549688595              0.0344225323797299              1.0414213072333771              2.6035532680834437              1.3999999999999999              1.3999999999999999
       0.04250000               1.0308365926283412              0.0361334870748255              1.0435142546159721              2.6087856365399311              1.3999999999999999              1.3999999999999999
       0.04750000               1.0323327402626012              0.0378638093610777              1.0456368489915533              2.6140921224788833              1.3999999999999999              1.3999999999999999
       0.05250000               1.0338487889081236              0.0396117763910898              1.0477878384884540              2.6194695962211356              1.3999999999999999              1.3999999999999999
       0.05750000               1.0353826777923749              0.0413770440236097              1.0499644060579889              2.6249110151449728              1.3999999999999999              1.3999999999999999
       0.06250000               1.0369318323041270              0.0431587884667571              1.0521644401063770              2.6304111002659427              1.3999999999999999              1.3999999999999999
       0.06750000               1.0384944410590327              0.0449558947911283              1.0543862905852639              2.6359657264631604              1.3999999999999999              1.3999999999999999
       0.07250000               1.0400716241178103              0.0467668881010590              1.0566288589696233              2.6415721474240588              1.3999999999999999              1.3999999999999999
       0.07750000               1.0416627255280098              0.0485892485285909              1.0588924323349558              2.6472310808373898              1.3999999999999999              1.3999999999999999
       0.08250000               1.0432669855413035              0.0504208638115732              1.0611768869735889              2.6529422174339730              1.3999999999999999              1.3999999999999999
       0.08750000               1.0448824032050006              0.0522630172866288              1.0634779310278977              2.6586948275697448              1.3999999999999999              1.3999999999999999
       0.09250000               1.0465063083223021              0.0541160879285835              1.0657924379944064              2.6644810949860163              1.3999999999999999              1.3999999999999999
       0.09750000               1.0481349839620340              0.0559803725955745              1.0681174055073963              2.6702935137684909              1.3999999999999999              1.3999999999999999
       0.10250000               1.0497718056375165              0.0578531093932283              1.0704536819833730              2.6761342049584331              1.3999999999999999              1.3999999999999999
       0.10750000               1.0514186791031257              0.0597296908841048              1.0728044926899329              2.6820112317248328              1.3999999999999999              1.3999999999999999
       0.11250000               1.0530739763243344              0.0616074242961161              1.0751706675347323              2.6879266688368317              1.3999999999999999              1.3999999999999999
       0.11750000               1.0547362416990054              0.0634880881804690              1.0775474398374252              2.6938685995935634              1.3999999999999999              1.3999999999999999
       0.12250000               1.0564030208350628              0.0653722347594914              1.0799315023941816              2.6998287559854544              1.3999999999999999              1.3999999999999999
       0.12750000               1.0580705901207315              0.0672599484366911              1.0823201263567179              2.7058003158917954              1.3999999999999999              1.3999999999999999
       0.13250000               1.0597400908113570              0.0691499161299286              1.0847122643985876              2.7117806609964696              1.3999999999999999              1.3999999999999999
       0.13750000               1.0614126429874893              0.0710394137297972              1.0871086032991968              2.7177715082479930              1.3999999999999999              1.3999999999999999
       0.14250000               1.0630859565716082              0.0729255461037004              1.0895100233453396              2.7237750583633500              1.3999999999999999              1.3999999999999999
       0.14750000               1.0647590517904493              0.0748091540528538              1.0919124293800140              2.7297810734500354              1.3999999999999999              1.3999999999999999
       0.15250000               1.0664316487878061              0.0766899897413605              1.0943131866459097              2.7357829666147748              1.3999999999999999              1.3999999999999999
       0.15750000               1.0680988665959030              0.0785668897383398              1.0967103341017985              2.7417758352544972              1.3999999999999999              1.3999999999999999
       0.16250000               1.0697620399552814              0.0804380499799681              1.0991029787477209              2.7477574468693029              1.3999999999999999              1.3999999999999999
       0.16750000               1.0714229471760928              0.0823005988845122              1.1014909262090387              2.7537273155225974              1.3999999999999999              1.3999999999999999
       0.17250000               1.0730794094439327              0.0841495595870607              1.1038767726505356              2.7596919316263397              1.3999999999999999              1.3999999999999999
       0.17750000               1.0747296175241199              0.0859855205459190              1.1062556446625949              2.7656391116564878              1.3999999999999999              1.3999999999999999
       0.18250000               1.0763709803692034              0.0878108308897750              1.1086193226347536              2.7715483065868849              1.3999999999999999              1.3999999999999999
       0.18750000               1.0779964851522801              0.0896254647415378              1.1109637114073279              2.7774092785183200              1.3999999999999999              1.3999999999999999
       0.19250000               1.0796048900103317              0.0914248160465098              1.1132876066212392              2.7832190165530988              1.3999999999999999              1.3999999999999999
       0.19750000               1.0812018211890286              0.0932054593015943              1.1155918753091392              2.7889796882728488              1.3999999999999999              1.3999999999999999
       0.20250000               1.0827825945042777              0.0949628342627319              1.1178750011977818              2.7946875029944551              1.3999999999999999              1.3999999999999999
       0.20750000               1.0843408301590669              0.0966953110927548              1.1201333678226348              2.8003334195565879              1.3999999999999999              1.3999999999999999
       0.21250000               1.0858823118752217              0.0983977545722252              1.1223599519445404              2.8058998798613515              1.3999999999999999              1.3999999999999999
       0.21750000               1.0873907253896502              0.1000630710398182              1.1245415436676889              2.8113538591692233              1.3999999999999999              1.3999999999999999
       0.22250000               1.0888538231471325              0.1016906327295978              1.1266665034972019              2.8166662587430054              1.3999999999999999              1.3999999999999999
       0.22750000               1.0902687054993336              0.1032631193192838              1.1287127610821550              2.8217819027053879              1.3999999999999999              1.3999999999999999
       0.23250000               1.0916570559554337              0.1047815640519375              1.1307236609317612              2.8268091523294037              1.3999999999999999              1.3999999999999999
       0.23750000               1.0930956355825698              0.1063454928398815              1.1328166719265564              2.8320416798163919              1.3999999999999999              1.3999999999999999
       0.24250000               1.0946851889927851              0.1081069074490961              1.1351198797163373              2.8377996992908443              1.3999999999999999              1.3999999999999999
       0.24750000               1.0962694052482347              0.1098717432724018              1.1374162106512871              2.8435405266282183              1.3999999999999999              1.3999999999999999
       0.25250000               1.0972674200948487              0.1109590211223308              1.1388725878437385              2.8471814696093469              1.3999999999999999              1.3999999999999999
       0.25750000               1.0972084848717525              0.1108803167458912              1.1387863282408373              2.8469658206020938              1.3999999999999999              1.3999999999999999
       0.26250000               1.0941652558262500              0.1076557386294654              1.1343597304311877              2.8358993260779699              1.3999999999999999              1.3999999999999999
       0.26750000               1.0836692107108004              0.0958674334561105              1.1191699610112185              2.7979249025280470              1.3999999999999999              1.3999999999999999
       0.27250000               1.0606499353142333              0.0701622584962548              1.0859933318235533              2.7149833295588834              1.3999999999999999              1.3999999999999999
       0.27750000               1.0282149332731969              0.0329414688319857              1.0397326520250441              2.5993316300626108              1.3999999999999999              1.3999999999999999
       0.28250000               1.0089859953043712              0.0106039958948075              1.0125998653424442              2.5314996633561111              1.3999999999999999              1.3999999999999999
       0.28750000               1.0039746469805841              0.0047116273124901              1.0055708985921794              2.5139272464804492              1.3999999999999999              1.3999999999999999
       0.29250000               1.0023638652138489              0.0028106830657651              1.0033122452296415              2.5082806130741044              1.3999999999999999              1.3999999999999999
       0.29750000               1.0016979602298175              0.0020241143630960              1.0023792008506180              2.5059480021265452              1.3999999999999999              1.3999999999999999
       0.30250000               1.0013349298703516              0.0015949815052017              1.0018706966284350              2.5046767415710880              1.3999999999999999              1.3999999999999999
       0.30750000               1.0010752130071319              0.0012877389679926              1.0015069705280446              2.5037674263201120              1.3999999999999999              1.3999999999999999
       0.31250000               1.0008537607447077              0.0010256100318000              1.0011968734775898              2.5029921836939750              1.3999999999999999              1.3999999999999999
       0.31750000               1.0006642640646990              0.0008011250936229              1.0009315520027917              2.5023288800069796              1.3999999999999999              1.3999999999999999
       0.32250000               1.0005149855090756              0.0006240155419486              1.0007225726240032              2.5018064315600088              1.3999999999999999              1.3999999999999999
       0.32750000               1.0004029990109962              0.0004908609294371              1.0005658260217216              2.5014145650543047              1.3999999999999999              1.3999999999999999
       0.33250000               1.0003164330838419              0.0003878406591421              1.0004446837431569              2.5011117093578923              1.3999999999999999              1.3999999999999999
       0.33750000               1.0002463928391012              0.0003046534078281              1.0003466837351991              2.5008667093379979              1.3999999999999999              1.3999999999999999
       0.34250000               1.0001895179311855              0.0002373758568615              1.0002671245224599              2.5006678113061502              1.3999999999999999              1.3999999999999999
       0.34750000               1.0001445511425544              0.0001843854146606              1.0002042413303720              2.5005106033259308              1.3999999999999999              1.3999999999999999
       0.35250000               1.0001096370470126              0.0001434074957169              1.0001554393717877              2.5003885984294700              1.3999999999999999              1.3999999999999999
       0.35750000               1.0000824955278877              0.0001116270008854              1.0001175216498461              2.5002938041246159              1.3999999999999999              1.3999999999999999
       0.36250000               1.0000612903679642              0.0000867892343378              1.0000879208002689              2.5002198020006725              1.3999999999999999              1.3999999999999999
       0.36750000               1.0000447908256049              0.0000674529492035              1.0000649112875974              2.5001622782189945              1.3999999999999999              1.3999999999999999
       0.37250000               1.0000320631376958              0.0000525720502991              1.0000471906157309              2.5001179765393280              1.3999999999999999              1.3999999999999999
       0.37750000               1.0000222904947758              0.0000412127164018              1.0000336079828280              2.5000840199570704              1.3999999999999999              1.3999999999999999
       0.38250000               1.0000147834287476              0.0000325589526585              1.0000232011916195              2.5000580029790491              1.3999999999999999              1.3999999999999999
       0.38750000               1.0000090324653914              0.0000259742469985              1.0000152585325768              2.5000381463314425              1.3999999999999999              1.3999999999999999
       0.39250000               1.0000046573178583              0.0000209887460284              1.0000092541016845              2.5000231352542115              1.3999999999999999              1.3999999999999999
       0.39750000               1.0000013515832269              0.0000172496273065              1.0000047470525706              2.5000118676314269              1.3999999999999999              1.3999999999999999
       0.40250000               0.9999988403285068              0.0000144771915811              1.0000013583027918              2.5000033957569801              1.3999999999999999              1.3999999999999999
       0.40750000               0.9999968962133210              0.0000124629902886              0.9999987722285358              2.4999969305713403              1.3999999999999999              1.3999999999999999
       0.41250000               0.9999953757607705              0.0000110197471558              0.9999967906738381              2.4999919766845959              1.3999999999999999              1.3999999999999999
       0.41750000               0.9999942146223744              0.0000099703818979              0.9999953118690762              2.4999882796726909              1.3999999999999999              1.3999999999999999
       0.42250000               0.9999933615717800              0.0000091618027910              0.9999942773267562              2.4999856933168911              1.3999999999999999              1.3999999999999999
       0.42750000               0.9999928039370619              0.0000084520587517              0.9999936672161163              2.4999841680402910              1.3999999999999999              1.3999999999999999
       0.43250000               0.9999924318070480              0.0000078510732901              0.9999933262690299              2.4999833156725755              1.3999999999999999              1.3999999999999999
       0.43750000               0.9999921220504734              0.0000074185732213              0.9999930777560956              2.4999826943902397              1.3999999999999999              1.3999999999999999
       0.44250000               0.9999917257316154              0.0000072530930943              0.9999927273587402              2.4999818183968512              1.3999999999999999              1.3999999999999999
       0.44750000               0.9999911968597756              0.0000073729593980              0.9999921956346801              2.4999804890867008              1.3999999999999999              1.3999999999999999
       0.45250000               0.9999907190812887              0.0000075195277800              0.9999917453953511              2.4999793634883782              1.3999999999999999              1.3999999999999999
       0.45750000               0.9999903827288689              0.0000075529608875              0.9999915101653513              2.4999787754133784              1.3999999999999999              1.3999999999999999
       0.46250000               0.9999901558583389              0.0000074886263538              0.9999914486005917              2.4999786215014796              1.3999999999999999              1.3999999999999999
       0.46750000               0.9999900025742414              0.0000073745857804              0.9999914871691898              2.4999787179229753              1.3999999999999999              1.3999999999999999
       0.47250000               0.9999898764077888              0.0000072374480913              0.9999915823721260              2.4999789559303154              1.3999999999999999              1.3999999999999999
       0.47750000               0.9999897501942308              0.0000071001411030              0.9999916984172947              2.4999792460432375              1.3999999999999999              1.3999999999999999
       0.48250000               0.9999896267769000              0.0000069623818630              0.9999918294410555              2.4999795736026393              1.3999999999999999              1.3999999999999999
       0.48750000               0.9999895045665123              0.0000068259161960              0.9999919689902409              2.4999799224756027              1.3999999999999999              1.3999999999999999
       0.49250000               0.9999893296831734              0.0000067272124053              0.9999920708306757              2.4999801770766896              1.3999999999999999              1.3999999999999999
       0.49750000               0.9999890981163997              0.0000066945943502              0.9999920992867402              2.4999802482168509              1.3999999999999999              1.3999999999999999
       0.50250000               0.9999888356906377              0.0000066997026452              0.9999920864022128              2.4999802160055324              1.3999999999999999              1.3999999999999999
       0.50750000               0.9999885332251744              0.0000067191830554              0.9999920587605914              2.4999801469014789              1.3999999999999999              1.3999999999999999
       0.51250000               0.9999882063100040              0.0000067330267603              0.9999920393130542              2.4999800982826361              1.3999999999999999              1.3999999999999999
       0.51750000               0.9999879884107638              0.0000066372789774              0.9999921505636722              2.4999803764091810              1.3999999999999999              1.3999999999999999
       0.52250000               0.9999880172400386              0.0000062221863779              0.9999926403553420              2.4999816008883555              1.3999999999999999              1.3999999999999999
       0.52750000               0.9999880609608857              0.0000057344345220              0.9999932165792413              2.4999830414481035              1.3999999999999999              1.3999999999999999
       0.53250000               0.9999878952886280              0.0000055001041478              0.9999934932600474              2.4999837331501191              1.3999999999999999              1.3999999999999999
       0.53750000               0.9999874119889899              0.0000056370664197              0.9999933308279765              2.4999833270699416              1.3999999999999999              1.3999999999999999
       0.54250000               0.9999866775513000              0.0000059866780970              0.9999929169213575              2.4999822923033945              1.3999999999999999              1.3999999999999999
       0.54750000               0.9999858942989445              0.0000063920750970              0.9999924370966192              2.4999810927415487              1.3999999999999999              1.3999999999999999
       0.55250000               0.9999852047150087              0.0000067023087611              0.9999920699263234              2.4999801748158093              1.3999999999999999              1.3999999999999999
       0.55750000               0.9999845927871118              0.0000068352760370              0.9999919125348657              2.4999797813371649              1.3999999999999999              1.3999999999999999
       0.56250000               0.9999840711945236              0.0000068113987748              0.9999919407457917              2.4999798518644800              1.3999999999999999              1.3999999999999999
       0.56750000               0.9999837070365653              0.0000066538796751              0.9999921270969704              2.4999803177424265              1.3999999999999999              1.3999999999999999
       0.57250000               0.9999833993086966              0.0000063748722962              0.9999924572026913              2.4999811430067287              1.3999999999999999              1.3999999999999999
       0.57750000               0.9999830354880845              0.0000060168475895              0.9999928808077269              2.4999822020193179              1.3999999999999999              1.3999999999999999
       0.58250000               0.9999826175819279              0.0000056710081295              0.9999932899989102              2.4999832249972762              1.3999999999999999              1.3999999999999999
       0.58750000               0.9999821765619570              0.0000054625609174              0.9999935366300345              2.4999838415750868              1.3999999999999999              1.3999999999999999
       0.59250000               0.9999814495686788              0.0000055950235519              0.9999933798983300              2.4999834497458258              1.3999999999999999              1.3999999999999999
       0.59750000               0.9999800140301033              0.0000062226920846              0.9999926372413019              2.4999815931032554              1.3999999999999999              1.3999999999999999
       0.60250000               0.9999785196037251              0.0000068210785759              0.9999919292340963              2.4999798230852410              1.3999999999999999              1.3999999999999999
       0.60750000               0.9999775225554398              0.0000071360730660              0.9999915565391783              2.4999788913479462              1.3999999999999999              1.3999999999999999
       0.61250000               0.9999768368288592              0.0000071580469598              0.9999915305494589              2.4999788263736482              1.3999999999999999              1.3999999999999999
       0.61750000               0.9999757970615432              0.0000070702789227              0.9999916344113713              2.4999790860284290              1.3999999999999999              1.3999999999999999
       0.62250000               0.9999748160699945              0.0000069439698851              0.9999917838832091              2.4999794597080234              1.3999999999999999              1.3999999999999999
       0.62750000               0.9999741817071924              0.0000068817372978              0.9999918575534152              2.4999796438835387              1.3999999999999999              1.3999999999999999
       0.63250000               0.9999734742227098              0.0000070214931073              0.9999916922531736              2.4999792306329347              1.3999999999999999              1.3999999999999999
       0.63750000               0.9999722362485616              0.0000072155754970              0.9999914627077465              2.4999786567693669              1.3999999999999999              1.3999999999999999
       0.64250000               0.9999711880170543              0.0000073311550265              0.9999913260988946              2.4999783152472372              1.3999999999999999              1.3999999999999999
       0.64750000               0.9999705564457471              0.0000073796066102              0.9999912689962533              2.4999781724906338              1.3999999999999999              1.3999999999999999
       0.65250000               0.9999698270148583              0.0000073966656938              0.9999912491611233              2.4999781229028089              1.3999999999999999              1.3999999999999999
       0.65750000               0.9999686478678743              0.0000073987934834              0.9999912471822752              2.4999781179556888              1.3999999999999999              1.3999999999999999
       0.66250000               0.9999678625209624              0.0000073866851473              0.9999912623358617              2.4999781558396550              1.3999999999999999              1.3999999999999999
       0.66750000               0.9999673258845130              0.0000073412810723              0.9999913173207139              2.4999782933017851              1.3999999999999999              1.3999999999999999
       0.67250000               0.9999663898108057              0.0000071291236450              0.9999915702623040              2.4999789256557605              1.3999999999999999              1.3999999999999999
       0.67750000               0.9999659472143612              0.0000066685360135              0.9999921181245710              2.4999802953114276              1.3999999999999999              1.3999999999999999
       0.68250000               0.9999666029361615              0.0000062544830144              0.9999926123857811              2.4999815309644533              1.3999999999999999              1.3999999999999999
       0.68750000               0.9999670634035583              0.0000062334168825              0.9999926438250919              2.4999816095627301              1.3999999999999999              1.3999999999999999
       0.69250000               0.9999654987837224              0.0000072021121504              0.9999915073591512              2.4999787683978787              1.3999999999999999              1.3999999999999999
       0.69750000               0.9999632385484137              0.0000083213689151              0.9999901973935117              2.4999754934837797              1.3999999999999999              1.3999999999999999
       0.70250000               0.9999622203940463              0.0000089171160246              0.9999895135904180              2.4999737839760456              1.3999999999999999              1.3999999999999999
       0.70750000               0.9999622103851989              0.0000089760964046              0.9999894746502489              2.4999736866256228              1.3999999999999999              1.3999999999999999
       0.71250000               0.9999620224829388              0.0000088029955764              0.9999897243587820              2.4999743108969557              1.3999999999999999              1.3999999999999999
       0.71750000               0.9999612126694982              0.0000085491639575              0.9999900896964169              2.4999752242410427              1.3999999999999999              1.3999999999999999
       0.72250000               0.9999610681500876              0.0000083794219439              0.9999903841576268              2.4999759603940674              1.3999999999999999              1.3999999999999999
       0.72750000               0.9999613286292636              0.0000083304338262              0.9999905762440697              2.4999764406101748              1.3999999999999999              1.3999999999999999
       0.73250000               0.9999613715018081              0.0000083426314178              0.9999907529350673              2.4999768823376689              1.3999999999999999              1.3999999999999999
       0.73750000               0.9999606350864554              0.0000083912704942              0.9999909662831874              2.4999774157079693              1.3999999999999999              1.3999999999999999
       0.74250000               0.9999599363358211              0.0000084929524026              0.9999912279027356              2.4999780697568394              1.3999999999999999              1.3999999999999999
       0.74750000               0.9999594245619989              0.0000087081681723              0.9999915088656041              2.4999787721640105              1.3999999999999999              1.3999999999999999
       0.75250000               0.9999585038189758              0.0000092812398436              0.9999915779303670              2.4999789448259180              1.3999999999999999              1.3999999999999999
       0.75750000               0.9999568466779915              0.0000103710334231              0.9999913251031309              2.4999783127578277              1.3999999999999999              1.3999999999999999
       0.76250000               0.9999552633327696              0.0000115513634161              0.9999913591336042              2.4999783978340111              1.3999999999999999              1.3999999999999999
       0.76750000               0.9999536199078131              0.0000123034847469              0.9999924329709693              2.4999810824274240              1.3999999999999999              1.3999999999999999
       0.77250000               0.9999498148376234              0.0000126465865580              0.9999947081541570              2.4999867703853931              1.3999999999999999              1.3999999999999999
       0.77750000               0.9999492966963293              0.0000135090549151              0.9999973286158511              2.4999933215396286              1.3999999999999999              1.3999999999999999
       0.78250000               0.9999528026118768              0.0000154897665055              0.9999999026557316              2.4999997566393297              1.3999999999999999              1.3999999999999999
       0.78750000               0.9999554545080014              0.0000186318422881              1.0000027908206572              2.5000069770516435              1.3999999999999999              1.3999999999999999
       0.79250000               0.9999583868662396              0.0000227720607888              1.0000067172944194              2.5000167932360489              1.3999999999999999              1.3999999999999999
       0.79750000               0.9999634995768846              0.0000279884162702              1.0000122704020094              2.5000306760050237              1.3999999999999999              1.3999999999999999
       0.80250000               0.9999727638186188              0.0000346063341339              1.0000199313387452              2.5000498283468637              1.3999999999999999              1.3999999999999999
       0.80750000               0.9999805659567826              0.0000432394922805              1.0000300684446914              2.5000751711117295              1.3999999999999999              1.3999999999999999
       0.81250000               0.9999886767344717              0.0000544933588809              1.0000433376379361              2.5001083440948406              1.3999999999999999              1.3999999999999999
       0.81750000               0.9999999069405122              0.0000691048672175              1.0000605741302664              2.5001514353256664              1.3999999999999999              1.3999999999999999
       0.82250000               1.0000151878457213              0.0000879451582592              1.0000828530081554              2.5002071325203890              1.3999999999999999              1.3999999999999999
       0.82750000               1.0000355463197443              0.0001118399566760              1.0001117717136412              2.5002794292841037              1.3999999999999999              1.3999999999999999
       0.83250000               1.0000624173009383              0.0001416040857108              1.0001494832864890              2.5003737082162232              1.3999999999999999              1.3999999999999999
       0.83750000               1.0000961234210903              0.0001795327205811              1.0001970071331843              2.5004925178329613              1.3999999999999999              1.3999999999999999
       0.84250000               1.0001365145640284              0.0002284603407236              1.0002554145049909              2.5006385362624779              1.3999999999999999              1.3999999999999999
       0.84750000               1.0001855535693938              0.0002919251722161              1.0003256971856602              2.5008142429641511              1.3999999999999999              1.3999999999999999
       0.85250000               1.0002474443702216              0.0003706663021934              1.0004129604229675              2.5010324010574192              1.3999999999999999              1.3999999999999999
       0.85750000               1.0003254595634432              0.0004657307742188              1.0005227693627905              2.5013069234069771              1.3999999999999999              1.3999999999999999
       0.86250000               1.0004219655748379              0.0005800373333814              1.0006592868906392              2.5016482172265988              1.3999999999999999              1.3999999999999999
       0.86750000               1.0005406589299906              0.0007183028563121              1.0008253077397320              2.5020632693493301              1.3999999999999999              1.3999999999999999
       0.87250000               1.0006831497656159              0.0008847896236112              1.0010248230682619              2.5025620576706551              1.3999999999999999              1.3999999999999999
       0.87750000               1.0008520430007106              0.0010842723801570              1.0012617227812592              2.5031543069531490              1.3999999999999999              1.3999999999999999
       0.88250000               1.0010524120817261              0.0013204001927928              1.0015415338865281              2.5038538347163213              1.3999999999999999              1.3999999999999999
       0.88750000               1.0012895105938642              0.0015973003081946              1.0018692781685232              2.5046731954213088              1.3999999999999999              1.3999999999999999
       0.89250000               1.0015639789579458              0.0019187908136468              1.0022501330352045              2.5056253325880116              1.3999999999999999              1.3999999999999999
       0.89750000               1.0018759053506703              0.0022888150789782              1.0026886312678334              2.5067215781695835              1.3999999999999999              1.3999999999999999
       0.90250000               1.0022326009532769              0.0027110453717254              1.0031888615765110              2.5079721539412780              1.3999999999999999              1.3999999999999999
       0.90750000               1.0026367480887179              0.0031889053345945              1.0037541990102445              2.5093854975256118              1.3999999999999999              1.3999999999999999
       0.91250000               1.0030896682132855              0.0037247891992575              1.0043880367979785              2.5109700919949467              1.3999999999999999              1.3999999999999999
       0.91750000               1.0035923598432386              0.0043202279998612              1.0050934541782912              2.5127336354457284              1.3999999999999999              1.3999999999999999
       0.92250000               1.0041479819830552              0.0049756606354565              1.0058734207864723              2.5146835519661814              1.3999999999999999              1.3999999999999999
       0.92750000               1.0047581006683242              0.0056912433317429              1.0067298327779750              2.5168245819449377              1.3999999999999999              1.3999999999999999
       0.93250000               1.0054210631459632              0.0064690426356155              1.0076609490775748              2.5191523726939375              1.3999999999999999              1.3999999999999999
       0.93750000               1.0061353955341765              0.0073103770904212              1.0086646482173895              2.5216616205434748              1.3999999999999999              1.3999999999999999
       0.94250000               1.0069006694805527              0.0082148636663538              1.0097396989867828              2.5243492474669580              1.3999999999999999              1.3999999999999999
       0.94750000               1.0077166451058619              0.0091802239697576              1.0108861549334673              2.5272153873336691              1.3999999999999999              1.3999999999999999
       0.95250000               1.0085826309046282              0.0102035259408186              1.0121040410698461              2.5302601026746161              1.3999999999999999              1.3999999999999999
       0.95750000               1.0094996320792367              0.0112813732816844              1.0133932966206070              2.5334832415515183              1.3999999999999999              1.3999999999999999
       0.96250000               1.0104655904689972              0.0124127488034931              1.0147505223726045              2.5368763059315120              1.3999999999999999              1.3999999999999999
       0.96750000               1.0114769445468013              0.0135963379438295              1.0161723124293713              2.5404307810734288              1.3999999999999999              1.3999999999999999
       0.97250000               1.0125302432263912              0.0148304820827590              1.0176554296732057              2.5441385741830147              1.3999999999999999              1.3999999999999999
       0.97750000               1.0136246774167412              0.0161130734077270              1.0191970413855118              2.5479926034637805              1.3999999999999999              1.3999999999999999
       0.98250000               1.0147589854569299              0.0174415844552539              1.0207947738785541              2.5519869346963859              1.3999999999999999              1.3999999999999999
       0.98750000               1.0159320852673677              0.0188124449640899              1.0224475345585669              2.5561188363964176              1.3999999999999999              1.3999999999999999
       0.99250000               1.0171416611719759              0.0202236037153019              1.0241524840023239              2.5603812100058105              1.3999999999999999              1.3999999999999999
       0.99750000               1.0183841463910523              0.0216742631078862              1.0259053786700478              2.5647634466751201              1.3999999999999999              1.3999999999999999
