       0.00250000               1.8555100971351610              0.9999999999999993              0.5999999999998793              0.8999999999993690              1.6666666666670000              1.6666666666670000
       0.00750000               1.8877428074214773              0.9999999999999998              0.5999999999998797              0.8999999999993696              1.6666666666670000              1.6666666666670000
       0.01250000               1.9165958789886277              0.9999999999999999              0.5999999999998802              0.8999999999993702              1.6666666666670000              1.6666666666670000
       0.01750000               1.9416683071902887              0.9999999999999993              0.5999999999998802              0.8999999999993702              1.6666666666670000              1.6666666666670000
       0.02250000               1.9626053299647885              0.9999999999999990              0.5999999999998813              0.8999999999993719              1.6666666666670000              1.6666666666670000
       0.02750000               1.9791060056716183              0.9999999999999991              0.5999999999998812              0.8999999999993716              1.6666666666670000              1.6666666666670000
       0.03250000               1.9909288601968287              0.9999999999999996              0.5999999999998804              0.8999999999993706              1.6666666666670000              1.6666666666670000
       0.03750000               1.9978960785559059              0.9999999999999998              0.5999999999998805              0.8999999999993707              1.6666666666670000              1.6666666666670000
       0.04250000               1.9998980377298929              0.9999999999999997              0.5999999999998806              0.8999999999993709              1.6666666666670000              1.6666666666670000
       0.04750000               1.9969010111337602              0.9999999999999994              0.5999999999998809              0.8999999999993712              1.6666666666670000              1.6666666666670000
       0.05250000               1.9889529574384868              0.9999999999999993              0.5999999999998805              0.8999999999993707              1.6666666666670000              1.6666666666670000
       0.05750000               1.9761774026670349              0.9999999999999992              0.5999999999998809              0.8999999999993712              1.6666666666670000              1.6666666666670000
       0.06250000               1.9587660966758922              0.9999999999999997              0.5999999999998803              0.8999999999993705              1.6666666666670000              1.6666666666670000
       0.06750000               1.9369739657528233              1.0000000000000000              0.5999999999998792              0.8999999999993687              1.6666666666670000              1.6666666666670000
       0.07250000               1.9111141105911937              1.0000000000000011              0.5999999999998790              0.8999999999993684              1.6666666666670000              1.6666666666670000
       0.07750000               1.8815515033541712              1.0000000000000011              0.5999999999998793              0.8999999999993690              1.6666666666670000              1.6666666666670000
       0.08250000               1.8486950951501089              1.0000000000000002              0.5999999999998793              0.8999999999993689              1.6666666666670000              1.6666666666670000
       0.08750000               1.8129885711403184              1.0000000000000000              0.5999999999998805              0.8999999999993706              1.6666666666670000              1.6666666666670000
       0.09250000               1.7749002524669450              1.0000000000000002              0.5999999999998796              0.8999999999993694              1.6666666666670000              1.6666666666670000
       0.09750000               1.7349126914206405              1.0000000000000007              0.5999999999998795              0.8999999999993692              1.6666666666670000              1.6666666666670000
       0.10250000               1.6935124293851789              1.0000000000000004              0.5999999999998795              0.8999999999993692              1.6666666666670000              1.6666666666670000
       0.10750000               1.6511802660383912              1.0000000000000000              0.5999999999998797              0.8999999999993695              1.6666666666670000              1.6666666666670000
       0.11250000               1.6083822806137649              0.9999999999999999              0.5999999999998802              0.8999999999993702              1.6666666666670000              1.6666666666670000
       0.11750000               1.5655617763167711              0.9999999999999991              0.5999999999998810              0.8999999999993714              1.6666666666670000              1.6666666666670000
       0.12250000               1.5231322821802880              0.9999999999999994              0.5999999999998807              0.8999999999993711              1.6666666666670000              1.6666666666670000
       0.12750000               1.4814717238023059              0.9999999999999999              0.5999999999998803              0.8999999999993704              1.6666666666670000              1.6666666666670000
       0.13250000               1.4409178479400229              1.0000000000000004              0.5999999999998795              0.8999999999993693              1.6666666666670000              1.6666666666670000
       0.13750000               1.4017649481738874              1.0000000000000020              0.5999999999998775              0.8999999999993663              1.6666666666670000              1.6666666666670000
       0.14250000               1.3642618921780716              1.0000000000000004              0.5999999999998787              0.8999999999993682              1.6666666666670000              1.6666666666670000
       0.14750000               1.3286114030199290              1.0000000000000011              0.5999999999998792              0.8999999999993687              1.6666666666670000              1.6666666666670000
       0.15250000               1.2949705045112703              0.9999999999999990              0.5999999999998805              0.8999999999993707              1.6666666666670000              1.6666666666670000
       0.15750000               1.2634520078131750              1.0000000000000004              0.5999999999998796              0.8999999999993693              1.6666666666670000              1.6666666666670000
       0.16250000               1.2341268937713181              0.9999999999999997              0.5999999999998807              0.8999999999993711              1.6666666666670000              1.6666666666670000
       0.16750000               1.2070274315421041              0.9999999999999994              0.5999999999998805              0.8999999999993707              1.6666666666670000              1.6666666666670000
       0.17250000               1.1821508674451704              0.9999999999999979              0.5999999999998824              0.8999999999993735              1.6666666666670000              1.6666666666670000
       0.17750000               1.1594635176452592              1.0000000000000002              0.5999999999998806              0.8999999999993709              1.6666666666670000              1.6666666666670000
       0.18250000               1.1389051036751745              0.9999999999999977              0.5999999999998824              0.8999999999993735              1.6666666666670000              1.6666666666670000
       0.18750000               1.1203931804434899              0.9999999999999988              0.5999999999998809              0.8999999999993711              1.6666666666670000              1.6666666666670000
       0.19250000               1.1038275214347335              0.9999999999999994              0.5999999999998807              0.8999999999993711              1.6666666666670000              1.6666666666670000
       0.19750000               1.0890943442036582              0.9999999999999993              0.5999999999998812              0.8999999999993716              1.6666666666670000              1.6666666666670000
       0.20250000               1.0760702797378221              0.9999999999999963              0.5999999999998836              0.8999999999993754              1.6666666666670000              1.6666666666670000
       0.20750000               1.0646260106034111              0.9999999999999998              0.5999999999998804              0.8999999999993706              1.6666666666670000              1.6666666666670000
       0.21250000               1.0546295239519683              1.0000000000000018              0.5999999999998791              0.8999999999993685              1.6666666666670000              1.6666666666670000
       0.21750000               1.0459489456007065              0.9999999999999972              0.5999999999998828              0.8999999999993743              1.6666666666670000              1.6666666666670000
       0.22250000               1.0384549398431548              0.9999999999999998              0.5999999999998803              0.8999999999993703              1.6666666666670000              1.6666666666670000
       0.22750000               1.0320226759034461              1.0000000000000020              0.5999999999998784              0.8999999999993676              1.6666666666670000              1.6666666666670000
       0.23250000               1.0265333756812067              1.0000000000000002              0.5999999999998793              0.8999999999993689              1.6666666666670000              1.6666666666670000
       0.23750000               1.0218754684684010              1.0000000000000000              0.5999999999998802              0.8999999999993702              1.6666666666670000              1.6666666666670000
       0.24250000               1.0179453866277297              0.9999999999999982              0.5999999999998816              0.8999999999993723              1.6666666666670000              1.6666666666670000
       0.24750000               1.0146480419099311              1.0000000000000007              0.5999999999998791              0.8999999999993685              1.6666666666670000              1.6666666666670000
       0.25250000               1.0118970253641735              1.0000000000000016              0.5999999999998784              0.8999999999993676              1.6666666666670000              1.6666666666670000
       0.25750000               1.0096145749448213              1.0000000000000004              0.5999999999998792              0.8999999999993687              1.6666666666670000              1.6666666666670000
       0.26250000               1.0077313542693149              1.0000000000000009              0.5999999999998791              0.8999999999993684              1.6666666666670000              1.6666666666670000
       0.26750000               1.0061860838863015              0.9999999999999973              0.5999999999998822              0.8999999999993733              1.6666666666670000              1.6666666666670000
       0.27250000               1.0049250632225635              0.9999999999999987              0.5999999999998816              0.8999999999993723              1.6666666666670000              1.6666666666670000
       0.27750000               1.0039016174272402              1.0000000000000011              0.5999999999998785              0.8999999999993679              1.6666666666670000              1.6666666666670000
       0.28250000               1.0030754989278043              1.0000000000000016              0.5999999999998781              0.8999999999993671              1.6666666666670000              1.6666666666670000
       0.28750000               1.0024122689211514              0.9999999999999951              0.5999999999998844              0.8999999999993765              1.6666666666670000              1.6666666666670000
       0.29250000               1.0018826794665150              1.0000000000000000              0.5999999999998796              0.8999999999993694              1.6666666666670000              1.6666666666670000
       0.29750000               1.0014620725003964              1.0000000000000007              0.5999999999998791              0.8999999999993686              1.6666666666670000              1.6666666666670000
       0.30250000               1.0011298080862068              0.9999999999999982              0.5999999999998813              0.8999999999993719              1.6666666666670000              1.6666666666670000
       0.30750000               1.0008687306313588              0.9999999999999996              0.5999999999998796              0.8999999999993694              1.6666666666670000              1.6666666666670000
       0.31250000               1.0006646787004396              1.0000000000000009              0.5999999999998787              0.8999999999993681              1.6666666666670000              1.6666666666670000
       0.31750000               1.0005060414435214              0.9999999999999976              0.5999999999998826              0.8999999999993739              1.6666666666670000              1.6666666666670000
       0.32250000               1.0003833625354210              0.9999999999999998              0.5999999999998805              0.8999999999993706              1.6666666666670000              1.6666666666670000
       0.32750000               1.0002889908573389              0.9999999999999982              0.5999999999998823              0.8999999999993734              1.6666666666670000              1.6666666666670000
       0.33250000               1.0002167759053373              0.9999999999999991              0.5999999999998812              0.8999999999993717              1.6666666666670000              1.6666666666670000
       0.33750000               1.0001618050314389              0.9999999999999996              0.5999999999998804              0.8999999999993705              1.6666666666670000              1.6666666666670000
       0.34250000               1.0001201790577343              0.9999999999999980              0.5999999999998821              0.8999999999993731              1.6666666666670000              1.6666666666670000
       0.34750000               1.0000888224980602              1.0000000000000031              0.5999999999998777              0.8999999999993664              1.6666666666670000              1.6666666666670000
       0.35250000               1.0000653245227398              0.9999999999999989              0.5999999999998812              0.8999999999993719              1.6666666666670000              1.6666666666670000
       0.35750000               1.0000478068613505              1.0000000000000047              0.5999999999998749              0.8999999999993624              1.6666666666670000              1.6666666666670000
       0.36250000               1.0000348150144076              0.9999999999999982              0.5999999999998815              0.8999999999993723              1.6666666666670000              1.6666666666670000
       0.36750000               1.0000252293987371              1.0000000000000000              0.5999999999998799              0.8999999999993699              1.6666666666670000              1.6666666666670000
       0.37250000               1.0000181933544954              0.9999999999999996              0.5999999999998806              0.8999999999993709              1.6666666666670000              1.6666666666670000
       0.37750000               1.0000130552675741              0.9999999999999996              0.5999999999998803              0.8999999999993704              1.6666666666670000              1.6666666666670000
       0.38250000               1.0000093223929680              1.0000000000000016              0.5999999999998783              0.8999999999993674              1.6666666666670000              1.6666666666670000
       0.38750000               1.0000066242869103              0.9999999999999996              0.5999999999998800              0.8999999999993699              1.6666666666670000              1.6666666666670000
       0.39250000               1.0000046840589742              1.0000000000000020              0.5999999999998779              0.8999999999993668              1.6666666666670000              1.6666666666670000
       0.39750000               1.0000032959330538              0.9999999999999978              0.5999999999998824              0.8999999999993736              1.6666666666670000              1.6666666666670000
       0.40250000               1.0000023078548801              0.9999999999999987              0.5999999999998817              0.8999999999993726              1.6666666666670000              1.6666666666670000
       0.40750000               1.0000016081034859              1.0000000000000033              0.5999999999998767              0.8999999999993651              1.6666666666670000              1.6666666666670000
       0.41250000               1.0000011150545931              0.9999999999999971              0.5999999999998834              0.8999999999993751              1.6666666666670000              1.6666666666670000
       0.41750000               1.0000007694065738              0.9999999999999998              0.5999999999998801              0.8999999999993701              1.6666666666670000              1.6666666666670000
       0.42250000               1.0000005283160878              1.0000000000000018              0.5999999999998781              0.8999999999993671              1.6666666666670000              1.6666666666670000
       0.42750000               1.0000003610026706              0.9999999999999993              0.5999999999998810              0.8999999999993714              1.6666666666670000              1.6666666666670000
       0.43250000               1.0000002454747672              1.0000000000000013              0.5999999999998786              0.8999999999993680              1.6666666666670000              1.6666666666670000
       0.43750000               1.0000001661061368              1.0000000000000004              0.5999999999998795              0.8999999999993693              1.6666666666670000              1.6666666666670000
       0.44250000               1.0000001118533723              0.9999999999999984              0.5999999999998814              0.8999999999993720              1.6666666666670000              1.6666666666670000
       0.44750000               1.0000000749541069              0.9999999999999993              0.5999999999998809              0.8999999999993713              1.6666666666670000              1.6666666666670000
       0.45250000               1.0000000499824655              0.9999999999999991              0.5999999999998805              0.8999999999993707              1.6666666666670000              1.6666666666670000
       0.45750000               1.0000000331672450              1.0000000000000013              0.5999999999998789              0.8999999999993682              1.6666666666670000              1.6666666666670000
       0.46250000               1.0000000219017373              0.9999999999999998              0.5999999999998804              0.8999999999993706              1.6666666666670000              1.6666666666670000
       0.46750000               1.0000000143931207              1.0000000000000027              0.5999999999998774              0.8999999999993661              1.6666666666670000              1.6666666666670000
       0.47250000               1.0000000094139445              0.9999999999999982              0.5999999999998815              0.8999999999993723              1.6666666666670000              1.6666666666670000
       0.47750000               1.0000000061279233              1.0000000000000002              0.5999999999998790              0.8999999999993683              1.6666666666670000              1.6666666666670000
       0.48250000               1.0000000039689343              1.0000000000000016              0.5999999999998779              0.8999999999993668              1.6666666666670000              1.6666666666670000
       0.48750000               1.0000000025567546              0.9999999999999991              0.5999999999998809              0.8999999999993712              1.6666666666670000              1.6666666666670000
       0.49250000               1.0000000016379267              0.9999999999999993              0.5999999999998807              0.8999999999993711              1.6666666666670000              1.6666666666670000
       0.49750000               1.0000000010441461              1.0000000000000011              0.5999999999998791              0.8999999999993686              1.6666666666670000              1.6666666666670000
       0.50250000               1.0000000006634540              1.0000000000000000              0.5999999999998804              0.8999999999993705              1.6666666666670000              1.6666666666670000
       0.50750000               1.0000000004210439              1.0000000000000013              0.5999999999998791              0.8999999999993685              1.6666666666670000              1.6666666666670000
       0.51250000               1.0000000002670382              1.0000000000000004              0.5999999999998802              0.8999999999993701              1.6666666666670000              1.6666666666670000
       0.51750000               1.0000000001686746              0.9999999999999996              0.5999999999998804              0.8999999999993705              1.6666666666670000              1.6666666666670000
       0.52250000               1.0000000001051168              1.0000000000000013              0.5999999999998794              0.8999999999993691              1.6666666666670000              1.6666666666670000
       0.52750000               1.0000000000637357              1.0000000000000029              0.5999999999998775              0.8999999999993662              1.6666666666670000              1.6666666666670000
       0.53250000               1.0000000000374272              0.9999999999999989              0.5999999999998811              0.8999999999993716              1.6666666666670000              1.6666666666670000
       0.53750000               1.0000000000226421              1.0000000000000011              0.5999999999998793              0.8999999999993690              1.6666666666670000              1.6666666666670000
       0.54250000               1.0000000000180065              0.9999999999999987              0.5999999999998817              0.8999999999993726              1.6666666666670000              1.6666666666670000
       0.54750000               1.0000000000232958              0.9999999999999996              0.5999999999998814              0.8999999999993721              1.6666666666670000              1.6666666666670000
       0.55250000               1.0000000000390938              1.0000000000000027              0.5999999999998775              0.8999999999993661              1.6666666666670000              1.6666666666670000
       0.55750000               1.0000000000672564              0.9999999999999989              0.5999999999998813              0.8999999999993720              1.6666666666670000              1.6666666666670000
       0.56250000               1.0000000001118690              0.9999999999999980              0.5999999999998821              0.8999999999993730              1.6666666666670000              1.6666666666670000
       0.56750000               1.0000000001806983              1.0000000000000002              0.5999999999998795              0.8999999999993692              1.6666666666670000              1.6666666666670000
       0.57250000               1.0000000002871763              0.9999999999999987              0.5999999999998811              0.8999999999993716              1.6666666666670000              1.6666666666670000
       0.57750000               1.0000000004532219              1.0000000000000002              0.5999999999998793              0.8999999999993689              1.6666666666670000              1.6666666666670000
       0.58250000               1.0000000007133616              0.9999999999999973              0.5999999999998823              0.8999999999993734              1.6666666666670000              1.6666666666670000
       0.58750000               1.0000000011206318              0.9999999999999982              0.5999999999998816              0.8999999999993725              1.6666666666670000              1.6666666666670000
       0.59250000               1.0000000017553929              1.0000000000000004              0.5999999999998797              0.8999999999993696              1.6666666666670000              1.6666666666670000
       0.59750000               1.0000000027385878              1.0000000000000029              0.5999999999998772              0.8999999999993656              1.6666666666670000              1.6666666666670000
       0.60250000               1.0000000042518273              0.9999999999999978              0.5999999999998817              0.8999999999993724              1.6666666666670000              1.6666666666670000
       0.60750000               1.0000000065673529              0.9999999999999991              0.5999999999998809              0.8999999999993713              1.6666666666670000              1.6666666666670000
       0.61250000               1.0000000100920414              1.0000000000000022              0.5999999999998769              0.8999999999993653              1.6666666666670000              1.6666666666670000
       0.61750000               1.0000000154309834              1.0000000000000013              0.5999999999998779              0.8999999999993668              1.6666666666670000              1.6666666666670000
       0.62250000               1.0000000234787261              0.9999999999999971              0.5999999999998824              0.8999999999993735              1.6666666666670000              1.6666666666670000
       0.62750000               1.0000000355497722              1.0000000000000013              0.5999999999998787              0.8999999999993681              1.6666666666670000              1.6666666666670000
       0.63250000               1.0000000535646987              1.0000000000000002              0.5999999999998800              0.8999999999993699              1.6666666666670000              1.6666666666670000
       0.63750000               1.0000000803143243              0.9999999999999987              0.5999999999998815              0.8999999999993723              1.6666666666670000              1.6666666666670000
       0.64250000               1.0000001198325750              0.9999999999999998              0.5999999999998802              0.8999999999993702              1.6666666666670000              1.6666666666670000
       0.64750000               1.0000001779191077              0.9999999999999967              0.5999999999998834              0.8999999999993752              1.6666666666670000              1.6666666666670000
       0.65250000               1.0000002628669811              1.0000000000000011              0.5999999999998791              0.8999999999993686              1.6666666666670000              1.6666666666670000
       0.65750000               1.0000003864696365              1.0000000000000018              0.5999999999998794              0.8999999999993692              1.6666666666670000              1.6666666666670000
       0.66250000               1.0000005654058148              1.0000000000000016              0.5999999999998784              0.8999999999993676              1.6666666666670000              1.6666666666670000
       0.66750000               1.0000008231329436              1.0000000000000002              0.5999999999998805              0.8999999999993706              1.6666666666670000              1.6666666666670000
       0.67250000               1.0000011924594763              1.0000000000000020              0.5999999999998786              0.8999999999993679              1.6666666666670000              1.6666666666670000
       0.67750000               1.0000017190175887              1.0000000000000013              0.5999999999998793              0.8999999999993689              1.6666666666670000              1.6666666666670000
       0.68250000               1.0000024659211442              0.9999999999999987              0.5999999999998815              0.8999999999993722              1.6666666666670000              1.6666666666670000
       0.68750000               1.0000035199730277              0.9999999999999989              0.5999999999998816              0.8999999999993724              1.6666666666670000              1.6666666666670000
       0.69250000               1.0000049998831109              1.0000000000000029              0.5999999999998777              0.8999999999993665              1.6666666666670000              1.6666666666670000
       0.69750000               1.0000070670760823              0.9999999999999987              0.5999999999998820              0.8999999999993730              1.6666666666670000              1.6666666666670000
       0.70250000               1.0000099398098756              1.0000000000000002              0.5999999999998797              0.8999999999993695              1.6666666666670000              1.6666666666670000
       0.70750000               1.0000139114932787              0.9999999999999991              0.5999999999998803              0.8999999999993704              1.6666666666670000              1.6666666666670000
       0.71250000               1.0000193742868779              1.0000000000000016              0.5999999999998789              0.8999999999993682              1.6666666666670000              1.6666666666670000
       0.71750000               1.0000268492972852              1.0000000000000002              0.5999999999998796              0.8999999999993694              1.6666666666670000              1.6666666666670000
       0.72250000               1.0000370249295603              1.0000000000000011              0.5999999999998793              0.8999999999993690              1.6666666666670000              1.6666666666670000
       0.72750000               1.0000508052461485              0.9999999999999996              0.5999999999998809              0.8999999999993712              1.6666666666670000              1.6666666666670000
       0.73250000               1.0000693704879227              1.0000000000000022              0.5999999999998782              0.8999999999993672              1.6666666666670000              1.6666666666670000
       0.73750000               1.0000942522375571              1.0000000000000002              0.5999999999998799              0.8999999999993696              1.6666666666670000              1.6666666666670000
       0.74250000               1.0001274260365292              1.0000000000000020              0.5999999999998783              0.8999999999993675              1.6666666666670000              1.6666666666670000
       0.74750000               1.0001714245902473              0.9999999999999989              0.5999999999998810              0.8999999999993715              1.6666666666670000              1.6666666666670000
       0.75250000               1.0002294749904519              0.9999999999999991              0.5999999999998807              0.8999999999993711              1.6666666666670000              1.6666666666670000
       0.75750000               1.0003056636247958              0.9999999999999996              0.5999999999998803              0.8999999999993703              1.6666666666670000              1.6666666666670000
       0.76250000               1.0004051325977454              1.0000000000000004              0.5999999999998791              0.8999999999993686              1.6666666666670000              1.6666666666670000
       0.76750000               1.0005343115179377              1.0000000000000000              0.5999999999998802              0.8999999999993702              1.6666666666670000              1.6666666666670000
       0.77250000               1.0007011883707249              0.9999999999999987              0.5999999999998817              0.8999999999993725              1.6666666666670000              1.6666666666670000
       0.77750000               1.0009156228414646              1.0000000000000007              0.5999999999998796              0.8999999999993693              1.6666666666670000              1.6666666666670000
       0.78250000               1.0011897048307807              0.9999999999999980              0.5999999999998825              0.8999999999993736              1.6666666666670000              1.6666666666670000
       0.78750000               1.0015381599536848              1.0000000000000009              0.5999999999998793              0.8999999999993687              1.6666666666670000              1.6666666666670000
       0.79250000               1.0019788024892149              0.9999999999999989              0.5999999999998814              0.8999999999993720              1.6666666666670000              1.6666666666670000
       0.79750000               1.0025330344976120              0.9999999999999993              0.5999999999998799              0.8999999999993697              1.6666666666670000              1.6666666666670000
       0.80250000               1.0032263876063794              0.9999999999999996              0.5999999999998800              0.8999999999993699              1.6666666666670000              1.6666666666670000
       0.80750000               1.0040891012561892              0.9999999999999987              0.5999999999998804              0.8999999999993706              1.6666666666670000              1.6666666666670000
       0.81250000               1.0051567279941709              1.0000000000000002              0.5999999999998795              0.8999999999993692              1.6666666666670000              1.6666666666670000
       0.81750000               1.0064707527371346              0.9999999999999991              0.5999999999998801              0.8999999999993700              1.6666666666670000              1.6666666666670000
       0.82250000               1.0080792088575112              0.9999999999999993              0.5999999999998806              0.8999999999993709              1.6666666666670000              1.6666666666670000
       0.82750000               1.0100372695502413              0.9999999999999991              0.5999999999998805              0.8999999999993706              1.6666666666670000              1.6666666666670000
       0.83250000               1.0124077883465523              0.9999999999999998              0.5999999999998802              0.8999999999993703              1.6666666666670000              1.6666666666670000
       0.83750000               1.0152617580507799              0.9999999999999984              0.5999999999998814              0.8999999999993722              1.6666666666670000              1.6666666666670000
       0.84250000               1.0186786530520853              1.0000000000000004              0.5999999999998793              0.8999999999993689              1.6666666666670000              1.6666666666670000
       0.84750000               1.0227466161789929              0.9999999999999993              0.5999999999998802              0.8999999999993702              1.6666666666670000              1.6666666666670000
       0.85250000               1.0275624482803034              1.0000000000000002              0.5999999999998794              0.8999999999993690              1.6666666666670000              1.6666666666670000
       0.85750000               1.0332313568235236              0.9999999999999998              0.5999999999998799              0.8999999999993699              1.6666666666670000              1.6666666666670000
       0.86250000               1.0398664193990548              1.0000000000000004              0.5999999999998794              0.8999999999993692              1.6666666666670000              1.6666666666670000
       0.86750000               1.0475877195748133              1.0000000000000007              0.5999999999998789              0.8999999999993683              1.6666666666670000              1.6666666666670000
       0.87250000               1.0565211164251651              1.0000000000000013              0.5999999999998783              0.8999999999993674              1.6666666666670000              1.6666666666670000
       0.87750000               1.0667966153731900              1.0000000000000004              0.5999999999998794              0.8999999999993691              1.6666666666670000              1.6666666666670000
       0.88250000               1.0785463167020009              1.0000000000000007              0.5999999999998791              0.8999999999993684              1.6666666666670000              1.6666666666670000
       0.88750000               1.0919019293204837              1.0000000000000011              0.5999999999998786              0.8999999999993679              1.6666666666670000              1.6666666666670000
       0.89250000               1.1069918514587271              1.0000000000000007              0.5999999999998794              0.8999999999993691              1.6666666666670000              1.6666666666670000
       0.89750000               1.1239378370935871              0.9999999999999998              0.5999999999998796              0.8999999999993693              1.6666666666670000              1.6666666666670000
       0.90250000               1.1428512864625102              1.0000000000000007              0.5999999999998793              0.8999999999993689              1.6666666666670000              1.6666666666670000
       0.90750000               1.1638292195974425              1.0000000000000007              0.5999999999998789              0.8999999999993682              1.6666666666670000              1.6666666666670000
       0.91250000               1.1869500120646639              1.0000000000000000              0.5999999999998801              0.8999999999993700              1.6666666666670000              1.6666666666670000
       0.91750000               1.2122689918307821              1.0000000000000002              0.5999999999998795              0.8999999999993692              1.6666666666670000              1.6666666666670000
       0.92250000               1.2398140161570281              1.0000000000000007              0.5999999999998789              0.8999999999993683              1.6666666666670000              1.6666666666670000
       0.92750000               1.2695811675855566              1.0000000000000004              0.5999999999998792              0.8999999999993687              1.6666666666670000              1.6666666666670000
       0.93250000               1.3015307256864286              1.0000000000000000              0.5999999999998799              0.8999999999993699              1.6666666666670000              1.6666666666670000
       0.93750000               1.3355835814850776              0.9999999999999999              0.5999999999998797              0.8999999999993696              1.6666666666670000              1.6666666666670000
       0.94250000               1.3716182611526044              0.9999999999999999              0.5999999999998792              0.8999999999993687              1.6666666666670000              1.6666666666670000
       0.94750000               1.4094687166480036              0.9999999999999989              0.5999999999998803              0.8999999999993704              1.6666666666670000              1.6666666666670000
       0.95250000               1.4489230301872493              0.9999999999999989              0.5999999999998806              0.8999999999993709              1.6666666666670000              1.6666666666670000
       0.95750000               1.4897231715604116              0.9999999999999990              0.5999999999998802              0.8999999999993702              1.6666666666670000              1.6666666666670000
       0.96250000               1.5315659382133535              0.9999999999999991              0.5999999999998805              0.8999999999993707              1.6666666666670000              1.6666666666670000
       0.96750000               1.5741051839810898              0.9999999999999989              0.5999999999998800              0.8999999999993700              1.6666666666670000              1.6666666666670000
       0.97250000               1.6169553906151404              0.9999999999999992              0.5999999999998796              0.8999999999993693              1.6666666666670000              1.6666666666670000
       0.97750000               1.6596965598096165              0.9999999999999998              0.5999999999998793              0.8999999999993690              1.6666666666670000              1.6666666666670000
       0.98250000               1.7018803272167404              0.9999999999999996              0.5999999999998799              0.8999999999993697              1.6666666666670000              1.6666666666670000
       0.98750000               1.7430371581119535              0.9999999999999997              0.5999999999998795              0.8999999999993692              1.6666666666670000              1.6666666666670000
       0.99250000               1.7826844933986603              0.9999999999999998              0.5999999999998796              0.8999999999993694              1.6666666666670000              1.6666666666670000
       0.99750000               1.8203357514196219              0.9999999999999997              0.5999999999998792              0.8999999999993689              1.6666666666670000              1.6666666666670000
