       0.00250000               1.0418090086616651              0.0487387535572141              1.0590947452831896              2.6477368632079745              1.3999999999999999              1.3999999999999999
       0.00750000               1.0434577766322028              0.0506234439497059              1.0614417776390646              2.6536044440976623              1.3999999999999999              1.3999999999999999
       0.01250000               1.0451159597007398              0.0525218484270187              1.0638035063301750              2.6595087658254384              1.3999999999999999              1.3999999999999999
       0.01750000               1.0467817044044023              0.0544317758942384              1.0661797018751582              2.6654492546878958              1.3999999999999999              1.3999999999999999
       0.02250000               1.0484585427133442              0.0563494228090928              1.0685722088516574              2.6714305221291443              1.3999999999999999              1.3999999999999999
       0.02750000               1.0501474098275472              0.0582713172104880              1.0709825301048601              2.6774563252621513              1.3999999999999999              1.3999999999999999
       0.03250000               1.0518448018745572              0.0601982098804648              1.0734068738476523              2.6835171846191312              1.3999999999999999              1.3999999999999999
       0.03750000               1.0535483660900993              0.0621302504310460              1.0758422133589560              2.6896055333973905              1.3999999999999999              1.3999999999999999
       0.04250000               1.0552559232909553              0.0640671209000371              1.0782860520856190              2.6957151302140483              1.3999999999999999              1.3999999999999999
       0.04750000               1.0569676598980977              0.0660078595776903              1.0807366956788420              2.7018417391971057              1.3999999999999999              1.3999999999999999
       0.05250000               1.0586834917939636              0.0679506941147227              1.0831934216394339              2.7079835540985857              1.3999999999999999              1.3999999999999999
       0.05750000               1.0604040194643771              0.0698917486603162              1.0856580979723331              2.7141452449308336              1.3999999999999999              1.3999999999999999
       0.06250000               1.0621248941126271              0.0718314735944117              1.0881270996470658              2.7203177491176649              1.3999999999999999              1.3999999999999999
       0.06750000               1.0638454498754011              0.0737705755215927              1.0905962169406054              2.7264905423515140              1.3999999999999999              1.3999999999999999
       0.07250000               1.0655640516367901              0.0757085394884685              1.0930628418894697              2.7326571047236747              1.3999999999999999              1.3999999999999999
       0.07750000               1.0672782600702004              0.0776428861025763              1.0955264585716880              2.7388161464292202              1.3999999999999999              1.3999999999999999
       0.08250000               1.0689911336603841              0.0795695238724199              1.0979887262730255              2.7449718156825642              1.3999999999999999              1.3999999999999999
       0.08750000               1.0707036864442065              0.0814838743514388              1.1004514528412837              2.7511286321032098              1.3999999999999999              1.3999999999999999
       0.09250000               1.0724092482147620              0.0833876284013616              1.1029083378013136              2.7572708445032847              1.3999999999999999              1.3999999999999999
       0.09750000               1.0741057353871997              0.0852816866098332              1.1053536956349235              2.7633842390873098              1.3999999999999999              1.3999999999999999
       0.10250000               1.0757930188679532              0.0871653048956268              1.1077831727190492              2.7694579317976240              1.3999999999999999              1.3999999999999999
       0.10750000               1.0774651475872341              0.0890361280503684              1.1101950413157802              2.7754876032894509              1.3999999999999999              1.3999999999999999
       0.11250000               1.0791234104564191              0.0908887056563348              1.1125890545176305              2.7814726362940769              1.3999999999999999              1.3999999999999999
       0.11750000               1.0807697204712721              0.0927198133417742              1.1149644507971228              2.7874111269928079              1.3999999999999999              1.3999999999999999
       0.12250000               1.0823961587313289              0.0945276876044050              1.1173153152185333              2.7932882880463334              1.3999999999999999              1.3999999999999999
       0.12750000               1.0840018873411674              0.0963102668431463              1.1196385654313501              2.7990964135783760              1.3999999999999999              1.3999999999999999
       0.13250000               1.0855861875300652              0.0980647553200445              1.1219278597234310              2.8048196493085782              1.3999999999999999              1.3999999999999999
       0.13750000               1.0871373575509484              0.0997845565967253              1.1241719986049910              2.8104299965124784              1.3999999999999999              1.3999999999999999
       0.14250000               1.0886464235039939              0.1014647359989880              1.1263636564909127              2.8159091412272823              1.3999999999999999              1.3999999999999999
       0.14750000               1.0901195228910356              0.1030871782829357              1.1284933943114837              2.8212334857787096              1.3999999999999999              1.3999999999999999
       0.15250000               1.0915463072721769              0.1046394161351869              1.1305614080772501              2.8264035201931264              1.3999999999999999              1.3999999999999999
       0.15750000               1.0929278051828202              0.1061605578808846              1.1325707276544117              2.8314268191360301              1.3999999999999999              1.3999999999999999
       0.16250000               1.0943737215668783              0.1077714651333040              1.1346646531788456              2.8366616329471142              1.3999999999999999              1.3999999999999999
       0.16750000               1.0959414535130940              0.1095044664513437              1.1369392653838712              2.8423481634596786              1.3999999999999999              1.3999999999999999
       0.17250000               1.0973693013078629              0.1110705862380053              1.1390206862505481              2.8475517156263708              1.3999999999999999              1.3999999999999999
       0.17750000               1.0980967138849889              0.1118800752272866              1.1400731969030475              2.8501829922576198              1.3999999999999999              1.3999999999999999
       0.18250000               1.0974407352214319              0.1111923337085118              1.1391154909564882              2.8477887273912210              1.3999999999999999              1.3999999999999999
       0.18750000               1.0926482760414722              0.1057740305448624              1.1321713967637648              2.8304284919094123              1.3999999999999999              1.3999999999999999
       0.19250000               1.0799581281959769              0.0919002437745463              1.1137890091334599              2.7844725228336507              1.3999999999999999              1.3999999999999999
       0.19750000               1.0519760533699105              0.0602395657605839              1.0735623005375181              2.6839057513437954              1.3999999999999999              1.3999999999999999
       0.20250000               1.0217264732428544              0.0254439990519454              1.0305514241810829              2.5763785604527079              1.3999999999999999              1.3999999999999999
       0.20750000               1.0075039652538254              0.0088600492375739              1.0105203133542748              2.5263007833856879              1.3999999999999999              1.3999999999999999
       0.21250000               1.0038722081760145              0.0045842907903285              1.0054264858033650              2.5135662145084132              1.3999999999999999              1.3999999999999999
       0.21750000               1.0025490654513729              0.0030225361561269              1.0035712311801310              2.5089280779503280              1.3999999999999999              1.3999999999999999
       0.22250000               1.0019310604120102              0.0022927365664524              1.0027052441919240              2.5067631104798105              1.3999999999999999              1.3999999999999999
       0.22750000               1.0015482285513639              0.0018406506705201              1.0021689320832827              2.5054223302082077              1.3999999999999999              1.3999999999999999
       0.23250000               1.0012466019532473              0.0014849030868170              1.0017464458905991              2.5043661147264986              1.3999999999999999              1.3999999999999999
       0.23750000               1.0009840194428117              0.0011751222485439              1.0013786912334697              2.5034467280836745              1.3999999999999999              1.3999999999999999
       0.24250000               1.0007666502579629              0.0009183807280541              1.0010742963134573              2.5026857407836438              1.3999999999999999              1.3999999999999999
       0.24750000               1.0005996430408368              0.0007206645371560              1.0008404538713143              2.5021011346782864              1.3999999999999999              1.3999999999999999
       0.25250000               1.0004726847328758              0.0005699225031733              1.0006627066858336              2.5016567667145848              1.3999999999999999              1.3999999999999999
       0.25750000               1.0003720066351727              0.0004500952279076              1.0005217645559092              2.5013044113897731              1.3999999999999999              1.3999999999999999
       0.26250000               1.0002901941081817              0.0003526220811902              1.0004072465988503              2.5010181164971264              1.3999999999999999              1.3999999999999999
       0.26750000               1.0002246145278497              0.0002745794864259              1.0003154629136646              2.5007886572841618              1.3999999999999999              1.3999999999999999
       0.27250000               1.0001730975520635              0.0002135832332616              1.0002433723105120              2.5006084307762806              1.3999999999999999              1.3999999999999999
       0.27750000               1.0001326013935150              0.0001663515463021              1.0001867119252321              2.5004667798130806              1.3999999999999999              1.3999999999999999
       0.28250000               1.0001004834754244              0.0001296106631944              1.0001417865173376              2.5003544662933446              1.3999999999999999              1.3999999999999999
       0.28750000               1.0000751419866882              0.0001009130879020              1.0001063513268642              2.5002658783171614              1.3999999999999999              1.3999999999999999
       0.29250000               1.0000555474211263              0.0000785077973238              1.0000789649688513              2.5001974124221289              1.3999999999999999              1.3999999999999999
       0.29750000               1.0000407199618475              0.0000609660524645              1.0000582516689389              2.5001456291723478              1.3999999999999999              1.3999999999999999
       0.30250000               1.0000295220972002              0.0000472538851840              1.0000426246230367              2.5001065615575926              1.3999999999999999              1.3999999999999999
       0.30750000               1.0000210456857759              0.0000365497343792              1.0000308107598594              2.5000770268996493              1.3999999999999999              1.3999999999999999
       0.31250000               1.0000145595265750              0.0000283490689555              1.0000217863067689              2.5000544657669224              1.3999999999999999              1.3999999999999999
       0.31750000               1.0000094952013450              0.0000222976536089              1.0000147510708477              2.5000368776771200              1.3999999999999999              1.3999999999999999
       0.32250000               1.0000055309869476              0.0000179148975033              1.0000092612298481              2.5000231530746206              1.3999999999999999              1.3999999999999999
       0.32750000               1.0000024335767639              0.0000147636895052              1.0000049882149584              2.5000124705373969              1.3999999999999999              1.3999999999999999
       0.33250000               1.0000000317421127              0.0000124891551386              1.0000016932044511              2.5000042330111283              1.3999999999999999              1.3999999999999999
       0.33750000               0.9999981864408000              0.0000108473799094              0.9999991772684281              2.4999979431710706              1.3999999999999999              1.3999999999999999
       0.34250000               0.9999967145041101              0.0000097413874665              0.9999971892607087              2.4999929731517723              1.3999999999999999              1.3999999999999999
       0.34750000               0.9999954429854961              0.0000091370142474              0.9999954837340749              2.4999887093351876              1.3999999999999999              1.3999999999999999
       0.35250000               0.9999943135154827              0.0000089104087387              0.9999939828024988              2.4999849570062480              1.3999999999999999              1.3999999999999999
       0.35750000               0.9999934109140858              0.0000088203827235              0.9999928010801231              2.4999820027003086              1.3999999999999999              1.3999999999999999
       0.36250000               0.9999928058031718              0.0000086733721537              0.9999920411993387              2.4999801029983471              1.3999999999999999              1.3999999999999999
       0.36750000               0.9999924661597809              0.0000084301778479              0.9999916560731921              2.4999791401829810              1.3999999999999999              1.3999999999999999
       0.37250000               0.9999922933298375              0.0000081442298931              0.9999915125068914              2.4999787812672292              1.3999999999999999              1.3999999999999999
       0.37750000               0.9999922302523193              0.0000078447976334              0.9999915234379804              2.4999788085949515              1.3999999999999999              1.3999999999999999
       0.38250000               0.9999922144708018              0.0000075704180584              0.9999916045429712              2.4999790113574289              1.3999999999999999              1.3999999999999999
       0.38750000               0.9999922179246852              0.0000073291322844              0.9999917181230192              2.4999792953075488              1.3999999999999999              1.3999999999999999
       0.39250000               0.9999922740511423              0.0000070586195637              0.9999919175055761              2.4999797937639410              1.3999999999999999              1.3999999999999999
       0.39750000               0.9999924580372417              0.0000066674483157              0.9999922960807793              2.4999807402019489              1.3999999999999999              1.3999999999999999
       0.40250000               0.9999927087793721              0.0000062139535794              0.9999927741355115              2.4999819353387793              1.3999999999999999              1.3999999999999999
       0.40750000               0.9999928722716225              0.0000058716387222              0.9999931387170323              2.4999828467925811              1.3999999999999999              1.3999999999999999
       0.41250000               0.9999928311568675              0.0000057724703965              0.9999932282381248              2.4999830705953126              1.3999999999999999              1.3999999999999999
       0.41750000               0.9999926606611335              0.0000058340614076              0.9999931363345833              2.4999828408364588              1.3999999999999999              1.3999999999999999
       0.42250000               0.9999924073936775              0.0000059877921798              0.9999929414904792              2.4999823537261987              1.3999999999999999              1.3999999999999999
       0.42750000               0.9999921466562266              0.0000061447278791              0.9999927470369837              2.4999818675924597              1.3999999999999999              1.3999999999999999
       0.43250000               0.9999919329525614              0.0000062404382147              0.9999926278873413              2.4999815697183538              1.3999999999999999              1.3999999999999999
       0.43750000               0.9999917577486437              0.0000062879205157              0.9999925677490829              2.4999814193727077              1.3999999999999999              1.3999999999999999
       0.44250000               0.9999915806739178              0.0000063224166660              0.9999925242949935              2.4999813107374842              1.3999999999999999              1.3999999999999999
       0.44750000               0.9999913902330376              0.0000063698896592              0.9999924663750008              2.4999811659375029              1.3999999999999999              1.3999999999999999
       0.45250000               0.9999911684157354              0.0000064465775132              0.9999923744829882              2.4999809362074710              1.3999999999999999              1.3999999999999999
       0.45750000               0.9999909336643330              0.0000065245255686              0.9999922814965226              2.4999807037413069              1.3999999999999999              1.3999999999999999
       0.46250000               0.9999907059191768              0.0000065771733814              0.9999922187083590              2.4999805467708982              1.3999999999999999              1.3999999999999999
       0.46750000               0.9999904986064522              0.0000066082326938              0.9999921816371948              2.4999804540929875              1.3999999999999999              1.3999999999999999
       0.47250000               0.9999902806013523              0.0000066362592267              0.9999921482681586              2.4999803706703974              1.3999999999999999              1.3999999999999999
       0.47750000               0.9999900296660037              0.0000066856423428              0.9999920897041157              2.4999802242602898              1.3999999999999999              1.3999999999999999
       0.48250000               0.9999897067766873              0.0000068108544164              0.9999919414670743              2.4999798536676865              1.3999999999999999              1.3999999999999999
       0.48750000               0.9999893454744341              0.0000069757659979              0.9999917462885872              2.4999793657214688              1.3999999999999999              1.3999999999999999
       0.49250000               0.9999890035750523              0.0000070872817496              0.9999916143083309              2.4999790357708278              1.3999999999999999              1.3999999999999999
       0.49750000               0.9999888214676225              0.0000070046921894              0.9999917120070112              2.4999792800175284              1.3999999999999999              1.3999999999999999
       0.50250000               0.9999888031472349              0.0000067267358129              0.9999920408725096              2.4999801021812749              1.3999999999999999              1.3999999999999999
       0.50750000               0.9999887238483076              0.0000064860286136              0.9999923256696629              2.4999808141741577              1.3999999999999999              1.3999999999999999
       0.51250000               0.9999883829149432              0.0000065190462368              0.9999922865976563              2.4999807164941412              1.3999999999999999              1.3999999999999999
       0.51750000               0.9999877568863509              0.0000069079316915              0.9999918264639061              2.4999795661597659              1.3999999999999999              1.3999999999999999
       0.52250000               0.9999871276380271              0.0000072726327339              0.9999913949477683              2.4999784873694213              1.3999999999999999              1.3999999999999999
       0.52750000               0.9999866299636534              0.0000074262264606              0.9999912132168547              2.4999780330421375              1.3999999999999999              1.3999999999999999
       0.53250000               0.9999862792854465              0.0000074112978871              0.9999912308845176              2.4999780772112943              1.3999999999999999              1.3999999999999999
       0.53750000               0.9999859923360398              0.0000073162546719              0.9999913433470873              2.4999783583677186              1.3999999999999999              1.3999999999999999
       0.54250000               0.9999856598590172              0.0000071904645712              0.9999914921937116              2.4999787304842793              1.3999999999999999              1.3999999999999999
       0.54750000               0.9999853062643329              0.0000070876267398              0.9999916138895815              2.4999790347239541              1.3999999999999999              1.3999999999999999
       0.55250000               0.9999849512295542              0.0000070021166308              0.9999917150933451              2.4999792877333631              1.3999999999999999              1.3999999999999999
       0.55750000               0.9999845429667211              0.0000068941838104              0.9999918428437219              2.4999796071093052              1.3999999999999999              1.3999999999999999
       0.56250000               0.9999841177590718              0.0000067563540525              0.9999920059935381              2.4999800149838460              1.3999999999999999              1.3999999999999999
       0.56750000               0.9999837203002451              0.0000066383540007              0.9999921457205652              2.4999803643014133              1.3999999999999999              1.3999999999999999
       0.57250000               0.9999831963306165              0.0000066153618264              0.9999921730959695              2.4999804327399242              1.3999999999999999              1.3999999999999999
       0.57750000               0.9999824350477297              0.0000067278556752              0.9999920402596546              2.4999801006491369              1.3999999999999999              1.3999999999999999
       0.58250000               0.9999816076734575              0.0000068668754268              0.9999918761843570              2.4999796904608935              1.3999999999999999              1.3999999999999999
       0.58750000               0.9999809563974679              0.0000069077635495              0.9999918284416647              2.4999795711041624              1.3999999999999999              1.3999999999999999
       0.59250000               0.9999807064282330              0.0000064766041301              0.9999923395638730              2.4999808489096829              1.3999999999999999              1.3999999999999999
       0.59750000               0.9999804100688654              0.0000057575716414              0.9999931918078560              2.4999829795196402              1.3999999999999999              1.3999999999999999
       0.60250000               0.9999798028128265              0.0000053081240138              0.9999937258443510              2.4999843146108782              1.3999999999999999              1.3999999999999999
       0.60750000               0.9999789828174439              0.0000054165027262              0.9999936010028266              2.4999840025070670              1.3999999999999999              1.3999999999999999
       0.61250000               0.9999779549887153              0.0000058475440191              0.9999930960822873              2.4999827402057186              1.3999999999999999              1.3999999999999999
       0.61750000               0.9999764223064840              0.0000063493740666              0.9999925099067738              2.4999812747669350              1.3999999999999999              1.3999999999999999
       0.62250000               0.9999750528544519              0.0000066922423469              0.9999921154863705              2.4999802887159266              1.3999999999999999              1.3999999999999999
       0.62750000               0.9999742642822864              0.0000068265244930              0.9999919732229826              2.4999799330574568              1.3999999999999999              1.3999999999999999
       0.63250000               0.9999736814970626              0.0000068392876358              0.9999919825182984              2.4999799562957463              1.3999999999999999              1.3999999999999999
       0.63750000               0.9999726930398637              0.0000067681056751              0.9999921023651156              2.4999802559127895              1.3999999999999999              1.3999999999999999
       0.64250000               0.9999719134718384              0.0000066094436588              0.9999923418377253              2.4999808545943139              1.3999999999999999              1.3999999999999999
       0.64750000               0.9999716233760694              0.0000063168482433              0.9999927627953360              2.4999819069883404              1.3999999999999999              1.3999999999999999
       0.65250000               0.9999713241474726              0.0000059153397995              0.9999933452988532              2.4999833632471335              1.3999999999999999              1.3999999999999999
       0.65750000               0.9999705521142952              0.0000055650719014              0.9999939133221019              2.4999847833052553              1.3999999999999999              1.3999999999999999
       0.66250000               0.9999699905184443              0.0000054721357290              0.9999942416754902              2.4999856041887258              1.3999999999999999              1.3999999999999999
       0.66750000               0.9999690566252196              0.0000061567859933              0.9999937404915733              2.4999843512289339              1.3999999999999999              1.3999999999999999
       0.67250000               0.9999672485808389              0.0000073419915508              0.9999927727360596              2.4999819318401495              1.3999999999999999              1.3999999999999999
       0.67750000               0.9999660316028361              0.0000083093566466              0.9999922362984843              2.4999805907462114              1.3999999999999999              1.3999999999999999
       0.68250000               0.9999666072204205              0.0000087019178629              0.9999926183328609              2.4999815458321528              1.3999999999999999              1.3999999999999999
       0.68750000               0.9999677137505342              0.0000089014335860              0.9999935543037076              2.4999838857592698              1.3999999999999999              1.3999999999999999
       0.69250000               0.9999678728161188              0.0000091863601930              0.9999948312693571              2.4999870781733931              1.3999999999999999              1.3999999999999999
       0.69750000               0.9999674696657630              0.0000099647473915              0.9999961212678841              2.4999903031697110              1.3999999999999999              1.3999999999999999
       0.70250000               0.9999677673721244              0.0000115317239278              0.9999972795960042              2.4999931989900106              1.3999999999999999              1.3999999999999999
       0.70750000               0.9999689499606101              0.0000136035599908              0.9999989103402511              2.4999972758506286              1.3999999999999999              1.3999999999999999
       0.71250000               0.9999703994313369              0.0000161050020718              1.0000014525375596              2.5000036313438994              1.3999999999999999              1.3999999999999999
       0.71750000               0.9999719672630136              0.0000192159945970              1.0000051467578797              2.5000128668946995              1.3999999999999999              1.3999999999999999
       0.72250000               0.9999751606313438              0.0000233273577315              1.0000101142628928              2.5000252856572325              1.3999999999999999              1.3999999999999999
       0.72750000               0.9999799797897958              0.0000287877069418              1.0000166887202924              2.5000417218007316              1.3999999999999999              1.3999999999999999
       0.73250000               0.9999859801791048              0.0000361134076010              1.0000252063053958              2.5000630157634900              1.3999999999999999              1.3999999999999999
       0.73750000               0.9999930122677945              0.0000457812576054              1.0000362963547478              2.5000907408868698              1.3999999999999999              1.3999999999999999
       0.74250000               1.0000026269431059              0.0000581749097287              1.0000509973879279              2.5001274934698205              1.3999999999999999              1.3999999999999999
       0.74750000               1.0000161355288120              0.0000735080412680              1.0000709079716876              2.5001772699292193              1.3999999999999999              1.3999999999999999
       0.75250000               1.0000335249658772              0.0000932106287084              1.0000966132018756              2.5002415330046897              1.3999999999999999              1.3999999999999999
       0.75750000               1.0000548386207428              0.0001192823566838              1.0001285222048646              2.5003213055121623              1.3999999999999999              1.3999999999999999
       0.76250000               1.0000807079667049              0.0001542507036682              1.0001669937726876              2.5004174844317193              1.3999999999999999              1.3999999999999999
       0.76750000               1.0001128411717797              0.0001986789448036              1.0002153617492895              2.5005384043732244              1.3999999999999999              1.3999999999999999
       0.77250000               1.0001518006914965              0.0002532690339459              1.0002775189409059              2.5006937973522652              1.3999999999999999              1.3999999999999999
       0.77750000               1.0002058217741561              0.0003201119862118              1.0003564988946758              2.5008912472366900              1.3999999999999999              1.3999999999999999
       0.78250000               1.0002777999740022              0.0004023265988628              1.0004549475186231              2.5011373687965581              1.3999999999999999              1.3999999999999999
       0.78750000               1.0003647608589832              0.0005034215022059              1.0005758929960062              2.5014397324900157              1.3999999999999999              1.3999999999999999
       0.79250000               1.0004699229584260              0.0006270845873250              1.0007229762901997              2.5018074407254995              1.3999999999999999              1.3999999999999999
       0.79750000               1.0005978864205198              0.0007770379871666              1.0009005585801223              2.5022513964503061              1.3999999999999999              1.3999999999999999
       0.80250000               1.0007538272454117              0.0009570232622982              1.0011136270794518              2.5027840676986299              1.3999999999999999              1.3999999999999999
       0.80750000               1.0009354004001223              0.0011711935553852              1.0013671631005534              2.5034179077513841              1.3999999999999999              1.3999999999999999
       0.81250000               1.0011478693117490              0.0014234760029281              1.0016666827360095              2.5041667068400244              1.3999999999999999              1.3999999999999999
       0.81750000               1.0013969471297723              0.0017183142980402              1.0020171037299799              2.5050427593249505              1.3999999999999999              1.3999999999999999
       0.82250000               1.0016857443168057              0.0020605730768467              1.0024225769104207              2.5060564422760523              1.3999999999999999              1.3999999999999999
       0.82750000               1.0020169792151012              0.0024547846829262              1.0028870903472491              2.5072177258681236              1.3999999999999999              1.3999999999999999
       0.83250000               1.0023945712500593              0.0029033694899531              1.0034163075003932              2.5085407687509838              1.3999999999999999              1.3999999999999999
       0.83750000               1.0028217676625497              0.0034082808843462              1.0040153794704949              2.5100384486762377              1.3999999999999999              1.3999999999999999
       0.84250000               1.0033001206123373              0.0039717795663641              1.0046878357931810              2.5117195894829529              1.3999999999999999              1.3999999999999999
       0.84750000               1.0038315003237988              0.0045972549381015              1.0054344786351368              2.5135861965878425              1.3999999999999999              1.3999999999999999
       0.85250000               1.0044167738994254              0.0052870804412461              1.0062558649893625              2.5156396624734065              1.3999999999999999              1.3999999999999999
       0.85750000               1.0050558730249513              0.0060420919008729              1.0071529319316901              2.5178823298292259              1.3999999999999999              1.3999999999999999
       0.86250000               1.0057489016091206              0.0068618601553650              1.0081267346736373              2.5203168366840938              1.3999999999999999              1.3999999999999999
       0.86750000               1.0064980120201210              0.0077452521974020              1.0091778912047473              2.5229447280118689              1.3999999999999999              1.3999999999999999
       0.87250000               1.0073018187500293              0.0086907219397099              1.0103063742437925              2.5257659356094817              1.3999999999999999              1.3999999999999999
       0.87750000               1.0081585137405691              0.0096977902392103              1.0115099025863195              2.5287747564657996              1.3999999999999999              1.3999999999999999
       0.88250000               1.0090676882443590              0.0107652572048620              1.0127862371528025              2.5319655928820066              1.3999999999999999              1.3999999999999999
       0.88750000               1.0100294023626939              0.0118913580732319              1.0141331642064528              2.5353329105161331              1.3999999999999999              1.3999999999999999
       0.89250000               1.0110385440534770              0.0130737775075141              1.0155486330007844              2.5388715825019617              1.3999999999999999              1.3999999999999999
       0.89750000               1.0120913994271541              0.0143094207452630              1.0170311644194205              2.5425779110485518              1.3999999999999999              1.3999999999999999
       0.90250000               1.0131916618705490              0.0155946955796011              1.0185796560055613              2.5464491400139040              1.3999999999999999              1.3999999999999999
       0.90750000               1.0143358892256078              0.0169290005179370              1.0201892845723000              2.5504732114307505              1.3999999999999999              1.3999999999999999
       0.91250000               1.0155196868326062              0.0183113403719254              1.0218556442244344              2.5546391105610868              1.3999999999999999              1.3999999999999999
       0.91750000               1.0167391295743347              0.0197403731138480              1.0235747586804311              2.5589368967010784              1.3999999999999999              1.3999999999999999
       0.92250000               1.0179942529106458              0.0212128484117740              1.0253450285882828              2.5633625714707078              1.3999999999999999              1.3999999999999999
       0.92750000               1.0192852155268868              0.0227242060751878              1.0271665685492710              2.5679164213731784              1.3999999999999999              1.3999999999999999
       0.93250000               1.0206119310503357              0.0242696014289809              1.0290400067185743              2.5726000167964362              1.3999999999999999              1.3999999999999999
       0.93750000               1.0219714554005539              0.0258485888870920              1.0309608162821808              2.5774020407054530              1.3999999999999999              1.3999999999999999
       0.94250000               1.0233612004481012              0.0274605476218768              1.0329248508029363              2.5823121270073415              1.3999999999999999              1.3999999999999999
       0.94750000               1.0247782247190180              0.0291045035137077              1.0349285680502962              2.5873214201257415              1.3999999999999999              1.3999999999999999
       0.95250000               1.0262200548645846              0.0307788305750204              1.0369693970542759              2.5924234926356906              1.3999999999999999              1.3999999999999999
       0.95750000               1.0276872294649706              0.0324811259523547              1.0390459011577100              2.5976147528942755              1.3999999999999999              1.3999999999999999
       0.96250000               1.0291799118472578              0.0342076164767563              1.0411585095151552              2.6028962737878887              1.3999999999999999              1.3999999999999999
       0.96750000               1.0306947281632608              0.0359571597029213              1.0433046133267472              2.6082615333168682              1.3999999999999999              1.3999999999999999
       0.97250000               1.0322287954940632              0.0377292326609846              1.0454809956117948              2.6137024890294871              1.3999999999999999              1.3999999999999999
       0.97750000               1.0337822344432277              0.0395226013184495              1.0476854592703662              2.6192136481759158              1.3999999999999999              1.3999999999999999
       0.98250000               1.0353538132342794              0.0413357113812435              1.0499163435102781              2.6247908587756954              1.3999999999999999              1.3999999999999999
       0.98750000               1.0369424940413388              0.0431664216791210              1.0521728417147500              2.6304321042868759              1.3999999999999999              1.3999999999999999
       0.99250000               1.0385489007834643              0.0450112417230280              1.0544559453745692              2.6361398634364233              1.3999999999999999              1.3999999999999999
       0.99750000               1.0401718959887383              0.0468681763633770              1.0567649179616745              2.6419122949041869              1.3999999999999999              1.3999999999999999
