       0.00250000               1.7018958237243935              1.0000000000000004              0.5999999999998792              0.8999999999993689              1.6666666666670000              1.6666666666670000
       0.00750000               1.7430454846674304              1.0000000000000007              0.5999999999998793              0.8999999999993690              1.6666666666670000              1.6666666666670000
       0.01250000               1.7826845421925848              0.9999999999999999              0.5999999999998800              0.8999999999993700              1.6666666666670000              1.6666666666670000
       0.01750000               1.8203264084939634              0.9999999999999990              0.5999999999998815              0.8999999999993723              1.6666666666670000              1.6666666666670000
       0.02250000               1.8554905309532022              0.9999999999999993              0.5999999999998812              0.8999999999993717              1.6666666666670000              1.6666666666670000
       0.02750000               1.8877128611054139              0.9999999999999988              0.5999999999998819              0.8999999999993726              1.6666666666670000              1.6666666666670000
       0.03250000               1.9165563749104573              0.9999999999999992              0.5999999999998805              0.8999999999993707              1.6666666666670000              1.6666666666670000
       0.03750000               1.9416210693952372              0.9999999999999990              0.5999999999998811              0.8999999999993716              1.6666666666670000              1.6666666666670000
       0.04250000               1.9625528440654210              0.9999999999999991              0.5999999999998804              0.8999999999993705              1.6666666666670000              1.6666666666670000
       0.04750000               1.9790508149039203              0.9999999999999991              0.5999999999998803              0.8999999999993704              1.6666666666670000              1.6666666666670000
       0.05250000               1.9908729418450923              0.9999999999999999              0.5999999999998793              0.8999999999993690              1.6666666666670000              1.6666666666670000
       0.05750000               1.9978404728478865              1.0000000000000002              0.5999999999998801              0.8999999999993701              1.6666666666670000              1.6666666666670000
       0.06250000               1.9998429031577478              0.9999999999999998              0.5999999999998803              0.8999999999993704              1.6666666666670000              1.6666666666670000
       0.06750000               1.9968461278657612              0.9999999999999999              0.5999999999998802              0.8999999999993702              1.6666666666670000              1.6666666666670000
       0.07250000               1.9888984475406646              1.0000000000000007              0.5999999999998794              0.8999999999993690              1.6666666666670000              1.6666666666670000
       0.07750000               1.9761241925782069              1.0000000000000011              0.5999999999998783              0.8999999999993674              1.6666666666670000              1.6666666666670000
       0.08250000               1.9587159426783600              1.0000000000000009              0.5999999999998790              0.8999999999993684              1.6666666666670000              1.6666666666670000
       0.08750000               1.9369291129374984              0.9999999999999991              0.5999999999998810              0.8999999999993715              1.6666666666670000              1.6666666666670000
       0.09250000               1.9110767710778622              0.9999999999999983              0.5999999999998817              0.8999999999993726              1.6666666666670000              1.6666666666670000
       0.09750000               1.8815233746725770              0.9999999999999996              0.5999999999998799              0.8999999999993697              1.6666666666670000              1.6666666666670000
       0.10250000               1.8486770825302852              1.0000000000000002              0.5999999999998796              0.8999999999993695              1.6666666666670000              1.6666666666670000
       0.10750000               1.8129807627508121              0.9999999999999992              0.5999999999998805              0.8999999999993706              1.6666666666670000              1.6666666666670000
       0.11250000               1.7749020875766588              0.9999999999999992              0.5999999999998815              0.8999999999993723              1.6666666666670000              1.6666666666670000
       0.11750000               1.7349232056695743              1.0000000000000002              0.5999999999998795              0.8999999999993692              1.6666666666670000              1.6666666666670000
       0.12250000               1.6935304701240776              1.0000000000000004              0.5999999999998799              0.8999999999993697              1.6666666666670000              1.6666666666670000
       0.12750000               1.6512046219069378              0.9999999999999999              0.5999999999998797              0.8999999999993695              1.6666666666670000              1.6666666666670000
       0.13250000               1.6084117272033596              0.9999999999999999              0.5999999999998803              0.8999999999993704              1.6666666666670000              1.6666666666670000
       0.13750000               1.5655950756079471              0.9999999999999999              0.5999999999998802              0.8999999999993702              1.6666666666670000              1.6666666666670000
       0.14250000               1.5231681784445568              1.0000000000000002              0.5999999999998804              0.8999999999993706              1.6666666666670000              1.6666666666670000
       0.14750000               1.4815089615131574              1.0000000000000007              0.5999999999998792              0.8999999999993687              1.6666666666670000              1.6666666666670000
       0.15250000               1.4409552142651691              1.0000000000000007              0.5999999999998802              0.8999999999993702              1.6666666666670000              1.6666666666670000
       0.15750000               1.4018013270606313              1.0000000000000007              0.5999999999998797              0.8999999999993695              1.6666666666670000              1.6666666666670000
       0.16250000               1.3642963135630772              1.0000000000000009              0.5999999999998796              0.8999999999993694              1.6666666666670000              1.6666666666670000
       0.16750000               1.3286430762287327              1.0000000000000009              0.5999999999998789              0.8999999999993683              1.6666666666670000              1.6666666666670000
       0.17250000               1.2949988331763851              0.9999999999999994              0.5999999999998813              0.8999999999993719              1.6666666666670000              1.6666666666670000
       0.17750000               1.2634765895904845              1.0000000000000020              0.5999999999998786              0.8999999999993680              1.6666666666670000              1.6666666666670000
       0.18250000               1.2341475100375774              0.9999999999999986              0.5999999999998816              0.8999999999993723              1.6666666666670000              1.6666666666670000
       0.18750000               1.2070440311783865              1.0000000000000002              0.5999999999998801              0.8999999999993701              1.6666666666670000              1.6666666666670000
       0.19250000               1.1821635468416554              1.0000000000000009              0.5999999999998794              0.8999999999993691              1.6666666666670000              1.6666666666670000
       0.19750000               1.1594724977488648              1.0000000000000018              0.5999999999998779              0.8999999999993668              1.6666666666670000              1.6666666666670000
       0.20250000               1.1389107046603379              0.9999999999999990              0.5999999999998813              0.8999999999993719              1.6666666666670000              1.6666666666670000
       0.20750000               1.1203957949999697              0.9999999999999988              0.5999999999998809              0.8999999999993713              1.6666666666670000              1.6666666666670000
       0.21250000               1.1038275881085142              1.0000000000000011              0.5999999999998787              0.8999999999993681              1.6666666666670000              1.6666666666670000
       0.21750000               1.0890923223220048              1.0000000000000029              0.5999999999998773              0.8999999999993659              1.6666666666670000              1.6666666666670000
       0.22250000               1.0760666271756971              1.0000000000000016              0.5999999999998784              0.8999999999993675              1.6666666666670000              1.6666666666670000
       0.22750000               1.0646211651926107              0.9999999999999998              0.5999999999998802              0.8999999999993703              1.6666666666670000              1.6666666666670000
       0.23250000               1.0546238888933908              0.9999999999999983              0.5999999999998816              0.8999999999993724              1.6666666666670000              1.6666666666670000
       0.23750000               1.0459428789123857              1.0000000000000018              0.5999999999998786              0.8999999999993679              1.6666666666670000              1.6666666666670000
       0.24250000               1.0384487476610029              0.9999999999999983              0.5999999999998815              0.8999999999993723              1.6666666666670000              1.6666666666670000
       0.24750000               1.0320166093046848              1.0000000000000011              0.5999999999998780              0.8999999999993670              1.6666666666670000              1.6666666666670000
       0.25250000               1.0265276305879405              0.9999999999999980              0.5999999999998820              0.8999999999993730              1.6666666666670000              1.6666666666670000
       0.25750000               1.0218701881014418              0.9999999999999982              0.5999999999998816              0.8999999999993724              1.6666666666670000              1.6666666666670000
       0.26250000               1.0179406659281192              0.9999999999999984              0.5999999999998811              0.8999999999993715              1.6666666666670000              1.6666666666670000
       0.26750000               1.0146439333352961              0.9999999999999991              0.5999999999998811              0.8999999999993715              1.6666666666670000              1.6666666666670000
       0.27250000               1.0118935454985969              0.9999999999999989              0.5999999999998813              0.8999999999993719              1.6666666666670000              1.6666666666670000
       0.27750000               1.0096117114244616              0.9999999999999996              0.5999999999998802              0.8999999999993702              1.6666666666670000              1.6666666666670000
       0.28250000               1.0077290726085395              0.9999999999999978              0.5999999999998815              0.8999999999993722              1.6666666666670000              1.6666666666670000
       0.28750000               1.0061843338794383              0.9999999999999984              0.5999999999998812              0.8999999999993719              1.6666666666670000              1.6666666666670000
       0.29250000               1.0049237846867269              0.9999999999999978              0.5999999999998821              0.8999999999993731              1.6666666666670000              1.6666666666670000
       0.29750000               1.0039007451365571              0.9999999999999964              0.5999999999998832              0.8999999999993749              1.6666666666670000              1.6666666666670000
       0.30250000               1.0030749666655741              0.9999999999999978              0.5999999999998821              0.8999999999993731              1.6666666666670000              1.6666666666670000
       0.30750000               1.0024120126409943              0.9999999999999993              0.5999999999998804              0.8999999999993705              1.6666666666670000              1.6666666666670000
       0.31250000               1.0018826396048515              1.0000000000000002              0.5999999999998790              0.8999999999993684              1.6666666666670000              1.6666666666670000
       0.31750000               1.0014621955199026              0.9999999999999978              0.5999999999998816              0.8999999999993724              1.6666666666670000              1.6666666666670000
       0.32250000               1.0011300473541573              0.9999999999999976              0.5999999999998821              0.8999999999993731              1.6666666666670000              1.6666666666670000
       0.32750000               1.0008690467488590              1.0000000000000007              0.5999999999998791              0.8999999999993685              1.6666666666670000              1.6666666666670000
       0.33250000               1.0006650394009542              1.0000000000000013              0.5999999999998782              0.8999999999993673              1.6666666666670000              1.6666666666670000
       0.33750000               1.0005064211739683              1.0000000000000047              0.5999999999998752              0.8999999999993629              1.6666666666670000              1.6666666666670000
       0.34250000               1.0003837418224863              0.9999999999999980              0.5999999999998816              0.8999999999993724              1.6666666666670000              1.6666666666670000
       0.34750000               1.0002893555474792              0.9999999999999993              0.5999999999998810              0.8999999999993714              1.6666666666670000              1.6666666666670000
       0.35250000               1.0002171163513591              1.0000000000000002              0.5999999999998796              0.8999999999993694              1.6666666666670000              1.6666666666670000
       0.35750000               1.0001621152820634              1.0000000000000007              0.5999999999998792              0.8999999999993686              1.6666666666670000              1.6666666666670000
       0.36250000               1.0001204560914572              0.9999999999999971              0.5999999999998826              0.8999999999993739              1.6666666666670000              1.6666666666670000
       0.36750000               1.0000890655289190              0.9999999999999978              0.5999999999998824              0.8999999999993734              1.6666666666670000              1.6666666666670000
       0.37250000               1.0000655343942304              0.9999999999999989              0.5999999999998807              0.8999999999993711              1.6666666666670000              1.6666666666670000
       0.37750000               1.0000479855354183              0.9999999999999978              0.5999999999998819              0.8999999999993727              1.6666666666670000              1.6666666666670000
       0.38250000               1.0000349651548242              0.9999999999999998              0.5999999999998801              0.8999999999993701              1.6666666666670000              1.6666666666670000
       0.38750000               1.0000253540430475              1.0000000000000009              0.5999999999998790              0.8999999999993683              1.6666666666670000              1.6666666666670000
       0.39250000               1.0000182956651225              0.9999999999999984              0.5999999999998819              0.8999999999993729              1.6666666666670000              1.6666666666670000
       0.39750000               1.0000131383516360              1.0000000000000016              0.5999999999998781              0.8999999999993671              1.6666666666670000              1.6666666666670000
       0.40250000               1.0000093891799997              1.0000000000000004              0.5999999999998800              0.8999999999993700              1.6666666666670000              1.6666666666670000
       0.40750000               1.0000066774535215              0.9999999999999980              0.5999999999998821              0.8999999999993730              1.6666666666670000              1.6666666666670000
       0.41250000               1.0000047259896196              1.0000000000000002              0.5999999999998802              0.8999999999993702              1.6666666666670000              1.6666666666670000
       0.41750000               1.0000033287068211              0.9999999999999971              0.5999999999998831              0.8999999999993745              1.6666666666670000              1.6666666666670000
       0.42250000               1.0000023332503802              1.0000000000000002              0.5999999999998804              0.8999999999993705              1.6666666666670000              1.6666666666670000
       0.42750000               1.0000016276164299              1.0000000000000033              0.5999999999998770              0.8999999999993654              1.6666666666670000              1.6666666666670000
       0.43250000               1.0000011299240692              0.9999999999999982              0.5999999999998823              0.8999999999993734              1.6666666666670000              1.6666666666670000
       0.43750000               1.0000007806461917              0.9999999999999982              0.5999999999998819              0.8999999999993726              1.6666666666670000              1.6666666666670000
       0.44250000               1.0000005367457436              1.0000000000000007              0.5999999999998797              0.8999999999993694              1.6666666666670000              1.6666666666670000
       0.44750000               1.0000003672778703              0.9999999999999958              0.5999999999998846              0.8999999999993769              1.6666666666670000              1.6666666666670000
       0.45250000               1.0000002501125922              0.9999999999999989              0.5999999999998813              0.8999999999993719              1.6666666666670000              1.6666666666670000
       0.45750000               1.0000001695088809              0.9999999999999998              0.5999999999998807              0.8999999999993710              1.6666666666670000              1.6666666666670000
       0.46250000               1.0000001143307458              0.9999999999999998              0.5999999999998811              0.8999999999993715              1.6666666666670000              1.6666666666670000
       0.46750000               1.0000000767434392              0.9999999999999978              0.5999999999998828              0.8999999999993742              1.6666666666670000              1.6666666666670000
       0.47250000               1.0000000512653071              1.0000000000000020              0.5999999999998780              0.8999999999993669              1.6666666666670000              1.6666666666670000
       0.47750000               1.0000000340815718              1.0000000000000011              0.5999999999998791              0.8999999999993686              1.6666666666670000              1.6666666666670000
       0.48250000               1.0000000225505294              1.0000000000000004              0.5999999999998797              0.8999999999993695              1.6666666666670000              1.6666666666670000
       0.48750000               1.0000000148513162              1.0000000000000016              0.5999999999998784              0.8999999999993675              1.6666666666670000              1.6666666666670000
       0.49250000               1.0000000097350517              0.9999999999999993              0.5999999999998809              0.8999999999993712              1.6666666666670000              1.6666666666670000
       0.49750000               1.0000000063503027              1.0000000000000009              0.5999999999998789              0.8999999999993681              1.6666666666670000              1.6666666666670000
       0.50250000               1.0000000041208110              0.9999999999999998              0.5999999999998812              0.8999999999993716              1.6666666666670000              1.6666666666670000
       0.50750000               1.0000000026593878              1.0000000000000020              0.5999999999998780              0.8999999999993669              1.6666666666670000              1.6666666666670000
       0.51250000               1.0000000017072246              0.9999999999999976              0.5999999999998825              0.8999999999993737              1.6666666666670000              1.6666666666670000
       0.51750000               1.0000000010914463              0.9999999999999980              0.5999999999998814              0.8999999999993721              1.6666666666670000              1.6666666666670000
       0.52250000               1.0000000006962910              1.0000000000000011              0.5999999999998790              0.8999999999993684              1.6666666666670000              1.6666666666670000
       0.52750000               1.0000000004441232              1.0000000000000013              0.5999999999998790              0.8999999999993683              1.6666666666670000              1.6666666666670000
       0.53250000               1.0000000002832155              0.9999999999999993              0.5999999999998809              0.8999999999993712              1.6666666666670000              1.6666666666670000
       0.53750000               1.0000000001797431              0.9999999999999998              0.5999999999998801              0.8999999999993701              1.6666666666670000              1.6666666666670000
       0.54250000               1.0000000001123046              1.0000000000000018              0.5999999999998786              0.8999999999993679              1.6666666666670000              1.6666666666670000
       0.54750000               1.0000000000679750              1.0000000000000016              0.5999999999998782              0.8999999999993673              1.6666666666670000              1.6666666666670000
       0.55250000               1.0000000000395008              0.9999999999999991              0.5999999999998816              0.8999999999993724              1.6666666666670000              1.6666666666670000
       0.55750000               1.0000000000232800              1.0000000000000018              0.5999999999998792              0.8999999999993686              1.6666666666670000              1.6666666666670000
       0.56250000               1.0000000000179323              1.0000000000000027              0.5999999999998777              0.8999999999993666              1.6666666666670000              1.6666666666670000
       0.56750000               1.0000000000232661              1.0000000000000002              0.5999999999998796              0.8999999999993694              1.6666666666670000              1.6666666666670000
       0.57250000               1.0000000000398943              0.9999999999999996              0.5999999999998806              0.8999999999993709              1.6666666666670000              1.6666666666670000
       0.57750000               1.0000000000697062              0.9999999999999982              0.5999999999998821              0.8999999999993730              1.6666666666670000              1.6666666666670000
       0.58250000               1.0000000001168443              1.0000000000000004              0.5999999999998796              0.8999999999993693              1.6666666666670000              1.6666666666670000
       0.58750000               1.0000000001891407              1.0000000000000018              0.5999999999998790              0.8999999999993684              1.6666666666670000              1.6666666666670000
       0.59250000               1.0000000003001270              1.0000000000000002              0.5999999999998799              0.8999999999993697              1.6666666666670000              1.6666666666670000
       0.59750000               1.0000000004719600              1.0000000000000007              0.5999999999998793              0.8999999999993690              1.6666666666670000              1.6666666666670000
       0.60250000               1.0000000007396990              0.9999999999999980              0.5999999999998824              0.8999999999993735              1.6666666666670000              1.6666666666670000
       0.60750000               1.0000000011574741              0.9999999999999996              0.5999999999998811              0.8999999999993715              1.6666666666670000              1.6666666666670000
       0.61250000               1.0000000018075750              0.9999999999999991              0.5999999999998812              0.8999999999993717              1.6666666666670000              1.6666666666670000
       0.61750000               1.0000000028138376              1.0000000000000009              0.5999999999998795              0.8999999999993691              1.6666666666670000              1.6666666666670000
       0.62250000               1.0000000043616912              1.0000000000000020              0.5999999999998781              0.8999999999993672              1.6666666666670000              1.6666666666670000
       0.62750000               1.0000000067280470              0.9999999999999982              0.5999999999998819              0.8999999999993729              1.6666666666670000              1.6666666666670000
       0.63250000               1.0000000103253854              1.0000000000000000              0.5999999999998800              0.8999999999993700              1.6666666666670000              1.6666666666670000
       0.63750000               1.0000000157659976              0.9999999999999973              0.5999999999998823              0.8999999999993734              1.6666666666670000              1.6666666666670000
       0.64250000               1.0000000239543250              0.9999999999999998              0.5999999999998797              0.8999999999993696              1.6666666666670000              1.6666666666670000
       0.64750000               1.0000000362188317              0.9999999999999967              0.5999999999998832              0.8999999999993747              1.6666666666670000              1.6666666666670000
       0.65250000               1.0000000544992769              0.9999999999999978              0.5999999999998825              0.8999999999993736              1.6666666666670000              1.6666666666670000
       0.65750000               1.0000000816118768              1.0000000000000007              0.5999999999998790              0.8999999999993684              1.6666666666670000              1.6666666666670000
       0.66250000               1.0000001216229752              0.9999999999999989              0.5999999999998817              0.8999999999993726              1.6666666666670000              1.6666666666670000
       0.66750000               1.0000001803727780              0.9999999999999978              0.5999999999998817              0.8999999999993726              1.6666666666670000              1.6666666666670000
       0.67250000               1.0000002662048466              0.9999999999999993              0.5999999999998806              0.8999999999993709              1.6666666666670000              1.6666666666670000
       0.67750000               1.0000003909753246              0.9999999999999998              0.5999999999998799              0.8999999999993697              1.6666666666670000              1.6666666666670000
       0.68250000               1.0000005714402829              0.9999999999999980              0.5999999999998817              0.8999999999993725              1.6666666666670000              1.6666666666670000
       0.68750000               1.0000008311510475              1.0000000000000002              0.5999999999998794              0.8999999999993691              1.6666666666670000              1.6666666666670000
       0.69250000               1.0000012030278089              1.0000000000000000              0.5999999999998802              0.8999999999993702              1.6666666666670000              1.6666666666670000
       0.69750000               1.0000017328326438              0.9999999999999984              0.5999999999998817              0.8999999999993725              1.6666666666670000              1.6666666666670000
       0.70250000               1.0000024838268649              1.0000000000000013              0.5999999999998785              0.8999999999993676              1.6666666666670000              1.6666666666670000
       0.70750000               1.0000035429762990              0.9999999999999984              0.5999999999998811              0.8999999999993715              1.6666666666670000              1.6666666666670000
       0.71250000               1.0000050291649090              0.9999999999999984              0.5999999999998812              0.8999999999993717              1.6666666666670000              1.6666666666670000
       0.71750000               1.0000071039951364              0.9999999999999973              0.5999999999998824              0.8999999999993736              1.6666666666670000              1.6666666666670000
       0.72250000               1.0000099858946008              1.0000000000000020              0.5999999999998775              0.8999999999993663              1.6666666666670000              1.6666666666670000
       0.72750000               1.0000139684167075              1.0000000000000011              0.5999999999998787              0.8999999999993681              1.6666666666670000              1.6666666666670000
       0.73250000               1.0000194438184185              0.9999999999999987              0.5999999999998813              0.8999999999993717              1.6666666666670000              1.6666666666670000
       0.73750000               1.0000269332241749              1.0000000000000004              0.5999999999998800              0.8999999999993700              1.6666666666670000              1.6666666666670000
       0.74250000               1.0000371249401330              0.9999999999999993              0.5999999999998805              0.8999999999993707              1.6666666666670000              1.6666666666670000
       0.74750000               1.0000509227664709              1.0000000000000004              0.5999999999998794              0.8999999999993692              1.6666666666670000              1.6666666666670000
       0.75250000               1.0000695064633891              0.9999999999999991              0.5999999999998819              0.8999999999993727              1.6666666666670000              1.6666666666670000
       0.75750000               1.0000944068515454              1.0000000000000000              0.5999999999998799              0.8999999999993696              1.6666666666670000              1.6666666666670000
       0.76250000               1.0001275983600844              1.0000000000000002              0.5999999999998800              0.8999999999993699              1.6666666666670000              1.6666666666670000
       0.76750000               1.0001716121597393              0.9999999999999989              0.5999999999998812              0.8999999999993717              1.6666666666670000              1.6666666666670000
       0.77250000               1.0002296733149183              1.0000000000000007              0.5999999999998790              0.8999999999993685              1.6666666666670000              1.6666666666670000
       0.77750000               1.0003058656306170              0.9999999999999989              0.5999999999998819              0.8999999999993726              1.6666666666670000              1.6666666666670000
       0.78250000               1.0004053280258625              1.0000000000000000              0.5999999999998797              0.8999999999993696              1.6666666666670000              1.6666666666670000
       0.78750000               1.0005344862983878              1.0000000000000004              0.5999999999998793              0.8999999999993689              1.6666666666670000              1.6666666666670000
       0.79250000               1.0007013240108784              1.0000000000000002              0.5999999999998792              0.8999999999993689              1.6666666666670000              1.6666666666670000
       0.79750000               1.0009156958777534              1.0000000000000009              0.5999999999998792              0.8999999999993687              1.6666666666670000              1.6666666666670000
       0.80250000               1.0011896864073080              1.0000000000000002              0.5999999999998794              0.8999999999993691              1.6666666666670000              1.6666666666670000
       0.80750000               1.0015380156032287              1.0000000000000013              0.5999999999998785              0.8999999999993676              1.6666666666670000              1.6666666666670000
       0.81250000               1.0019784922016084              0.9999999999999991              0.5999999999998805              0.8999999999993707              1.6666666666670000              1.6666666666670000
       0.81750000               1.0025325131683112              0.9999999999999996              0.5999999999998797              0.8999999999993696              1.6666666666670000              1.6666666666670000
       0.82250000               1.0032256059646667              0.9999999999999996              0.5999999999998805              0.8999999999993707              1.6666666666670000              1.6666666666670000
       0.82750000               1.0040880073750007              1.0000000000000016              0.5999999999998776              0.8999999999993663              1.6666666666670000              1.6666666666670000
       0.83250000               1.0051552694726351              0.9999999999999998              0.5999999999998800              0.8999999999993700              1.6666666666670000              1.6666666666670000
       0.83750000               1.0064688796151504              0.9999999999999982              0.5999999999998815              0.8999999999993722              1.6666666666670000              1.6666666666670000
       0.84250000               1.0080768772763042              0.9999999999999998              0.5999999999998801              0.8999999999993701              1.6666666666670000              1.6666666666670000
       0.84750000               1.0100344461337181              0.9999999999999984              0.5999999999998811              0.8999999999993715              1.6666666666670000              1.6666666666670000
       0.85250000               1.0124044552532740              0.9999999999999998              0.5999999999998800              0.8999999999993699              1.6666666666670000              1.6666666666670000
       0.85750000               1.0152579186048407              0.9999999999999982              0.5999999999998820              0.8999999999993729              1.6666666666670000              1.6666666666670000
       0.86250000               1.0186743377555789              1.0000000000000002              0.5999999999998793              0.8999999999993689              1.6666666666670000              1.6666666666670000
       0.86750000               1.0227418887466235              0.9999999999999998              0.5999999999998799              0.8999999999993699              1.6666666666670000              1.6666666666670000
       0.87250000               1.0275574112177861              1.0000000000000004              0.5999999999998793              0.8999999999993690              1.6666666666670000              1.6666666666670000
       0.87750000               1.0332261561041507              1.0000000000000000              0.5999999999998795              0.8999999999993692              1.6666666666670000              1.6666666666670000
       0.88250000               1.0398612479325990              0.9999999999999991              0.5999999999998810              0.8999999999993715              1.6666666666670000              1.6666666666670000
       0.88750000               1.0475828191790855              1.0000000000000000              0.5999999999998793              0.8999999999993690              1.6666666666670000              1.6666666666670000
       0.89250000               1.0565167777230442              0.9999999999999988              0.5999999999998809              0.8999999999993712              1.6666666666670000              1.6666666666670000
       0.89750000               1.0667931746417598              0.9999999999999996              0.5999999999998806              0.8999999999993709              1.6666666666670000              1.6666666666670000
       0.90250000               1.0785441487444276              0.9999999999999988              0.5999999999998806              0.8999999999993710              1.6666666666670000              1.6666666666670000
       0.90750000               1.0919014362558510              0.9999999999999988              0.5999999999998806              0.8999999999993709              1.6666666666670000              1.6666666666670000
       0.91250000               1.1069934484378576              0.9999999999999974              0.5999999999998823              0.8999999999993734              1.6666666666670000              1.6666666666670000
       0.91750000               1.1239419361828749              0.9999999999999988              0.5999999999998803              0.8999999999993705              1.6666666666670000              1.6666666666670000
       0.92250000               1.1428582786395014              0.9999999999999994              0.5999999999998801              0.8999999999993701              1.6666666666670000              1.6666666666670000
       0.92750000               1.1638394530246354              0.9999999999999994              0.5999999999998800              0.8999999999993700              1.6666666666670000              1.6666666666670000
       0.93250000               1.1869637649285505              0.9999999999999991              0.5999999999998802              0.8999999999993702              1.6666666666670000              1.6666666666670000
       0.93750000               1.2122864414275740              0.9999999999999991              0.5999999999998804              0.8999999999993704              1.6666666666670000              1.6666666666670000
       0.94250000               1.2398352106137058              0.9999999999999997              0.5999999999998806              0.8999999999993709              1.6666666666670000              1.6666666666670000
       0.94750000               1.2696060078679969              1.0000000000000000              0.5999999999998795              0.8999999999993693              1.6666666666670000              1.6666666666670000
       0.95250000               1.3015589600139892              1.0000000000000000              0.5999999999998790              0.8999999999993684              1.6666666666670000              1.6666666666670000
       0.95750000               1.3356148046583196              1.0000000000000009              0.5999999999998790              0.8999999999993683              1.6666666666670000              1.6666666666670000
       0.96250000               1.3716519063567336              1.0000000000000002              0.5999999999998791              0.8999999999993685              1.6666666666670000              1.6666666666670000
       0.96750000               1.4095040350043961              1.0000000000000009              0.5999999999998784              0.8999999999993675              1.6666666666670000              1.6666666666670000
       0.97250000               1.4489590718622400              1.0000000000000013              0.5999999999998779              0.8999999999993668              1.6666666666670000              1.6666666666670000
       0.97750000               1.4897587973644415              1.0000000000000011              0.5999999999998777              0.8999999999993666              1.6666666666670000              1.6666666666670000
       0.98250000               1.5315998847826986              1.0000000000000004              0.5999999999998791              0.8999999999993685              1.6666666666670000              1.6666666666670000
       0.98750000               1.5741361740269459              1.0000000000000007              0.5999999999998790              0.8999999999993684              1.6666666666670000              1.6666666666670000
       0.99250000               1.6169822401130414              1.0000000000000004              0.5999999999998789              0.8999999999993682              1.6666666666670000              1.6666666666670000
       0.99750000               1.6597182188437389              1.0000000000000002              0.5999999999998792              0.8999999999993689              1.6666666666670000              1.6666666666670000
