       0.00250000               1.0000003097251480              0.0000021766507301              1.0000010357190794              1.5000015535778690              1.6666666666670000              1.6666666666670000
       0.00750000               1.0000000858933855              0.0000015940599588              1.0000006792305647              1.5000010188450970              1.6666666666670000              1.6666666666670000
       0.01250000               0.9999999497899945              0.0000011388751860              1.0000004681252601              1.5000007021871400              1.6666666666670000              1.6666666666670000
       0.01750000               0.9999998435990562              0.0000008244292992              1.0000003015640355              1.5000004523453032              1.6666666666670000              1.6666666666670000
       0.02250000               0.9999997212852816              0.0000006544528220              1.0000001127967935              1.5000001691944402              1.6666666666670000              1.6666666666670000
       0.02750000               0.9999995741098101              0.0000006054580643              0.9999998865032681              1.4999998297541521              1.6666666666670000              1.6666666666670000
       0.03250000               0.9999994112233956              0.0000006432248486              0.9999996334240399              1.4999994501353096              1.6666666666670000              1.6666666666670000
       0.03750000               0.9999992504486584              0.0000007295822380              0.9999993784941210              1.4999990677404313              1.6666666666670000              1.6666666666670000
       0.04250000               0.9999991202005046              0.0000008061388050              0.9999991794763231              1.4999987692137347              1.6666666666670000              1.6666666666670000
       0.04750000               0.9999990408522732              0.0000008375989681              0.9999990692522505              1.4999986038776254              1.6666666666670000              1.6666666666670000
       0.05250000               0.9999989979379358              0.0000008389538079              0.9999990193866894              1.4999985290792839              1.6666666666670000              1.6666666666670000
       0.05750000               0.9999989784194976              0.0000008259161355              0.9999990031291404              1.4999985046929603              1.6666666666670000              1.6666666666670000
       0.06250000               0.9999989651486424              0.0000008087423878              0.9999990026621686              1.4999985039925028              1.6666666666670000              1.6666666666670000
       0.06750000               0.9999989550399071              0.0000007899657408              0.9999990114941534              1.4999985172404802              1.6666666666670000              1.6666666666670000
       0.07250000               0.9999989467295823              0.0000007727574359              0.9999990232760736              1.4999985349133604              1.6666666666670000              1.6666666666670000
       0.07750000               0.9999989449108294              0.0000007539541164              0.9999990405219668              1.4999985607822000              1.6666666666670000              1.6666666666670000
       0.08250000               0.9999989537996291              0.0000007187039167              0.9999990813186719              1.4999986219772576              1.6666666666670000              1.6666666666670000
       0.08750000               0.9999989943178678              0.0000006406330255              0.9999991789663542              1.4999987684487812              1.6666666666670000              1.6666666666670000
       0.09250000               0.9999990481190317              0.0000005458013170              0.9999992993095786              1.4999989489636179              1.6666666666670000              1.6666666666670000
       0.09750000               0.9999990862514184              0.0000004758670645              0.9999993882189281              1.4999990823276421              1.6666666666670000              1.6666666666670000
       0.10250000               0.9999990854085244              0.0000004519311746              0.9999994182169886              1.4999991273247328              1.6666666666670000              1.6666666666670000
       0.10750000               0.9999990531983757              0.0000004655644951              0.9999994000265747              1.4999991000391120              1.6666666666670000              1.6666666666670000
       0.11250000               0.9999989952825835              0.0000005116258478              0.9999993401782765              1.4999990102666645              1.6666666666670000              1.6666666666670000
       0.11750000               0.9999989050826885              0.0000006033997186              0.9999992214508912              1.4999988321755866              1.6666666666670000              1.6666666666670000
       0.12250000               0.9999987522757803              0.0000007710359641              0.9999990048741564              1.4999985073104845              1.6666666666670000              1.6666666666670000
       0.12750000               0.9999985511776825              0.0000009976665087              0.9999987121937297              1.4999980682898446              1.6666666666670000              1.6666666666670000
       0.13250000               0.9999983587867757              0.0000012117653274              0.9999984357288854              1.4999976535925781              1.6666666666670000              1.6666666666670000
       0.13750000               0.9999982468131793              0.0000013257904084              0.9999982884823382              1.4999974327227572              1.6666666666670000              1.6666666666670000
       0.14250000               0.9999983414986704              0.0000011679545088              0.9999984922212891              1.4999977383311835              1.6666666666670000              1.6666666666670000
       0.14750000               0.9999986232547332              0.0000007646818128              0.9999990128268800              1.4999985192395699              1.6666666666670000              1.6666666666670000
       0.15250000               0.9999988714046519              0.0000004031051499              0.9999994796093783              1.4999992194133172              1.6666666666670000              1.6666666666670000
       0.15750000               0.9999989095110331              0.0000003156875388              0.9999995924584510              1.4999993886869265              1.6666666666670000              1.6666666666670000
       0.16250000               0.9999987972663473              0.0000004167304721              0.9999994620092570              1.4999991930131356              1.6666666666670000              1.6666666666670000
       0.16750000               0.9999986086327949              0.0000006125878217              0.9999992091580366              1.4999988137363049              1.6666666666670000              1.6666666666670000
       0.17250000               0.9999984330698213              0.0000007895613048              0.9999989806885458              1.4999984710320686              1.6666666666670000              1.6666666666670000
       0.17750000               0.9999983867831005              0.0000008021210286              0.9999989644790859              1.4999984467178789              1.6666666666670000              1.6666666666670000
       0.18250000               0.9999984447581804              0.0000006737318548              0.9999991302374359              1.4999986953554039              1.6666666666670000              1.6666666666670000
       0.18750000               0.9999985421331832              0.0000004898225082              0.9999993676772730              1.4999990515151593              1.6666666666670000              1.6666666666670000
       0.19250000               0.9999986165397670              0.0000003323541068              0.9999995709901063              1.4999993564844094              1.6666666666670000              1.6666666666670000
       0.19750000               0.9999986213042793              0.0000002673807192              0.9999996549051445              1.4999994823569667              1.6666666666670000              1.6666666666670000
       0.20250000               0.9999985457474134              0.0000002994217913              0.9999996135951927              1.4999994203920390              1.6666666666670000              1.6666666666670000
       0.20750000               0.9999984154970771              0.0000003973771336              0.9999994872219925              1.4999992308322387              1.6666666666670000              1.6666666666670000
       0.21250000               0.9999982534776189              0.0000005314832194              0.9999993142279493              1.4999989713411739              1.6666666666670000              1.6666666666670000
       0.21750000               0.9999980951644846              0.0000006628652988              0.9999991448273911              1.4999987172403366              1.6666666666670000              1.6666666666670000
       0.22250000               0.9999979684002777              0.0000007456890548              0.9999990382335019              1.4999985573495027              1.6666666666670000              1.6666666666670000
       0.22750000               0.9999979274397068              0.0000007127963720              0.9999990812095267              1.4999986218135402              1.6666666666670000              1.6666666666670000
       0.23250000               0.9999979822701881              0.0000005499030428              0.9999992922906242              1.4999989384351862              1.6666666666670000              1.6666666666670000
       0.23750000               0.9999980481943582              0.0000003745446847              0.9999995198806410              1.4999992798202113              1.6666666666670000              1.6666666666670000
       0.24250000               0.9999980554330462              0.0000002667677234              0.9999996608510721              1.4999994912758581              1.6666666666670000              1.6666666666670000
       0.24750000               0.9999980129035660              0.0000002183866580              0.9999997260819312              1.4999995891221467              1.6666666666670000              1.6666666666670000
       0.25250000               0.9999979475691300              0.0000001919857346              0.9999997643374148              1.4999996465053722              1.6666666666670000              1.6666666666670000
       0.25750000               0.9999978830100198              0.0000001651953400              0.9999998051716719              1.4999997077567577              1.6666666666670000              1.6666666666670000
       0.26250000               0.9999978437211391              0.0000000992257597              0.9999998996456639              1.4999998494677460              1.6666666666670000              1.6666666666670000
       0.26750000               0.9999978524222493             -0.0000000297649131              1.0000000799644364              1.5000001199459045              1.6666666666670000              1.6666666666670000
       0.27250000               0.9999978370183447             -0.0000001341422638              1.0000002350460959              1.5000003525683938              1.6666666666670000              1.6666666666670000
       0.27750000               0.9999976965151944             -0.0000000740295507              1.0000001872526552              1.5000002808782329              1.6666666666670000              1.6666666666670000
       0.28250000               0.9999972434686151              0.0000003897744734              0.9999996319679941              1.4999994479512413              1.6666666666670000              1.6666666666670000
       0.28750000               0.9999967515297165              0.0000009138408188              0.9999990184928007              1.4999985277384511              1.6666666666670000              1.6666666666670000
       0.29250000               0.9999965317837665              0.0000010929012077              0.9999988783847665              1.4999983175763996              1.6666666666670000              1.6666666666670000
       0.29750000               0.9999966205883297              0.0000009008346614              0.9999992570718524              1.4999988856070285              1.6666666666670000              1.6666666666670000
       0.30250000               0.9999967828190882              0.0000006474039831              0.9999997709507292              1.4999996564253437              1.6666666666670000              1.6666666666670000
       0.30750000               0.9999968814481002              0.0000005258518505              1.0000001931063083              1.5000002896587126              1.6666666666670000              1.6666666666670000
       0.31250000               0.9999968488156373              0.0000006372902204              1.0000004240503928              1.5000006360748390              1.6666666666670000              1.6666666666670000
       0.31750000               0.9999968031894608              0.0000008820984217              1.0000006348703832              1.5000009523048246              1.6666666666670000              1.6666666666670000
       0.32250000               0.9999967895640217              0.0000012346328900              1.0000009164501988              1.5000013746745480              1.6666666666670000              1.6666666666670000
       0.32750000               0.9999968760463336              0.0000016648986453              1.0000013856402121              1.5000020784595680              1.6666666666670000              1.6666666666670000
       0.33250000               0.9999971659986255              0.0000021157593584              1.0000022212191761              1.5000033318280139              1.6666666666670000              1.6666666666670000
       0.33750000               0.9999976328319691              0.0000027468209512              1.0000033574527354              1.5000050361783528              1.6666666666670000              1.6666666666670000
       0.34250000               0.9999981865335867              0.0000037973577054              1.0000046717880602              1.5000070076813403              1.6666666666670000              1.6666666666670000
       0.34750000               0.9999988275082632              0.0000054703991793              1.0000061480875371              1.5000092221305557              1.6666666666670000              1.6666666666670000
       0.35250000               0.9999998702750754              0.0000076076165195              1.0000083134213134              1.5000124701312201              1.6666666666670000              1.6666666666670000
       0.35750000               1.0000017136788479              0.0000100126529925              1.0000118419047914              1.5000177628564371              1.6666666666670000              1.6666666666670000
       0.36250000               1.0000044032407152              0.0000130330069465              1.0000168297187546              1.5000252445773818              1.6666666666670000              1.6666666666670000
       0.36750000               1.0000078680844799              0.0000173395860334              1.0000231117426832              1.5000346676132745              1.6666666666670000              1.6666666666670000
       0.37250000               1.0000122778871274              0.0000233822237522              1.0000310032412929              1.5000465048611893              1.6666666666670000              1.6666666666670000
       0.37750000               1.0000180809198365              0.0000314495234171              1.0000412689361644              1.5000619034034965              1.6666666666670000              1.6666666666670000
       0.38250000               1.0000257714538396              0.0000420285160360              1.0000547133633957              1.5000820700443436              1.6666666666670000              1.6666666666670000
       0.38750000               1.0000359701462105              0.0000557230835906              1.0000723497945787              1.5001085246911179              1.6666666666670000              1.6666666666670000
       0.39250000               1.0000493531941648              0.0000733267144242              1.0000953790744436              1.5001430686109154              1.6666666666670000              1.6666666666670000
       0.39750000               1.0000666587691336              0.0000960477755901              1.0001249804125834              1.5001874706181246              1.6666666666670000              1.6666666666670000
       0.40250000               1.0000886439377221              0.0001255192904219              1.0001623881689770              1.5002435822527151              1.6666666666670000              1.6666666666670000
       0.40750000               1.0001165612619916              0.0001631938808447              1.0002097682419528              1.5003146523621789              1.6666666666670000              1.6666666666670000
       0.41250000               1.0001522142539576              0.0002104685246296              1.0002701545957964              1.5004052318929442              1.6666666666670000              1.6666666666670000
       0.41750000               1.0001979225721747              0.0002688949726535              1.0003472726548372              1.5005209089815055              1.6666666666670000              1.6666666666670000
       0.42250000               1.0002552291648941              0.0003415933802314              1.0004437994032094              1.5006656991040634              1.6666666666670000              1.6666666666670000
       0.42750000               1.0003257802328394              0.0004323741636304              1.0005625647269187              1.5008438470896277              1.6666666666670000              1.6666666666670000
       0.43250000               1.0004117559440389              0.0005453762317545              1.0007070582387976              1.5010605873574456              1.6666666666670000              1.6666666666670000
       0.43750000               1.0005165297993461              0.0006839159243889              1.0008829174577432              1.5013243761858641              1.6666666666670000              1.6666666666670000
       0.44250000               1.0006438406430196              0.0008515015387511              1.0010965698618424              1.5016448547920125              1.6666666666670000              1.6666666666670000
       0.44750000               1.0007978385645628              0.0010521066489123              1.0013547736152668              1.5020321604221492              1.6666666666670000              1.6666666666670000
       0.45250000               1.0009831201869286              0.0012895955555744              1.0016651903958695              1.5024977855930530              1.6666666666670000              1.6666666666670000
       0.45750000               1.0012026326379937              0.0015702046282759              1.0020329432545048              1.5030494148810054              1.6666666666670000              1.6666666666670000
       0.46250000               1.0014593698928509              0.0019004971870442              1.0024629652217640              1.5036944478318941              1.6666666666670000              1.6666666666670000
       0.46750000               1.0017571175103592              0.0022859781466808              1.0029614537498590              1.5044421806240365              1.6666666666670000              1.6666666666670000
       0.47250000               1.0021000448607589              0.0027310387213529              1.0035355821394096              1.5053033732083618              1.6666666666670000              1.6666666666670000
       0.47750000               1.0024920335814775              0.0032398511048200              1.0041919810402282              1.5062879715595894              1.6666666666670000              1.6666666666670000
       0.48250000               1.0029368232245719              0.0038159041873490              1.0049370016661801              1.5074055024985162              1.6666666666670000              1.6666666666670000
       0.48750000               1.0034387717110722              0.0044611451216080              1.0057775417398991              1.5086663126090942              1.6666666666670000              1.6666666666670000
       0.49250000               1.0039991995575750              0.0051797068464291              1.0067159906362906              1.5100739859536809              1.6666666666670000              1.6666666666670000
       0.49750000               1.0046176474599764              0.0059760049921722              1.0077525433875738              1.5116288150806050              1.6666666666670000              1.6666666666670000
       0.50250000               1.0052946111036414              0.0068525578146589              1.0088879669485695              1.5133319504220977              1.6666666666670000              1.6666666666670000
       0.50750000               1.0060322695491732              0.0078091309084491              1.0101247407449021              1.5151871111165953              1.6666666666670000              1.6666666666670000
       0.51250000               1.0068316833847397              0.0088442942263348              1.0114651295738855              1.5171976943600693              1.6666666666670000              1.6666666666670000
       0.51750000               1.0076928210566665              0.0099557822394327              1.0129108605149426              1.5193662907716543              1.6666666666670000              1.6666666666670000
       0.52250000               1.0086153393612265              0.0111425153405695              1.0144606687188096              1.5216910030774535              1.6666666666670000              1.6666666666670000
       0.52750000               1.0095981524096225              0.0124039752928353              1.0161113044827004              1.5241669567232883              1.6666666666670000              1.6666666666670000
       0.53250000               1.0106387527264076              0.0137388151254659              1.0178595549637219              1.5267893324448196              1.6666666666670000              1.6666666666670000
       0.53750000               1.0117339389312616              0.0151449846221989              1.0197022854312230              1.5295534281460696              1.6666666666670000              1.6666666666670000
       0.54250000               1.0128831990967708              0.0166197533633726              1.0216366112012438              1.5324549168010995              1.6666666666670000              1.6666666666670000
       0.54750000               1.0140862531128316              0.0181590325357813              1.0236609686785916              1.5354914530171195              1.6666666666670000              1.6666666666670000
       0.55250000               1.0153409217014218              0.0197592389753057              1.0257728317043024              1.5386592475556842              1.6666666666670000              1.6666666666670000
       0.55750000               1.0166411649608866              0.0214196889482950              1.0279656629611909              1.5419484944410151              1.6666666666670000              1.6666666666670000
       0.56250000               1.0179844900382935              0.0231382081949741              1.0302347962680374              1.5453521944012831              1.6666666666670000              1.6666666666670000
       0.56750000               1.0193713769553454              0.0249116890811364              1.0325768095916574              1.5488652143867117              1.6666666666670000              1.6666666666670000
       0.57250000               1.0208000263429993              0.0267360603373183              1.0349896417398705              1.5524844626090295              1.6666666666670000              1.6666666666670000
       0.57750000               1.0222682155283245              0.0286060965859307              1.0374729075348803              1.5562093613015424              1.6666666666670000              1.6666666666670000
       0.58250000               1.0237725507052311              0.0305193009010747              1.0400227764113466              1.5600341646162397              1.6666666666670000              1.6666666666670000
       0.58750000               1.0253124415825294              0.0324745831579240              1.0426337319353283              1.5639505979022104              1.6666666666670000              1.6666666666670000
       0.59250000               1.0268849931163466              0.0344699687535099              1.0453016351325586              1.5679524526980537              1.6666666666670000              1.6666666666670000
       0.59750000               1.0284865294578656              0.0365031025070948              1.0480230594500259              1.5720345891742529              1.6666666666670000              1.6666666666670000
       0.60250000               1.0301161858600740              0.0385710824863028              1.0507955283472927              1.5761932925201507              1.6666666666670000              1.6666666666670000
       0.60750000               1.0317748180119275              0.0406698436208467              1.0536183509504600              1.5804275264248999              1.6666666666670000              1.6666666666670000
       0.61250000               1.0334595231814905              0.0427977303379169              1.0564878171753802              1.5847317257622779              1.6666666666670000              1.6666666666670000
       0.61750000               1.0351649743056559              0.0449535598967810              1.0593997510531077              1.5890996265788668              1.6666666666670000              1.6666666666670000
       0.62250000               1.0368928000384343              0.0471353848594788              1.0623511844611571              1.5935267766909387              1.6666666666670000              1.6666666666670000
       0.62750000               1.0386421319754680              0.0493406016833858              1.0653402066420052              1.5980103099622087              1.6666666666670000              1.6666666666670000
       0.63250000               1.0404112125294385              0.0515649789104353              1.0683672775055191              1.6025509162574774              1.6666666666670000              1.6666666666670000
       0.63750000               1.0421959041673088              0.0538076817147468              1.0714283699152747              1.6071425548721086              1.6666666666670000              1.6666666666670000
       0.64250000               1.0439955991973120              0.0560685333028077              1.0745186589814979              1.6117779884714409              1.6666666666670000              1.6666666666670000
       0.64750000               1.0458082964057871              0.0583462570872577              1.0776348816022463              1.6164523224025613              1.6666666666670000              1.6666666666670000
       0.65250000               1.0476310095567261              0.0606389486228566              1.0807747161574608              1.6211620742353805              1.6666666666670000              1.6666666666670000
       0.65750000               1.0494591045071349              0.0629437511061474              1.0839371545429028              1.6259057318135415              1.6666666666670000              1.6666666666670000
       0.66250000               1.0512778522026651              0.0652560869369688              1.0871236270033686              1.6306854405042375              1.6666666666670000              1.6666666666670000
       0.66750000               1.0530983567972017              0.0675737567061671              1.0903321957880370              1.6354982936812377              1.6666666666670000              1.6666666666670000
       0.67250000               1.0549777947710264              0.0698975025328530              1.0935570608927945              1.6403355913383715              1.6666666666670000              1.6666666666670000
       0.67750000               1.0568653681852413              0.0722268294461890              1.0967939979491836              1.6451909969229526              1.6666666666670000              1.6666666666670000
       0.68250000               1.0587451991309484              0.0745604118832940              1.1000396983723513              1.6500595475577018              1.6666666666670000              1.6666666666670000
       0.68750000               1.0606312821609818              0.0768961335678457              1.1032918863715886              1.6549378295565553              1.6666666666670000              1.6666666666670000
       0.69250000               1.0625333593171726              0.0792309186206221              1.1065494858349558              1.6598242287516038              1.6666666666670000              1.6666666666670000
       0.69750000               1.0644361022843034              0.0815594278828714              1.1098143835815062              1.6647215753714271              1.6666666666670000              1.6666666666670000
       0.70250000               1.0663266837762586              0.0838802749486219              1.1130826600272394              1.6696239900400245              1.6666666666670000              1.6666666666670000
       0.70750000               1.0681906181884491              0.0861943674625908              1.1163468465350888              1.6745202698017960              1.6666666666670000              1.6666666666670000
       0.71250000               1.0700504425210324              0.0885012741684393              1.1196008750076187              1.6794013125105882              1.6666666666670000              1.6666666666670000
       0.71750000               1.0719128276319254              0.0907985317308624              1.1228411835251182              1.6842617752868352              1.6666666666670000              1.6666666666670000
       0.72250000               1.0737654760652737              0.0930796187605324              1.1260695541034558              1.6891043311543390              1.6666666666670000              1.6666666666670000
       0.72750000               1.0755979308824346              0.0953389521645764              1.1292854479052477              1.6939281718570247              1.6666666666670000              1.6666666666670000
       0.73250000               1.0774187677292588              0.0975771593319043              1.1324792130526053              1.6987188195780587              1.6666666666670000              1.6666666666670000
       0.73750000               1.0792271634394184              0.0997920826191186              1.1356439757159722              1.7034659635731064              1.6666666666670000              1.6666666666670000
       0.74250000               1.0810092522001562              0.1019797568287958              1.1387732627885232              1.7081598941819305              1.6666666666670000              1.6666666666670000
       0.74750000               1.0827640023808263              0.1041364395668369              1.1418620987842782              1.7127931481755607              1.6666666666670000              1.6666666666670000
       0.75250000               1.0844935955548785              0.1062561018613344              1.1449031588995779              1.7173547383485079              1.6666666666670000              1.6666666666670000
       0.75750000               1.0861931666945301              0.1083297928957279              1.1478937402365517              1.7218406103539665              1.6666666666670000              1.6666666666670000
       0.76250000               1.0878544434018738              0.1103514032806099              1.1508269049841227              1.7262403574753209              1.6666666666670000              1.6666666666670000
       0.76750000               1.0894698129391820              0.1123190447267905              1.1536806000090931              1.7305209000127746              1.6666666666670000              1.6666666666670000
       0.77250000               1.0910319664851564              0.1142305629155573              1.1564265265350921              1.7346397898017707              1.6666666666670000              1.6666666666670000
       0.77750000               1.0925306666813066              0.1160550149892984              1.1590666859993852              1.7386000289982084              1.6666666666670000              1.6666666666670000
       0.78250000               1.0939519136029199              0.1177846325536877              1.1615835381929753              1.7423753072885917              1.6666666666670000              1.6666666666670000
       0.78750000               1.0953044133976024              0.1194346502605035              1.1639856150824546              1.7459784226228088              1.6666666666670000              1.6666666666670000
       0.79250000               1.0966225272616661              0.1210491648821381              1.1663281846338698              1.7494922769499299              1.6666666666670000              1.6666666666670000
       0.79750000               1.0979095565299368              0.1225947025947035              1.1686079350098926              1.7529119025139626              1.6666666666670000              1.6666666666670000
       0.80250000               1.0989676992240456              0.1238505700272045              1.1704944716227315              1.7557417074332193              1.6666666666670000              1.6666666666670000
       0.80750000               1.0994103311974710              0.1244475506781351              1.1712793366522360              1.7569190049774754              1.6666666666670000              1.6666666666670000
       0.81250000               1.0988068696240529              0.1237499588315406              1.1701993405688396              1.7552990108523816              1.6666666666670000              1.6666666666670000
       0.81750000               1.0949752970459066              0.1189091623218689              1.1634250051090869              1.7451375076627578              1.6666666666670000              1.6666666666670000
       0.82250000               1.0840327452587393              0.1057637458589025              1.1441105012590698              1.7161657518877467              1.6666666666670000              1.6666666666670000
       0.82750000               1.0597779223377621              0.0757178487245743              1.1017047659543360              1.6525571489306778              1.6666666666670000              1.6666666666670000
       0.83250000               1.0289890672514106              0.0369942612591641              1.0487919098328904              1.5731878647485489              1.6666666666670000              1.6666666666670000
       0.83750000               1.0116710640106197              0.0150038840265810              1.0195212398180393              1.5292818597262943              1.6666666666670000              1.6666666666670000
       0.84250000               1.0067419124778980              0.0086838729778928              1.0112632974360567              1.5168949461533265              1.6666666666670000              1.6666666666670000
       0.84750000               1.0047646617896553              0.0061420496483149              1.0079540810195364              1.5119311215285487              1.6666666666670000              1.6666666666670000
       0.85250000               1.0037184601568105              0.0047947057965121              1.0062054086181500              1.5093081129264703              1.6666666666670000              1.6666666666670000
       0.85750000               1.0029974888005779              0.0038663837382913              1.0050010976300696              1.5075016464443507              1.6666666666670000              1.6666666666670000
       0.86250000               1.0024043898475410              0.0031019840903986              1.0040108208022471              1.5060162312026175              1.6666666666670000              1.6666666666670000
       0.86750000               1.0019052293730035              0.0024586715324320              1.0031776975083575              1.5047665462617839              1.6666666666670000              1.6666666666670000
       0.87250000               1.0015099494827973              0.0019489313985703              1.0025181547475603              1.5037772321205887              1.6666666666670000              1.6666666666670000
       0.87750000               1.0012049745361904              0.0015556146051009              1.0020094053073787              1.5030141079603165              1.6666666666670000              1.6666666666670000
       0.88250000               1.0009617361090406              0.0012418088260581              1.0016037200502308              1.5024055800745950              1.6666666666670000              1.6666666666670000
       0.88750000               1.0007622718330413              0.0009844626174913              1.0012710970150129              1.5019066455217684              1.6666666666670000              1.6666666666670000
       0.89250000               1.0006006363557296              0.0007759071521773              1.0010015892607309              1.5015023838903454              1.6666666666670000              1.6666666666670000
       0.89750000               1.0004727347830793              0.0006108722572516              1.0007883456222155              1.5011825184325727              1.6666666666670000              1.6666666666670000
       0.90250000               1.0003719227448891              0.0004807979082061              1.0006202837671803              1.5009304256500198              1.6666666666670000              1.6666666666670000
       0.90750000               1.0002914871623889              0.0003770220469743              1.0004862041651184              1.5007293062469269              1.6666666666670000              1.6666666666670000
       0.91250000               1.0002269890665210              0.0002938160466692              1.0003786967197819              1.5005680450789225              1.6666666666670000              1.6666666666670000
       0.91750000               1.0001757484570781              0.0002277777666013              1.0002932869622632              1.5004399304426443              1.6666666666670000              1.6666666666670000
       0.92250000               1.0001355303801076              0.0001760500129937              1.0002262563577768              1.5003393845359152              1.6666666666670000              1.6666666666670000
       0.92750000               1.0001041312917143              0.0001357106527060              1.0001739306925950              1.5002608960381421              1.6666666666670000              1.6666666666670000
       0.93250000               1.0000796237895337              0.0001041843617365              1.0001330913591566              1.5001996370379849              1.6666666666670000              1.6666666666670000
       0.93750000               1.0000605870836927              0.0000794903882217              1.0001013657811477              1.5001520486709716              1.6666666666670000              1.6666666666670000
       0.94250000               1.0000459432696063              0.0000601995583884              1.0000769662051960              1.5001154493070441              1.6666666666670000              1.6666666666670000
       0.94750000               1.0000347209553584              0.0000453045934746              1.0000582733618135              1.5000874100419703              1.6666666666670000              1.6666666666670000
       0.95250000               1.0000261066571883              0.0000339487572522              1.0000439261353262              1.5000658892022394              1.6666666666670000              1.6666666666670000
       0.95750000               1.0000194790242971              0.0000253737938957              1.0000328848626827              1.5000493272932740              1.6666666666670000              1.6666666666670000
       0.96250000               1.0000143889664554              0.0000189327808015              1.0000244104271605              1.5000366156399907              1.6666666666670000              1.6666666666670000
       0.96750000               1.0000104914805261              0.0000141321976651              1.0000179274753309              1.5000268912122463              1.6666666666670000              1.6666666666670000
       0.97250000               1.0000075207611847              0.0000105842064078              1.0000129879723214              1.5000194819577319              1.6666666666670000              1.6666666666670000
       0.97750000               1.0000052642863300              0.0000079860635860              1.0000092335741166              1.5000138503604248              1.6666666666670000              1.6666666666670000
       0.98250000               1.0000035494318138              0.0000060997380566              1.0000063861593644              1.5000095792382966              1.6666666666670000              1.6666666666670000
       0.98750000               1.0000022582197285              0.0000047291578134              1.0000042487447516              1.5000063731163773              1.6666666666670000              1.6666666666670000
       0.99250000               1.0000013182762777              0.0000037057485185              1.0000026957007964              1.5000040435504445              1.6666666666670000              1.6666666666670000
       0.99750000               1.0000006923927258              0.0000028782761077              1.0000016607835516              1.5000024911745773              1.6666666666670000              1.6666666666670000
