       0.00250000               1.0584137510331646              0.0739903307059817              1.0992404141212444              1.6488606211810422              1.6666666666670000              1.6666666666670000
       0.00750000               1.0611130851780228              0.0773427541439669              1.1039168280147229              1.6558752420212564              1.6666666666670000              1.6666666666670000
       0.01250000               1.0638129608553100              0.0806901275117863              1.1086021189927235              1.6629031784882535              1.6666666666670000              1.6666666666670000
       0.01750000               1.0665063802930832              0.0840238203885742              1.1132841094458312              1.6699261641679117              1.6666666666670000              1.6666666666670000
       0.02250000               1.0691858417827529              0.0873348230752057              1.1179496785626384              1.6769245178431191              1.6666666666670000              1.6666666666670000
       0.02750000               1.0718434245731145              0.0906134773677415              1.1225848485353349              1.6838772728021603              1.6666666666670000              1.6666666666670000
       0.03250000               1.0744706117310967              0.0938494066427152              1.1271745433401237              1.6907618150093398              1.6666666666670000              1.6666666666670000
       0.03750000               1.0770583026932865              0.0970312390566034              1.1317025576188691              1.6975538364274549              1.6666666666670000              1.6666666666670000
       0.04250000               1.0795962558545373              0.1001469293751281              1.1361506038850973              1.7042259058267937              1.6666666666670000              1.6666666666670000
       0.04750000               1.0820732567408877              0.1031831555707444              1.1404985388441251              1.7107478082653322              1.6666666666670000              1.6666666666670000
       0.05250000               1.0844769620326546              0.1061249389896930              1.1447241713166634              1.7170862569741365              1.6666666666670000              1.6666666666670000
       0.05750000               1.0867933222860191              0.1089557516210471              1.1488021677171134              1.7232032515748086              1.6666666666670000              1.6666666666670000
       0.06250000               1.0890063970712895              0.1116569333677407              1.1527037578998287              1.7290556368488785              1.6666666666670000              1.6666666666670000
       0.06750000               1.0910980404887227              0.1142071274523336              1.1563961163372718              1.7345941745050402              1.6666666666670000              1.6666666666670000
       0.07250000               1.0930477241415004              0.1165811131299651              1.1598421388649123              1.7397632082964987              1.6666666666670000              1.6666666666670000
       0.07750000               1.0948311467013314              0.1187496001644961              1.1629978934923335              1.7444968402376282              1.6666666666670000              1.6666666666670000
       0.08250000               1.0964190661041970              0.1206780466142711              1.1658106044225764              1.7487159066329903              1.6666666666670000              1.6666666666670000
       0.08750000               1.0977759440793586              0.1223245666290579              1.1682162137138827              1.7523243205699479              1.6666666666670000              1.6666666666670000
       0.09250000               1.0988577515692923              0.1236365368135257              1.1701355902674189              1.7552033854002507              1.6666666666670000              1.6666666666670000
       0.09750000               1.0996092394480674              0.1245477645128405              1.1714696592894502              1.7572044889332965              1.6666666666670000              1.6666666666670000
       0.10250000               1.0999661695821428              0.1249799882464357              1.1721035384892520              1.7581553077329990              1.6666666666670000              1.6666666666670000
       0.10750000               1.0998540609752516              0.1248439290669244              1.1719045056397428              1.7578567584587352              1.6666666666670000              1.6666666666670000
       0.11250000               1.0991674680378203              0.1240134363057024              1.1706855416194932              1.7560283124283615              1.6666666666670000              1.6666666666670000
       0.11750000               1.0977587593522204              0.1223038301196255              1.1681860632647818              1.7522790948962963              1.6666666666670000              1.6666666666670000
       0.12250000               1.0954224889340589              0.1194692579536259              1.1640455156412646              1.7460682734610238              1.6666666666670000              1.6666666666670000
       0.12750000               1.0919076298415544              0.1151898024157424              1.1578271842033137              1.7367407763041021              1.6666666666670000              1.6666666666670000
       0.13250000               1.0869015230772769              0.1091030607739924              1.1489936004613699              1.7234904006911931              1.6666666666670000              1.6666666666670000
       0.13750000               1.0801711240553158              0.1008379863921235              1.1371597958765862              1.7057396938140263              1.6666666666670000              1.6666666666670000
       0.14250000               1.0716852823413445              0.0904369384504382              1.1223091858304381              1.6834637787448152              1.6666666666670000              1.6666666666670000
       0.14750000               1.0619898899959588              0.0784222131177188              1.1054372800951582              1.6581559201419083              1.6666666666670000              1.6666666666670000
       0.15250000               1.0519599899570715              0.0659455415158938              1.0880910161423349              1.6321365242126864              1.6666666666670000              1.6666666666670000
       0.15750000               1.0425846714797633              0.0542165862571008              1.0719764598732913              1.6079646898091327              1.6666666666670000              1.6666666666670000
       0.16250000               1.0345537940654295              0.0440920564518772              1.0582497703551512              1.5873746555319330              1.6666666666670000              1.6666666666670000
       0.16750000               1.0280488285527862              0.0358792348751303              1.0471833571935989              1.5707750357896129              1.6666666666670000              1.6666666666670000
       0.17250000               1.0229091290359409              0.0293472888374431              1.0384725035661322              1.5577087553484195              1.6666666666670000              1.6666666666670000
       0.17750000               1.0188049359211950              0.0241272744016210              1.0315374964008530              1.5473062446005059              1.6666666666670000              1.6666666666670000
       0.18250000               1.0154789098036401              0.0198787937138612              1.0259309918827708              1.5388964878233866              1.6666666666670000              1.6666666666670000
       0.18750000               1.0127505965677910              0.0163916849073260              1.0213411374347448              1.5320117061513510              1.6666666666670000              1.6666666666670000
       0.19250000               1.0105073703162795              0.0135168326525478              1.0175735140533424              1.5263602710792501              1.6666666666670000              1.6666666666670000
       0.19750000               1.0086583958351785              0.0111454610829530              1.0144722455833344              1.5217083683742405              1.6666666666670000              1.6666666666670000
       0.20250000               1.0071312398821284              0.0091848151571637              1.0119136146849170              1.5178704220266166              1.6666666666670000              1.6666666666670000
       0.20750000               1.0058673175621333              0.0075595717474070              1.0097979649859123              1.5146969474781111              1.6666666666670000              1.6666666666670000
       0.21250000               1.0048191053280000              0.0062115978997013              1.0080447302639610              1.5120670953951856              1.6666666666670000              1.6666666666670000
       0.21750000               1.0039501861950595              0.0050928301743486              1.0065923038046904              1.5098884557062806              1.6666666666670000              1.6666666666670000
       0.22250000               1.0032300240980268              0.0041654525933325              1.0053891641701997              1.5080837462545456              1.6666666666670000              1.6666666666670000
       0.22750000               1.0026340358285877              0.0033974865643272              1.0043939107807853              1.5065908661704244              1.6666666666670000              1.6666666666670000
       0.23250000               1.0021415399998206              0.0027627341745565              1.0035717790099128              1.5053576685141163              1.6666666666670000              1.6666666666670000
       0.23750000               1.0017354533558909              0.0022391935259215              1.0028940940568651              1.5043411410845455              1.6666666666670000              1.6666666666670000
       0.24250000               1.0014014767682502              0.0018084956739285              1.0023368848723320              1.5035053273077461              1.6666666666670000              1.6666666666670000
       0.24750000               1.0011276102578128              0.0014552307743516              1.0018800562060270              1.5028200843082888              1.6666666666670000              1.6666666666670000
       0.25250000               1.0009037713595352              0.0011664235974603              1.0015067389590602              1.5022601084378391              1.6666666666670000              1.6666666666670000
       0.25750000               1.0007214647066371              0.0009311598869681              1.0012027300485768              1.5018040950721141              1.6666666666670000              1.6666666666670000
       0.26250000               1.0005735420086779              0.0007402499834579              1.0009560858579387              1.5014341287861575              1.6666666666670000              1.6666666666670000
       0.26750000               1.0004539942748587              0.0005859640793409              1.0007567714102512              1.5011351571146263              1.6666666666670000              1.6666666666670000
       0.27250000               1.0003577840468867              0.0004618045610484              1.0005963776235964              1.5008945664346440              1.6666666666670000              1.6666666666670000
       0.27750000               1.0002806972391687              0.0003623241841861              1.0004678722140112              1.5007018083202661              1.6666666666670000              1.6666666666670000
       0.28250000               1.0002192165760697              0.0002829735007562              1.0003653872741851              1.5005480809105272              1.6666666666670000              1.6666666666670000
       0.28750000               1.0001704122978199              0.0002199722691985              1.0002840361058103              1.5004260541579650              1.6666666666670000              1.6666666666670000
       0.29250000               1.0001318547685594              0.0001701907929321              1.0002197668830044              1.5003296503237564              1.6666666666670000              1.6666666666670000
       0.29750000               1.0001015394322827              0.0001310474806506              1.0001692371187216              1.5002538556773324              1.6666666666670000              1.6666666666670000
       0.30250000               1.0000778197116387              0.0001004236344324              1.0001297015218737              1.5001945522820606              1.6666666666670000              1.6666666666670000
       0.30750000               1.0000593457612006              0.0000765944220420              1.0000989097162085              1.5001483645735627              1.6666666666670000              1.6666666666670000
       0.31250000               1.0000450275607751              0.0000581491115944              1.0000750445974780              1.5001125668954669              1.6666666666670000              1.6666666666670000
       0.31750000               1.0000339929001862              0.0000439360275811              1.0000566522219494              1.5000849783321739              1.6666666666670000              1.6666666666670000
       0.32250000               1.0000255428934990              0.0000330266290644              1.0000425676087554              1.5000638514123830              1.6666666666670000              1.6666666666670000
       0.32750000               1.0000191108041532              0.0000246893183074              1.0000318460818174              1.5000477691219762              1.6666666666670000              1.6666666666670000
       0.33250000               1.0000142370857446              0.0000183545974562              1.0000237216516989              1.5000355824767984              1.6666666666670000              1.6666666666670000
       0.33750000               1.0000105574002702              0.0000135741987885              1.0000175870356367              1.5000263805527052              1.6666666666670000              1.6666666666670000
       0.34250000               1.0000077821292397              0.0000100005172270              1.0000129595042435              1.5000194392556154              1.6666666666670000              1.6666666666670000
       0.34750000               1.0000056960554013              0.0000073480465750              1.0000094803502737              1.5000142205246605              1.6666666666670000              1.6666666666670000
       0.35250000               1.0000041416526593              0.0000053828703758              1.0000068870396830              1.5000103305587744              1.6666666666670000              1.6666666666670000
       0.35750000               1.0000029960646826              0.0000039261611447              1.0000049748460298              1.5000074622682946              1.6666666666670000              1.6666666666670000
       0.36250000               1.0000021580840581              0.0000028497133112              1.0000035751521845              1.5000053627275267              1.6666666666670000              1.6666666666670000
       0.36750000               1.0000015481774498              0.0000020587676961              1.0000025554973220              1.5000038332452330              1.6666666666670000              1.6666666666670000
       0.37250000               1.0000011064862848              0.0000014808831328              1.0000018162456437              1.5000027243677154              1.6666666666670000              1.6666666666670000
       0.37750000               1.0000007882777022              0.0000010609186593              1.0000012830095066              1.5000019245135099              1.6666666666670000              1.6666666666670000
       0.38250000               1.0000005597159738              0.0000007579129628              1.0000008995954528              1.5000013493924294              1.6666666666670000              1.6666666666670000
       0.38750000               1.0000003965246682              0.0000005400862497              1.0000006257792178              1.5000009386680764              1.6666666666670000              1.6666666666670000
       0.39250000               1.0000002818723817              0.0000003823600994              1.0000004337604080              1.5000006506398622              1.6666666666670000              1.6666666666670000
       0.39750000               1.0000002059883213              0.0000002628108125              1.0000003075311037              1.5000004612959057              1.6666666666670000              1.6666666666670000
       0.40250000               1.0000001581755471              0.0000001699248113              1.0000002295133801              1.5000003442693199              1.6666666666670000              1.6666666666670000
       0.40750000               1.0000001256700524              0.0000001016862302              1.0000001786933836              1.5000002680393254              1.6666666666670000              1.6666666666670000
       0.41250000               1.0000000978340540              0.0000000584685692              1.0000001374949605              1.5000002062416908              1.6666666666670000              1.6666666666670000
       0.41750000               1.0000000613166178              0.0000000478536217              1.0000000838271421              1.5000001257399631              1.6666666666670000              1.6666666666670000
       0.42250000               1.0000000185614424              0.0000000599129276              1.0000000217027714              1.5000000325534069              1.6666666666670000              1.6666666666670000
       0.42750000               0.9999999840768922              0.0000000710715715              0.9999999752911026              1.4999999629359038              1.6666666666670000              1.6666666666670000
       0.43250000               0.9999999628252505              0.0000000717884193              0.9999999524756161              1.4999999287126742              1.6666666666670000              1.6666666666670000
       0.43750000               0.9999999507393929              0.0000000650424241              0.9999999462901921              1.4999999194345379              1.6666666666670000              1.6666666666670000
       0.44250000               0.9999999427230032              0.0000000563270249              0.9999999474592447              1.4999999211881170              1.6666666666670000              1.6666666666670000
       0.44750000               0.9999999361630597              0.0000000480524364              0.9999999513516169              1.4999999270266753              1.6666666666670000              1.6666666666670000
       0.45250000               0.9999999276576600              0.0000000446730346              0.9999999511650742              1.4999999267468611              1.6666666666670000              1.6666666666670000
       0.45750000               0.9999999178803027              0.0000000448815114              0.9999999478635198              1.4999999217945295              1.6666666666670000              1.6666666666670000
       0.46250000               0.9999999088553337              0.0000000467358478              0.9999999434586320              1.4999999151871979              1.6666666666670000              1.6666666666670000
       0.46750000               0.9999999017783908              0.0000000481982400              0.9999999402439439              1.4999999103651658              1.6666666666670000              1.6666666666670000
       0.47250000               0.9999999010802172              0.0000000444730903              0.9999999441822538              1.4999999162726307              1.6666666666670000              1.6666666666670000
       0.47750000               0.9999999126298376              0.0000000268886065              0.9999999663150857              1.4999999494718785              1.6666666666670000              1.6666666666670000
       0.48250000               0.9999999288329491              0.0000000064005461              0.9999999923956364              1.4999999885927044              1.6666666666670000              1.6666666666670000
       0.48750000               0.9999999376092933             -0.0000000042801390              1.0000000059455241              1.5000000089175363              1.6666666666670000              1.6666666666670000
       0.49250000               0.9999999384052236             -0.0000000013314469              1.0000000019851552              1.5000000029769829              1.6666666666670000              1.6666666666670000
       0.49750000               0.9999999312487869              0.0000000097983533              0.9999999875183797              1.4999999812768197              1.6666666666670000              1.6666666666670000
       0.50250000               0.9999999227904717              0.0000000236600610              0.9999999695605404              1.4999999543400604              1.6666666666670000              1.6666666666670000
       0.50750000               0.9999999196959429              0.0000000338090176              0.9999999564188153              1.4999999346274731              1.6666666666670000              1.6666666666670000
       0.51250000               0.9999999271483447              0.0000000319077519              0.9999999588483918              1.4999999382718374              1.6666666666670000              1.6666666666670000
       0.51750000               0.9999999393225166              0.0000000176019398              0.9999999773012708              1.4999999659511560              1.6666666666670000              1.6666666666670000
       0.52250000               0.9999999483439740              0.0000000009817515              0.9999999987477842              1.4999999981209262              1.6666666666670000              1.6666666666670000
       0.52750000               0.9999999487239386             -0.0000000089418829              1.0000000115530305              1.5000000173287960              1.6666666666670000              1.6666666666670000
       0.53250000               0.9999999413001226             -0.0000000013665629              1.0000000017703092              1.5000000026547138              1.6666666666670000              1.6666666666670000
       0.53750000               0.9999999295789760              0.0000000177462927              0.9999999770955053              1.4999999656425078              1.6666666666670000              1.6666666666670000
       0.54250000               0.9999999194036331              0.0000000358003179              0.9999999537905033              1.4999999306850049              1.6666666666670000              1.6666666666670000
       0.54750000               0.9999999140788276              0.0000000403119347              0.9999999479718751              1.4999999219570623              1.6666666666670000              1.6666666666670000
       0.55250000               0.9999999198996826              0.0000000290657829              0.9999999625004899              1.4999999437499849              1.6666666666670000              1.6666666666670000
       0.55750000               0.9999999298410900              0.0000000113033030              0.9999999854474302              1.4999999781703952              1.6666666666670000              1.6666666666670000
       0.56250000               0.9999999360796210             -0.0000000036779221              1.0000000048126678              1.5000000072182518              1.6666666666670000              1.6666666666670000
       0.56750000               0.9999999277902597             -0.0000000058740818              1.0000000076865119              1.5000000115290180              1.6666666666670000              1.6666666666670000
       0.57250000               0.9999999118542423              0.0000000036404116              0.9999999954642614              1.4999999931956420              1.6666666666670000              1.6666666666670000
       0.57750000               0.9999998932821247              0.0000000187765481              0.9999999760195607              1.4999999640285910              1.6666666666670000              1.6666666666670000
       0.58250000               0.9999998754177075              0.0000000330908954              0.9999999576903471              1.4999999365347707              1.6666666666670000              1.6666666666670000
       0.58750000               0.9999998606834929              0.0000000395934939              0.9999999495302421              1.4999999242946132              1.6666666666670000              1.6666666666670000
       0.59250000               0.9999998596641224              0.0000000321032043              0.9999999595639587              1.4999999393451879              1.6666666666670000              1.6666666666670000
       0.59750000               0.9999998676945359              0.0000000170398279              0.9999999795714195              1.4999999693563792              1.6666666666670000              1.6666666666670000
       0.60250000               0.9999998748946912              0.0000000040203286              0.9999999972392690              1.4999999958581536              1.6666666666670000              1.6666666666670000
       0.60750000               0.9999998733216299             -0.0000000001804790              1.0000000039739887              1.5000000059602330              1.6666666666670000              1.6666666666670000
       0.61250000               0.9999998693601878              0.0000000028969517              1.0000000019914272              1.5000000029863907              1.6666666666670000              1.6666666666670000
       0.61750000               0.9999998658158272              0.0000000102149647              0.9999999955489902              1.4999999933227353              1.6666666666670000              1.6666666666670000
       0.62250000               0.9999998619326105              0.0000000191359710              0.9999999885455043              1.4999999828175063              1.6666666666670000              1.6666666666670000
       0.62750000               0.9999998576048560              0.0000000273361927              0.9999999847028477              1.4999999770535213              1.6666666666670000              1.6666666666670000
       0.63250000               0.9999998575053513              0.0000000353640865              0.9999999843626955              1.4999999765432932              1.6666666666670000              1.6666666666670000
       0.63750000               0.9999998615854673              0.0000000451766525              0.9999999865165414              1.4999999797740620              1.6666666666670000              1.6666666666670000
       0.64250000               0.9999998668645194              0.0000000577440554              0.9999999920946996              1.4999999881412993              1.6666666666670000              1.6666666666670000
       0.64750000               0.9999998735543748              0.0000000729037787              1.0000000044281647              1.5000000066414967              1.6666666666670000              1.6666666666670000
       0.65250000               0.9999998889294395              0.0000000899057368              1.0000000289232183              1.5000000433840772              1.6666666666670000              1.6666666666670000
       0.65750000               0.9999999156218206              0.0000001116316327              1.0000000681342163              1.5000001022005742              1.6666666666670000              1.6666666666670000
       0.66250000               0.9999999496201816              0.0000001450165455              1.0000001219293568              1.5000001828932854              1.6666666666670000              1.6666666666670000
       0.66750000               0.9999999904272234              0.0000001986015790              1.0000001916135175              1.5000002874195260              1.6666666666670000              1.6666666666670000
       0.67250000               1.0000000425845363              0.0000002845582634              1.0000002786133240              1.5000004179192359              1.6666666666670000              1.6666666666670000
       0.67750000               1.0000001204583593              0.0000004047985530              1.0000004041479782              1.5000006062212172              1.6666666666670000              1.6666666666670000
       0.68250000               1.0000002367950964              0.0000005625219847              1.0000005966352452              1.5000008949521180              1.6666666666670000              1.6666666666670000
       0.68750000               1.0000004094864368              0.0000007679092338              1.0000008873976782              1.5000013310957672              1.6666666666670000              1.6666666666670000
       0.69250000               1.0000006528001841              0.0000010537527159              1.0000012944949932              1.5000019417417398              1.6666666666670000              1.6666666666670000
       0.69750000               1.0000009850588432              0.0000014620973148              1.0000018451985433              1.5000027677970649              1.6666666666670000              1.6666666666670000
       0.70250000               1.0000014274513256              0.0000020445440097              1.0000025823647352              1.5000038735463526              1.6666666666670000              1.6666666666670000
       0.70750000               1.0000020274245736              0.0000028520123619              1.0000035863432597              1.5000053795141395              1.6666666666670000              1.6666666666670000
       0.71250000               1.0000028535051921              0.0000039504675683              1.0000049657590031              1.5000074486377546              1.6666666666670000              1.6666666666670000
       0.71750000               1.0000039906820712              0.0000054307603225              1.0000068588388629              1.5000102882575443              1.6666666666670000              1.6666666666670000
       0.72250000               1.0000055422776475              0.0000074129480431              1.0000094454540993              1.5000141681803989              1.6666666666670000              1.6666666666670000
       0.72750000               1.0000076297275011              0.0000100771200034              1.0000129292750370              1.5000193939118056              1.6666666666670000              1.6666666666670000
       0.73250000               1.0000104129005722              0.0000136585878813              1.0000175710968058              1.5000263566444583              1.6666666666670000              1.6666666666670000
       0.73750000               1.0000141093294688              0.0000184415888564              1.0000237301705071              1.5000355952550104              1.6666666666670000              1.6666666666670000
       0.74250000               1.0000190000996159              0.0000247762267982              1.0000318826135304              1.5000478239195454              1.6666666666670000              1.6666666666670000
       0.74750000               1.0000254450461521              0.0000331096424104              1.0000426295499323              1.5000639443241484              1.6666666666670000              1.6666666666670000
       0.75250000               1.0000338980296268              0.0000440115155932              1.0000567216910725              1.5000850825358589              1.6666666666670000              1.6666666666670000
       0.75750000               1.0000449124676745              0.0000582117452183              1.0000750782383989              1.5001126173568482              1.6666666666670000              1.6666666666670000
       0.76250000               1.0000591733724096              0.0000766132904952              1.0000988486623203              1.5001482729927305              1.6666666666670000              1.6666666666670000
       0.76750000               1.0000775365524379              0.0001003242078807              1.0001294609363660              1.5001941914037991              1.6666666666670000              1.6666666666670000
       0.77250000               1.0001010578271490              0.0001306987596184              1.0001686692820144              1.5002530039222715              1.6666666666670000              1.6666666666670000
       0.77750000               1.0001310178509699              0.0001693838577352              1.0002186055323197              1.5003279082977292              1.6666666666670000              1.6666666666670000
       0.78250000               1.0001689557356392              0.0002183623627421              1.0002818434805143              1.5004227652200213              1.6666666666670000              1.6666666666670000
       0.78750000               1.0002167334132741              0.0002799810773428              1.0003614891558825              1.5005422337330734              1.6666666666670000              1.6666666666670000
       0.79250000               1.0002765321381035              0.0003570552463368              1.0004611743481859              1.5006917615215285              1.6666666666670000              1.6666666666670000
       0.79750000               1.0003508742412375              0.0004529290946623              1.0005851031481783              1.5008776547215168              1.6666666666670000              1.6666666666670000
       0.80250000               1.0004427145473780              0.0005714389628844              1.0007382130926465              1.5011073196382190              1.6666666666670000              1.6666666666670000
       0.80750000               1.0005554577574010              0.0007169759558529              1.0009261873992630              1.5013892810981435              1.6666666666670000              1.6666666666670000
       0.81250000               1.0006929416691566              0.0008945553990315              1.0011554273652739              1.5017331410471599              1.6666666666670000              1.6666666666670000
       0.81750000               1.0008595239957978              0.0011097112924839              1.0014332080678245              1.5021498121009855              1.6666666666670000              1.6666666666670000
       0.82250000               1.0010600440172899              0.0013685108111782              1.0017676248625094              1.5026514372930126              1.6666666666670000              1.6666666666670000
       0.82750000               1.0012996914818746              0.0016776586238093              1.0021673584455408              1.5032510376675596              1.6666666666670000              1.6666666666670000
       0.83250000               1.0015840203725432              0.0020443430041927              1.0026417007886226              1.5039625511821817              1.6666666666670000              1.6666666666670000
       0.83750000               1.0019189146564731              0.0024760774555486              1.0032005098971648              1.5048007648449946              1.6666666666670000              1.6666666666670000
       0.84250000               1.0023103375676641              0.0029807624658281              1.0038538046636367              1.5057807069947022              1.6666666666670000              1.6666666666670000
       0.84750000               1.0027645470977198              0.0035661166611713              1.0046121084368147              1.5069181626544688              1.6666666666670000              1.6666666666670000
       0.85250000               1.0032876474191323              0.0042399079061400              1.0054857065795524              1.5082285598685745              1.6666666666670000              1.6666666666670000
       0.85750000               1.0038853301543569              0.0050099094139197              1.0064842260028768              1.5097263390035602              1.6666666666670000              1.6666666666670000
       0.86250000               1.0045636214466156              0.0058825565026950              1.0076178981185657              1.5114268471770929              1.6666666666670000              1.6666666666670000
       0.86750000               1.0053271187887900              0.0068648776010941              1.0088945943679486              1.5133418915511661              1.6666666666670000              1.6666666666670000
       0.87250000               1.0061802865560108              0.0079625032967712              1.0103219969880415              1.5154829954813043              1.6666666666670000              1.6666666666670000
       0.87750000               1.0071275604598318              0.0091792692355779              1.0119077845097637              1.5178616767638864              1.6666666666670000              1.6666666666670000
       0.88250000               1.0081709964015322              0.0105200321564076              1.0136557078809147              1.5204835618206116              1.6666666666670000              1.6666666666670000
       0.88750000               1.0093134170952052              0.0119865254285714              1.0155708330631605              1.5233562495939790              1.6666666666670000              1.6666666666670000
       0.89250000               1.0105562820242486              0.0135800521819107              1.0176559797484188              1.5264839696218648              1.6666666666670000              1.6666666666670000
       0.89750000               1.0118992503377497              0.0153020582475338              1.0199109857260524              1.5298664785883136              1.6666666666670000              1.6666666666670000
       0.90250000               1.0133431392993699              0.0171504222863743              1.0223376811981122              1.5335065217964017              1.6666666666670000              1.6666666666670000
       0.90750000               1.0148864107066720              0.0191241137307651              1.0249339577307164              1.5374009365953056              1.6666666666670000              1.6666666666670000
       0.91250000               1.0165269696067807              0.0212210433760982              1.0276967878371779              1.5415451817549961              1.6666666666670000              1.6666666666670000
       0.91750000               1.0182634905795507              0.0234365641806659              1.0306244599066992              1.5459366898592757              1.6666666666670000              1.6666666666670000
       0.92250000               1.0200921388224051              0.0257678416924952              1.0337110590607206              1.5505665885903055              1.6666666666670000              1.6666666666670000
       0.92750000               1.0220099349665304              0.0282097762995316              1.0369520992861516              1.5554281489284496              1.6666666666670000              1.6666666666670000
       0.93250000               1.0240134382837669              0.0307568695172380              1.0403423134076779              1.5605134701107364              1.6666666666670000              1.6666666666670000
       0.93750000               1.0260980289319299              0.0334042902336927              1.0438744302481957              1.5658116453715103              1.6666666666670000              1.6666666666670000
       0.94250000               1.0282599737149019              0.0361454014218348              1.0475426793638771              1.5713140190450299              1.6666666666670000              1.6666666666670000
       0.94750000               1.0304942449336607              0.0389746750651903              1.0513390548376758              1.5770085822557252              1.6666666666670000              1.6666666666670000
       0.95250000               1.0327962922810612              0.0418855391283520              1.0552563333321141              1.5828844999973799              1.6666666666670000              1.6666666666670000
       0.95750000               1.0351611961051519              0.0448715326120575              1.0592866322695798              1.5889299484035750              1.6666666666670000              1.6666666666670000
       0.96250000               1.0375839578813444              0.0479259880748070              1.0634219125067541              1.5951328687593334              1.6666666666670000              1.6666666666670000
       0.96750000               1.0400595697758022              0.0510420146391495              1.0676540538851236              1.6014810808268847              1.6666666666670000              1.6666666666670000
       0.97250000               1.0425828543068083              0.0542126986665725              1.0719746067810880              1.6079619101708280              1.6666666666670000              1.6666666666670000
       0.97750000               1.0451485036559882              0.0574310614965900              1.0763748486203277              1.6145622729296840              1.6666666666670000              1.6666666666670000
       0.98250000               1.0477509044742921              0.0606902513981200              1.0808454946991168              1.6212682420478646              1.6666666666670000              1.6666666666670000
       0.98750000               1.0503843566270086              0.0639832700685839              1.0853770231284032              1.6280655346917905              1.6666666666670000              1.6666666666670000
       0.99250000               1.0530431778014573              0.0673027656352903              1.0899598932275087              1.6349398398404453              1.6666666666670000              1.6666666666670000
       0.99750000               1.0557216507349747              0.0706410469318999              1.0945844391001112              1.6418766586493458              1.6666666666670000              1.6666666666670000
