       0.00250000               1.3643583635933849              1.0000000000000018              0.5999999999998783              0.8999999999993675              1.6666666666670000              1.6666666666670000
       0.00750000               1.3287002303789681              1.0000000000000011              0.5999999999998793              0.8999999999993687              1.6666666666670000              1.6666666666670000
       0.01250000               1.2950499925017493              1.0000000000000009              0.5999999999998790              0.8999999999993684              1.6666666666670000              1.6666666666670000
       0.01750000               1.2635210033576298              1.0000000000000013              0.5999999999998790              0.8999999999993685              1.6666666666670000              1.6666666666670000
       0.02250000               1.2341847677559918              1.0000000000000018              0.5999999999998782              0.8999999999993672              1.6666666666670000              1.6666666666670000
       0.02750000               1.2070740349844049              0.9999999999999997              0.5999999999998809              0.8999999999993712              1.6666666666670000              1.6666666666670000
       0.03250000               1.1821864713445007              0.9999999999999981              0.5999999999998827              0.8999999999993741              1.6666666666670000              1.6666666666670000
       0.03750000               1.1594887435445986              1.0000000000000011              0.5999999999998792              0.8999999999993687              1.6666666666670000              1.6666666666670000
       0.04250000               1.1389208496813334              0.9999999999999996              0.5999999999998806              0.8999999999993710              1.6666666666670000              1.6666666666670000
       0.04750000               1.1204005460792745              1.0000000000000036              0.5999999999998769              0.8999999999993652              1.6666666666670000              1.6666666666670000
       0.05250000               1.1038277342148206              1.0000000000000020              0.5999999999998774              0.8999999999993661              1.6666666666670000              1.6666666666670000
       0.05750000               1.0890886907484383              1.0000000000000024              0.5999999999998780              0.8999999999993669              1.6666666666670000              1.6666666666670000
       0.06250000               1.0760600440814445              0.9999999999999986              0.5999999999998810              0.8999999999993714              1.6666666666670000              1.6666666666670000
       0.06750000               1.0646124218792419              1.0000000000000004              0.5999999999998802              0.8999999999993703              1.6666666666670000              1.6666666666670000
       0.07250000               1.0546137148763115              0.9999999999999998              0.5999999999998804              0.8999999999993705              1.6666666666670000              1.6666666666670000
       0.07750000               1.0459319222918790              1.0000000000000029              0.5999999999998772              0.8999999999993658              1.6666666666670000              1.6666666666670000
       0.08250000               1.0384375626899016              0.9999999999999993              0.5999999999998811              0.8999999999993716              1.6666666666670000              1.6666666666670000
       0.08750000               1.0320056505519448              1.0000000000000018              0.5999999999998774              0.8999999999993660              1.6666666666670000              1.6666666666670000
       0.09250000               1.0265172527815536              0.9999999999999998              0.5999999999998791              0.8999999999993686              1.6666666666670000              1.6666666666670000
       0.09750000               1.0218606505877603              0.9999999999999980              0.5999999999998820              0.8999999999993729              1.6666666666670000              1.6666666666670000
       0.10250000               1.0179321406547042              0.9999999999999991              0.5999999999998800              0.8999999999993699              1.6666666666670000              1.6666666666670000
       0.10750000               1.0146365153003034              0.9999999999999943              0.5999999999998854              0.8999999999993781              1.6666666666670000              1.6666666666670000
       0.11250000               1.0118872646826151              0.9999999999999993              0.5999999999998804              0.8999999999993706              1.6666666666670000              1.6666666666670000
       0.11750000               1.0096065453226952              1.0000000000000018              0.5999999999998776              0.8999999999993664              1.6666666666670000              1.6666666666670000
       0.12250000               1.0077249586101000              1.0000000000000007              0.5999999999998783              0.8999999999993674              1.6666666666670000              1.6666666666670000
       0.12750000               1.0061811808922390              0.9999999999999998              0.5999999999998795              0.8999999999993692              1.6666666666670000              1.6666666666670000
       0.13250000               1.0049214835692477              1.0000000000000000              0.5999999999998796              0.8999999999993693              1.6666666666670000              1.6666666666670000
       0.13750000               1.0038991776576063              0.9999999999999969              0.5999999999998827              0.8999999999993741              1.6666666666670000              1.6666666666670000
       0.14250000               1.0030740128570885              1.0000000000000000              0.5999999999998797              0.8999999999993695              1.6666666666670000              1.6666666666670000
       0.14750000               1.0024115565291190              1.0000000000000000              0.5999999999998792              0.8999999999993687              1.6666666666670000              1.6666666666670000
       0.15250000               1.0018825733977645              0.9999999999999989              0.5999999999998805              0.8999999999993706              1.6666666666670000              1.6666666666670000
       0.15750000               1.0014624223980073              0.9999999999999978              0.5999999999998811              0.8999999999993715              1.6666666666670000              1.6666666666670000
       0.16250000               1.0011304830514332              1.0000000000000011              0.5999999999998786              0.8999999999993679              1.6666666666670000              1.6666666666670000
       0.16750000               1.0008696201365459              0.9999999999999998              0.5999999999998793              0.8999999999993689              1.6666666666670000              1.6666666666670000
       0.17250000               1.0006656922895099              0.9999999999999989              0.5999999999998797              0.8999999999993695              1.6666666666670000              1.6666666666670000
       0.17750000               1.0005071075400238              1.0000000000000002              0.5999999999998784              0.8999999999993675              1.6666666666670000              1.6666666666670000
       0.18250000               1.0003844266479531              0.9999999999999996              0.5999999999998797              0.8999999999993696              1.6666666666670000              1.6666666666670000
       0.18750000               1.0002900134320651              0.9999999999999991              0.5999999999998796              0.8999999999993694              1.6666666666670000              1.6666666666670000
       0.19250000               1.0002177300306743              0.9999999999999991              0.5999999999998800              0.8999999999993697              1.6666666666670000              1.6666666666670000
       0.19750000               1.0001626741542442              1.0000000000000002              0.5999999999998793              0.8999999999993690              1.6666666666670000              1.6666666666670000
       0.20250000               1.0001209548272008              0.9999999999999984              0.5999999999998804              0.8999999999993706              1.6666666666670000              1.6666666666670000
       0.20750000               1.0000895028146997              0.9999999999999996              0.5999999999998795              0.8999999999993693              1.6666666666670000              1.6666666666670000
       0.21250000               1.0000659118369135              1.0000000000000002              0.5999999999998783              0.8999999999993674              1.6666666666670000              1.6666666666670000
       0.21750000               1.0000483067395027              1.0000000000000002              0.5999999999998785              0.8999999999993678              1.6666666666670000              1.6666666666670000
       0.22250000               1.0000352349709598              0.9999999999999976              0.5999999999998811              0.8999999999993716              1.6666666666670000              1.6666666666670000
       0.22750000               1.0000255779776868              0.9999999999999976              0.5999999999998806              0.8999999999993710              1.6666666666670000              1.6666666666670000
       0.23250000               1.0000184794353193              1.0000000000000009              0.5999999999998774              0.8999999999993662              1.6666666666670000              1.6666666666670000
       0.23750000               1.0000132875650030              0.9999999999999980              0.5999999999998799              0.8999999999993697              1.6666666666670000              1.6666666666670000
       0.24250000               1.0000095091179311              0.9999999999999989              0.5999999999998797              0.8999999999993696              1.6666666666670000              1.6666666666670000
       0.24750000               1.0000067729365167              1.0000000000000002              0.5999999999998786              0.8999999999993679              1.6666666666670000              1.6666666666670000
       0.25250000               1.0000048013059988              0.9999999999999960              0.5999999999998830              0.8999999999993745              1.6666666666670000              1.6666666666670000
       0.25750000               1.0000033875895808              0.9999999999999962              0.5999999999998832              0.8999999999993746              1.6666666666670000              1.6666666666670000
       0.26250000               1.0000023788895214              0.9999999999999987              0.5999999999998801              0.8999999999993700              1.6666666666670000              1.6666666666670000
       0.26750000               1.0000016626950752              1.0000000000000018              0.5999999999998772              0.8999999999993659              1.6666666666670000              1.6666666666670000
       0.27250000               1.0000011566677529              0.9999999999999991              0.5999999999998800              0.8999999999993699              1.6666666666670000              1.6666666666670000
       0.27750000               1.0000008008767181              0.9999999999999982              0.5999999999998811              0.8999999999993716              1.6666666666670000              1.6666666666670000
       0.28250000               1.0000005519345923              0.9999999999999987              0.5999999999998800              0.8999999999993700              1.6666666666670000              1.6666666666670000
       0.28750000               1.0000003785975555              0.9999999999999996              0.5999999999998795              0.8999999999993693              1.6666666666670000              1.6666666666670000
       0.29250000               1.0000002584859708              1.0000000000000016              0.5999999999998773              0.8999999999993660              1.6666666666670000              1.6666666666670000
       0.29750000               1.0000001756555532              1.0000000000000002              0.5999999999998787              0.8999999999993680              1.6666666666670000              1.6666666666670000
       0.30250000               1.0000001188084664              1.0000000000000000              0.5999999999998790              0.8999999999993685              1.6666666666670000              1.6666666666670000
       0.30750000               1.0000000799822459              0.9999999999999984              0.5999999999998809              0.8999999999993712              1.6666666666670000              1.6666666666670000
       0.31250000               1.0000000535938280              1.0000000000000009              0.5999999999998777              0.8999999999993666              1.6666666666670000              1.6666666666670000
       0.31750000               1.0000000357471286              0.9999999999999978              0.5999999999998816              0.8999999999993725              1.6666666666670000              1.6666666666670000
       0.32250000               1.0000000237357103              1.0000000000000007              0.5999999999998781              0.8999999999993671              1.6666666666670000              1.6666666666670000
       0.32750000               1.0000000156888782              1.0000000000000018              0.5999999999998780              0.8999999999993669              1.6666666666670000              1.6666666666670000
       0.33250000               1.0000000103212385              1.0000000000000013              0.5999999999998785              0.8999999999993678              1.6666666666670000              1.6666666666670000
       0.33750000               1.0000000067557357              0.9999999999999973              0.5999999999998825              0.8999999999993736              1.6666666666670000              1.6666666666670000
       0.34250000               1.0000000043981201              1.0000000000000004              0.5999999999998790              0.8999999999993684              1.6666666666670000              1.6666666666670000
       0.34750000               1.0000000028479117              0.9999999999999980              0.5999999999998814              0.8999999999993720              1.6666666666670000              1.6666666666670000
       0.35250000               1.0000000018356845              0.9999999999999987              0.5999999999998807              0.8999999999993711              1.6666666666670000              1.6666666666670000
       0.35750000               1.0000000011799022              0.9999999999999989              0.5999999999998793              0.8999999999993690              1.6666666666670000              1.6666666666670000
       0.36250000               1.0000000007580054              1.0000000000000002              0.5999999999998791              0.8999999999993685              1.6666666666670000              1.6666666666670000
       0.36750000               1.0000000004874963              0.9999999999999996              0.5999999999998794              0.8999999999993691              1.6666666666670000              1.6666666666670000
       0.37250000               1.0000000003135119              1.0000000000000013              0.5999999999998769              0.8999999999993653              1.6666666666670000              1.6666666666670000
       0.37750000               1.0000000002003930              0.9999999999999973              0.5999999999998822              0.8999999999993733              1.6666666666670000              1.6666666666670000
       0.38250000               1.0000000001256693              1.0000000000000000              0.5999999999998789              0.8999999999993682              1.6666666666670000              1.6666666666670000
       0.38750000               1.0000000000758531              0.9999999999999982              0.5999999999998806              0.8999999999993709              1.6666666666670000              1.6666666666670000
       0.39250000               1.0000000000433904              0.9999999999999982              0.5999999999998806              0.8999999999993707              1.6666666666670000              1.6666666666670000
       0.39750000               1.0000000000245637              0.9999999999999991              0.5999999999998796              0.8999999999993694              1.6666666666670000              1.6666666666670000
       0.40250000               1.0000000000179441              0.9999999999999996              0.5999999999998799              0.8999999999993696              1.6666666666670000              1.6666666666670000
       0.40750000               1.0000000000233491              0.9999999999999964              0.5999999999998826              0.8999999999993739              1.6666666666670000              1.6666666666670000
       0.41250000               1.0000000000414311              0.9999999999999958              0.5999999999998836              0.8999999999993754              1.6666666666670000              1.6666666666670000
       0.41750000               1.0000000000741380              0.9999999999999980              0.5999999999998819              0.8999999999993726              1.6666666666670000              1.6666666666670000
       0.42250000               1.0000000001257305              0.9999999999999960              0.5999999999998836              0.8999999999993753              1.6666666666670000              1.6666666666670000
       0.42750000               1.0000000002042173              0.9999999999999984              0.5999999999998814              0.8999999999993721              1.6666666666670000              1.6666666666670000
       0.43250000               1.0000000003234719              0.9999999999999978              0.5999999999998821              0.8999999999993731              1.6666666666670000              1.6666666666670000
       0.43750000               1.0000000005062342              1.0000000000000009              0.5999999999998783              0.8999999999993673              1.6666666666670000              1.6666666666670000
       0.44250000               1.0000000007885999              0.9999999999999993              0.5999999999998802              0.8999999999993702              1.6666666666670000              1.6666666666670000
       0.44750000               1.0000000012264918              0.9999999999999991              0.5999999999998809              0.8999999999993713              1.6666666666670000              1.6666666666670000
       0.45250000               1.0000000019051811              0.9999999999999993              0.5999999999998802              0.8999999999993701              1.6666666666670000              1.6666666666670000
       0.45750000               1.0000000029531519              0.9999999999999998              0.5999999999998800              0.8999999999993700              1.6666666666670000              1.6666666666670000
       0.46250000               1.0000000045624839              0.9999999999999982              0.5999999999998815              0.8999999999993723              1.6666666666670000              1.6666666666670000
       0.46750000               1.0000000070189303              1.0000000000000002              0.5999999999998799              0.8999999999993697              1.6666666666670000              1.6666666666670000
       0.47250000               1.0000000107462130              0.9999999999999980              0.5999999999998817              0.8999999999993725              1.6666666666670000              1.6666666666670000
       0.47750000               1.0000000163706948              1.0000000000000002              0.5999999999998796              0.8999999999993694              1.6666666666670000              1.6666666666670000
       0.48250000               1.0000000248149357              1.0000000000000004              0.5999999999998790              0.8999999999993685              1.6666666666670000              1.6666666666670000
       0.48750000               1.0000000374315010              1.0000000000000002              0.5999999999998801              0.8999999999993700              1.6666666666670000              1.6666666666670000
       0.49250000               1.0000000561928857              1.0000000000000004              0.5999999999998794              0.8999999999993692              1.6666666666670000              1.6666666666670000
       0.49750000               1.0000000839594323              0.9999999999999987              0.5999999999998812              0.8999999999993717              1.6666666666670000              1.6666666666670000
       0.50250000               1.0000001248554951              1.0000000000000031              0.5999999999998775              0.8999999999993661              1.6666666666670000              1.6666666666670000
       0.50750000               1.0000001847954074              1.0000000000000027              0.5999999999998773              0.8999999999993660              1.6666666666670000              1.6666666666670000
       0.51250000               1.0000002722151295              0.9999999999999984              0.5999999999998812              0.8999999999993717              1.6666666666670000              1.6666666666670000
       0.51750000               1.0000003990842778              0.9999999999999984              0.5999999999998815              0.8999999999993723              1.6666666666670000              1.6666666666670000
       0.52250000               1.0000005822971052              0.9999999999999989              0.5999999999998815              0.8999999999993722              1.6666666666670000              1.6666666666670000
       0.52750000               1.0000008455718250              0.9999999999999993              0.5999999999998807              0.8999999999993711              1.6666666666670000              1.6666666666670000
       0.53250000               1.0000012220276395              0.9999999999999993              0.5999999999998812              0.8999999999993717              1.6666666666670000              1.6666666666670000
       0.53750000               1.0000017576594837              0.9999999999999989              0.5999999999998807              0.8999999999993711              1.6666666666670000              1.6666666666670000
       0.54250000               1.0000025159943804              1.0000000000000004              0.5999999999998803              0.8999999999993704              1.6666666666670000              1.6666666666670000
       0.54750000               1.0000035842923229              0.9999999999999989              0.5999999999998820              0.8999999999993729              1.6666666666670000              1.6666666666670000
       0.55250000               1.0000050817514765              0.9999999999999989              0.5999999999998814              0.8999999999993722              1.6666666666670000              1.6666666666670000
       0.55750000               1.0000071702948443              1.0000000000000009              0.5999999999998795              0.8999999999993692              1.6666666666670000              1.6666666666670000
       0.56250000               1.0000100686563738              0.9999999999999980              0.5999999999998830              0.8999999999993743              1.6666666666670000              1.6666666666670000
       0.56750000               1.0000140706517251              1.0000000000000002              0.5999999999998799              0.8999999999993697              1.6666666666670000              1.6666666666670000
       0.57250000               1.0000195687149136              0.9999999999999982              0.5999999999998814              0.8999999999993721              1.6666666666670000              1.6666666666670000
       0.57750000               1.0000270840077250              1.0000000000000002              0.5999999999998803              0.8999999999993704              1.6666666666670000              1.6666666666670000
       0.58250000               1.0000373046650164              0.9999999999999987              0.5999999999998820              0.8999999999993730              1.6666666666670000              1.6666666666670000
       0.58750000               1.0000511340228215              1.0000000000000000              0.5999999999998801              0.8999999999993701              1.6666666666670000              1.6666666666670000
       0.59250000               1.0000697509848615              0.9999999999999989              0.5999999999998812              0.8999999999993716              1.6666666666670000              1.6666666666670000
       0.59750000               1.0000946850092238              1.0000000000000002              0.5999999999998796              0.8999999999993695              1.6666666666670000              1.6666666666670000
       0.60250000               1.0001279085313308              1.0000000000000000              0.5999999999998803              0.8999999999993703              1.6666666666670000              1.6666666666670000
       0.60750000               1.0001719499662474              1.0000000000000004              0.5999999999998799              0.8999999999993697              1.6666666666670000              1.6666666666670000
       0.61250000               1.0002300307326171              0.9999999999999982              0.5999999999998817              0.8999999999993726              1.6666666666670000              1.6666666666670000
       0.61750000               1.0003062299850642              1.0000000000000002              0.5999999999998804              0.8999999999993705              1.6666666666670000              1.6666666666670000
       0.62250000               1.0004056809006043              0.9999999999999993              0.5999999999998810              0.8999999999993714              1.6666666666670000              1.6666666666670000
       0.62750000               1.0005348024003731              0.9999999999999989              0.5999999999998810              0.8999999999993714              1.6666666666670000              1.6666666666670000
       0.63250000               1.0007015700578310              0.9999999999999998              0.5999999999998809              0.8999999999993713              1.6666666666670000              1.6666666666670000
       0.63750000               1.0009158295968690              0.9999999999999980              0.5999999999998822              0.8999999999993733              1.6666666666670000              1.6666666666670000
       0.64250000               1.0011896557612758              1.0000000000000004              0.5999999999998796              0.8999999999993694              1.6666666666670000              1.6666666666670000
       0.64750000               1.0015377583837273              0.9999999999999989              0.5999999999998813              0.8999999999993720              1.6666666666670000              1.6666666666670000
       0.65250000               1.0019779361472898              0.9999999999999998              0.5999999999998802              0.8999999999993703              1.6666666666670000              1.6666666666670000
       0.65750000               1.0025315767734415              0.9999999999999976              0.5999999999998819              0.8999999999993727              1.6666666666670000              1.6666666666670000
       0.66250000               1.0032242001498597              0.9999999999999996              0.5999999999998800              0.8999999999993697              1.6666666666670000              1.6666666666670000
       0.66750000               1.0040860381969918              0.9999999999999984              0.5999999999998812              0.8999999999993717              1.6666666666670000              1.6666666666670000
       0.67250000               1.0051526420468031              0.9999999999999991              0.5999999999998809              0.8999999999993713              1.6666666666670000              1.6666666666670000
       0.67750000               1.0064655033905801              0.9999999999999996              0.5999999999998803              0.8999999999993703              1.6666666666670000              1.6666666666670000
       0.68250000               1.0080726727178431              1.0000000000000002              0.5999999999998803              0.8999999999993704              1.6666666666670000              1.6666666666670000
       0.68750000               1.0100293527401421              0.9999999999999984              0.5999999999998813              0.8999999999993719              1.6666666666670000              1.6666666666670000
       0.69250000               1.0123984407230358              0.9999999999999998              0.5999999999998802              0.8999999999993703              1.6666666666670000              1.6666666666670000
       0.69750000               1.0152509888968435              1.0000000000000002              0.5999999999998793              0.8999999999993691              1.6666666666670000              1.6666666666670000
       0.70250000               1.0186665477621715              1.0000000000000002              0.5999999999998800              0.8999999999993699              1.6666666666670000              1.6666666666670000
       0.70750000               1.0227333531979801              1.0000000000000002              0.5999999999998802              0.8999999999993703              1.6666666666670000              1.6666666666670000
       0.71250000               1.0275483151748068              1.0000000000000007              0.5999999999998785              0.8999999999993676              1.6666666666670000              1.6666666666670000
       0.71750000               1.0332167640201795              1.0000000000000002              0.5999999999998794              0.8999999999993691              1.6666666666670000              1.6666666666670000
       0.72250000               1.0398519100157841              1.0000000000000016              0.5999999999998780              0.8999999999993668              1.6666666666670000              1.6666666666670000
       0.72750000               1.0475739739379386              1.0000000000000024              0.5999999999998781              0.8999999999993671              1.6666666666670000              1.6666666666670000
       0.73250000               1.0565089501252156              1.0000000000000009              0.5999999999998787              0.8999999999993681              1.6666666666670000              1.6666666666670000
       0.73750000               1.0667869698341175              1.0000000000000016              0.5999999999998783              0.8999999999993674              1.6666666666670000              1.6666666666670000
       0.74250000               1.0785402411839531              0.9999999999999993              0.5999999999998807              0.8999999999993711              1.6666666666670000              1.6666666666670000
       0.74750000               1.0919005532376611              1.0000000000000002              0.5999999999998793              0.8999999999993690              1.6666666666670000              1.6666666666670000
       0.75250000               1.1069963460983128              0.9999999999999990              0.5999999999998807              0.8999999999993711              1.6666666666670000              1.6666666666670000
       0.75750000               1.1239493663801698              0.9999999999999996              0.5999999999998793              0.8999999999993689              1.6666666666670000              1.6666666666670000
       0.76250000               1.1428709474191276              1.0000000000000002              0.5999999999998790              0.8999999999993683              1.6666666666670000              1.6666666666670000
       0.76750000               1.1638579747869093              1.0000000000000011              0.5999999999998782              0.8999999999993672              1.6666666666670000              1.6666666666670000
       0.77250000               1.1869886184698848              1.0000000000000004              0.5999999999998786              0.8999999999993680              1.6666666666670000              1.6666666666670000
       0.77750000               1.2123179323435711              1.0000000000000004              0.5999999999998791              0.8999999999993686              1.6666666666670000              1.6666666666670000
       0.78250000               1.2398734391929696              1.0000000000000000              0.5999999999998799              0.8999999999993697              1.6666666666670000              1.6666666666670000
       0.78750000               1.2696508361689867              1.0000000000000004              0.5999999999998802              0.8999999999993702              1.6666666666670000              1.6666666666670000
       0.79250000               1.3016099716762251              0.9999999999999991              0.5999999999998809              0.8999999999993713              1.6666666666670000              1.6666666666670000
       0.79750000               1.3356712591470765              0.9999999999999982              0.5999999999998821              0.8999999999993731              1.6666666666670000              1.6666666666670000
       0.80250000               1.3717127026356803              0.9999999999999990              0.5999999999998813              0.8999999999993720              1.6666666666670000              1.6666666666670000
       0.80750000               1.4095677088888241              0.9999999999999989              0.5999999999998810              0.8999999999993714              1.6666666666670000              1.6666666666670000
       0.81250000               1.4490238465645173              0.9999999999999988              0.5999999999998811              0.8999999999993716              1.6666666666670000              1.6666666666670000
       0.81750000               1.4898226851372518              0.9999999999999988              0.5999999999998806              0.8999999999993710              1.6666666666670000              1.6666666666670000
       0.82250000               1.5316608083065226              0.9999999999999987              0.5999999999998810              0.8999999999993713              1.6666666666670000              1.6666666666670000
       0.82750000               1.5741920578257393              0.9999999999999994              0.5999999999998801              0.8999999999993700              1.6666666666670000              1.6666666666670000
       0.83250000               1.6170310320316896              0.9999999999999996              0.5999999999998795              0.8999999999993694              1.6666666666670000              1.6666666666670000
       0.83750000               1.6597578424704802              0.9999999999999994              0.5999999999998800              0.8999999999993700              1.6666666666670000              1.6666666666670000
       0.84250000               1.7019241169815018              1.0000000000000002              0.5999999999998787              0.8999999999993680              1.6666666666670000              1.6666666666670000
       0.84750000               1.7430602156551358              1.0000000000000013              0.5999999999998775              0.8999999999993662              1.6666666666670000              1.6666666666670000
       0.85250000               1.7826835818453974              1.0000000000000011              0.5999999999998776              0.8999999999993664              1.6666666666670000              1.6666666666670000
       0.85750000               1.8203080741135587              1.0000000000000004              0.5999999999998787              0.8999999999993681              1.6666666666670000              1.6666666666670000
       0.86250000               1.8554540198795326              1.0000000000000004              0.5999999999998781              0.8999999999993672              1.6666666666670000              1.6666666666670000
       0.86750000               1.8876586167872456              1.0000000000000002              0.5999999999998787              0.8999999999993681              1.6666666666670000              1.6666666666670000
       0.87250000               1.9164862143670054              0.9999999999999992              0.5999999999998799              0.8999999999993696              1.6666666666670000              1.6666666666670000
       0.87750000               1.9415379701149800              0.9999999999999990              0.5999999999998807              0.8999999999993711              1.6666666666670000              1.6666666666670000
       0.88250000               1.9624604172605897              0.9999999999999982              0.5999999999998814              0.8999999999993721              1.6666666666670000              1.6666666666670000
       0.88750000               1.9789526246506275              0.9999999999999984              0.5999999999998816              0.8999999999993725              1.6666666666670000              1.6666666666670000
       0.89250000               1.9907719029433213              0.9999999999999988              0.5999999999998810              0.8999999999993714              1.6666666666670000              1.6666666666670000
       0.89750000               1.9977385384213315              0.9999999999999988              0.5999999999998812              0.8999999999993717              1.6666666666670000              1.6666666666670000
       0.90250000               1.9997411554433540              0.9999999999999996              0.5999999999998799              0.8999999999993697              1.6666666666670000              1.6666666666670000
       0.90750000               1.9967452746885626              0.9999999999999994              0.5999999999998802              0.8999999999993703              1.6666666666670000              1.6666666666670000
       0.91250000               1.9887995216475669              0.9999999999999998              0.5999999999998804              0.8999999999993705              1.6666666666670000              1.6666666666670000
       0.91750000               1.9760290202165121              1.0000000000000007              0.5999999999998789              0.8999999999993682              1.6666666666670000              1.6666666666670000
       0.92250000               1.9586272090911983              1.0000000000000009              0.5999999999998794              0.8999999999993690              1.6666666666670000              1.6666666666670000
       0.92750000               1.9368500615892892              1.0000000000000002              0.5999999999998790              0.8999999999993683              1.6666666666670000              1.6666666666670000
       0.93250000               1.9110106714815038              1.0000000000000002              0.5999999999998801              0.8999999999993700              1.6666666666670000              1.6666666666670000
       0.93750000               1.8814729490445929              0.9999999999999992              0.5999999999998812              0.8999999999993717              1.6666666666670000              1.6666666666670000
       0.94250000               1.8486440699269167              0.9999999999999986              0.5999999999998820              0.8999999999993730              1.6666666666670000              1.6666666666670000
       0.94750000               1.8129657261698329              0.9999999999999980              0.5999999999998823              0.8999999999993734              1.6666666666670000              1.6666666666670000
       0.95250000               1.7749044720419198              0.9999999999999979              0.5999999999998828              0.8999999999993742              1.6666666666670000              1.6666666666670000
       0.95750000               1.7349415750842996              0.9999999999999976              0.5999999999998834              0.8999999999993752              1.6666666666670000              1.6666666666670000
       0.96250000               1.6935628144516586              0.9999999999999977              0.5999999999998825              0.8999999999993737              1.6666666666670000              1.6666666666670000
       0.96750000               1.6512486373720456              0.9999999999999988              0.5999999999998816              0.8999999999993724              1.6666666666670000              1.6666666666670000
       0.97250000               1.6084650143380359              0.9999999999999984              0.5999999999998817              0.8999999999993726              1.6666666666670000              1.6666666666670000
       0.97750000               1.5656552484555144              0.9999999999999991              0.5999999999998811              0.8999999999993715              1.6666666666670000              1.6666666666670000
       0.98250000               1.5232329124856214              0.9999999999999991              0.5999999999998814              0.8999999999993721              1.6666666666670000              1.6666666666670000
       0.98750000               1.4815760189024856              0.9999999999999980              0.5999999999998828              0.8999999999993743              1.6666666666670000              1.6666666666670000
       0.99250000               1.4410224759488837              0.9999999999999989              0.5999999999998821              0.8999999999993730              1.6666666666670000              1.6666666666670000
       0.99750000               1.4018668427619534              0.9999999999999996              0.5999999999998805              0.8999999999993707              1.6666666666670000              1.6666666666670000
