       0.00250000               1.0000000216114486              0.9999999999999998              0.5999999999998800              0.8999999999993700              1.6666666666670000              1.6666666666670000
       0.00750000               1.0000000141883674              1.0000000000000024              0.5999999999998773              0.8999999999993660              1.6666666666670000              1.6666666666670000
       0.01250000               1.0000000092701764              0.9999999999999967              0.5999999999998841              0.8999999999993761              1.6666666666670000              1.6666666666670000
       0.01750000               1.0000000060280423              0.9999999999999996              0.5999999999998802              0.8999999999993703              1.6666666666670000              1.6666666666670000
       0.02250000               1.0000000039006882              0.9999999999999989              0.5999999999998811              0.8999999999993715              1.6666666666670000              1.6666666666670000
       0.02750000               1.0000000025108473              1.0000000000000004              0.5999999999998795              0.8999999999993692              1.6666666666670000              1.6666666666670000
       0.03250000               1.0000000016071817              0.9999999999999993              0.5999999999998801              0.8999999999993701              1.6666666666670000              1.6666666666670000
       0.03750000               1.0000000010232881              1.0000000000000016              0.5999999999998776              0.8999999999993664              1.6666666666670000              1.6666666666670000
       0.04250000               1.0000000006489793              0.9999999999999998              0.5999999999998793              0.8999999999993687              1.6666666666670000              1.6666666666670000
       0.04750000               1.0000000004108420              1.0000000000000002              0.5999999999998793              0.8999999999993689              1.6666666666670000              1.6666666666670000
       0.05250000               1.0000000002598706              1.0000000000000016              0.5999999999998776              0.8999999999993663              1.6666666666670000              1.6666666666670000
       0.05750000               1.0000000001637721              1.0000000000000004              0.5999999999998784              0.8999999999993675              1.6666666666670000              1.6666666666670000
       0.06250000               1.0000000001019336              1.0000000000000011              0.5999999999998784              0.8999999999993675              1.6666666666670000              1.6666666666670000
       0.06750000               1.0000000000618572              0.9999999999999982              0.5999999999998809              0.8999999999993713              1.6666666666670000              1.6666666666670000
       0.07250000               1.0000000000365015              1.0000000000000000              0.5999999999998793              0.8999999999993689              1.6666666666670000              1.6666666666670000
       0.07750000               1.0000000000223650              0.9999999999999971              0.5999999999998823              0.8999999999993734              1.6666666666670000              1.6666666666670000
       0.08250000               1.0000000000180489              1.0000000000000020              0.5999999999998774              0.8999999999993661              1.6666666666670000              1.6666666666670000
       0.08750000               1.0000000000233347              0.9999999999999989              0.5999999999998803              0.8999999999993704              1.6666666666670000              1.6666666666670000
       0.09250000               1.0000000000387659              0.9999999999999993              0.5999999999998800              0.8999999999993700              1.6666666666670000              1.6666666666670000
       0.09750000               1.0000000000661584              0.9999999999999991              0.5999999999998804              0.8999999999993705              1.6666666666670000              1.6666666666670000
       0.10250000               1.0000000001095883              1.0000000000000007              0.5999999999998786              0.8999999999993680              1.6666666666670000              1.6666666666670000
       0.10750000               1.0000000001768272              0.9999999999999971              0.5999999999998822              0.8999999999993732              1.6666666666670000              1.6666666666670000
       0.11250000               1.0000000002812859              0.9999999999999993              0.5999999999998802              0.8999999999993703              1.6666666666670000              1.6666666666670000
       0.11750000               1.0000000004448382              0.9999999999999996              0.5999999999998792              0.8999999999993687              1.6666666666670000              1.6666666666670000
       0.12250000               1.0000000007017629              0.9999999999999993              0.5999999999998811              0.8999999999993716              1.6666666666670000              1.6666666666670000
       0.12750000               1.0000000011045138              1.0000000000000018              0.5999999999998787              0.8999999999993680              1.6666666666670000              1.6666666666670000
       0.13250000               1.0000000017324338              1.0000000000000020              0.5999999999998776              0.8999999999993664              1.6666666666670000              1.6666666666670000
       0.13750000               1.0000000027050573              1.0000000000000002              0.5999999999998800              0.8999999999993699              1.6666666666670000              1.6666666666670000
       0.14250000               1.0000000042023307              1.0000000000000011              0.5999999999998787              0.8999999999993681              1.6666666666670000              1.6666666666670000
       0.14750000               1.0000000064946604              1.0000000000000000              0.5999999999998799              0.8999999999993697              1.6666666666670000              1.6666666666670000
       0.15250000               1.0000000099866460              0.9999999999999989              0.5999999999998810              0.8999999999993714              1.6666666666670000              1.6666666666670000
       0.15750000               1.0000000152801749              1.0000000000000000              0.5999999999998794              0.8999999999993691              1.6666666666670000              1.6666666666670000
       0.16250000               1.0000000232650965              0.9999999999999998              0.5999999999998800              0.8999999999993700              1.6666666666670000              1.6666666666670000
       0.16750000               1.0000000352492457              0.9999999999999982              0.5999999999998816              0.8999999999993724              1.6666666666670000              1.6666666666670000
       0.17250000               1.0000000531442730              0.9999999999999973              0.5999999999998827              0.8999999999993742              1.6666666666670000              1.6666666666670000
       0.17750000               1.0000000797296176              1.0000000000000013              0.5999999999998785              0.8999999999993678              1.6666666666670000              1.6666666666670000
       0.18250000               1.0000001190249095              0.9999999999999998              0.5999999999998801              0.8999999999993702              1.6666666666670000              1.6666666666670000
       0.18750000               1.0000001768117495              0.9999999999999998              0.5999999999998807              0.8999999999993712              1.6666666666670000              1.6666666666670000
       0.19250000               1.0000002613603931              1.0000000000000007              0.5999999999998789              0.8999999999993681              1.6666666666670000              1.6666666666670000
       0.19750000               1.0000003844356644              0.9999999999999989              0.5999999999998812              0.8999999999993716              1.6666666666670000              1.6666666666670000
       0.20250000               1.0000005626810333              0.9999999999999967              0.5999999999998830              0.8999999999993744              1.6666666666670000              1.6666666666670000
       0.20750000               1.0000008195113308              1.0000000000000000              0.5999999999998793              0.8999999999993689              1.6666666666670000              1.6666666666670000
       0.21250000               1.0000011876846175              1.0000000000000002              0.5999999999998799              0.8999999999993699              1.6666666666670000              1.6666666666670000
       0.21750000               1.0000017127745315              0.9999999999999996              0.5999999999998803              0.8999999999993704              1.6666666666670000              1.6666666666670000
       0.22250000               1.0000024578284106              1.0000000000000002              0.5999999999998794              0.8999999999993691              1.6666666666670000              1.6666666666670000
       0.22750000               1.0000035095755244              1.0000000000000000              0.5999999999998794              0.8999999999993691              1.6666666666670000              1.6666666666670000
       0.23250000               1.0000049866470491              1.0000000000000011              0.5999999999998790              0.8999999999993684              1.6666666666670000              1.6666666666670000
       0.23750000               1.0000070503874179              0.9999999999999993              0.5999999999998805              0.8999999999993709              1.6666666666670000              1.6666666666670000
       0.24250000               1.0000099189781657              1.0000000000000022              0.5999999999998775              0.8999999999993663              1.6666666666670000              1.6666666666670000
       0.24750000               1.0000138857631915              0.9999999999999998              0.5999999999998799              0.8999999999993699              1.6666666666670000              1.6666666666670000
       0.25250000               1.0000193428601103              1.0000000000000002              0.5999999999998802              0.8999999999993703              1.6666666666670000              1.6666666666670000
       0.25750000               1.0000268113681394              1.0000000000000020              0.5999999999998775              0.8999999999993662              1.6666666666670000              1.6666666666670000
       0.26250000               1.0000369797378015              1.0000000000000000              0.5999999999998802              0.8999999999993703              1.6666666666670000              1.6666666666670000
       0.26750000               1.0000507521509119              0.9999999999999996              0.5999999999998801              0.8999999999993701              1.6666666666670000              1.6666666666670000
       0.27250000               1.0000693090665251              0.9999999999999989              0.5999999999998811              0.8999999999993715              1.6666666666670000              1.6666666666670000
       0.27750000               1.0000941824125511              1.0000000000000011              0.5999999999998783              0.8999999999993673              1.6666666666670000              1.6666666666670000
       0.28250000               1.0001273482337663              1.0000000000000004              0.5999999999998795              0.8999999999993693              1.6666666666670000              1.6666666666670000
       0.28750000               1.0001713399292567              0.9999999999999976              0.5999999999998826              0.8999999999993737              1.6666666666670000              1.6666666666670000
       0.29250000               1.0002293855065369              0.9999999999999996              0.5999999999998803              0.8999999999993704              1.6666666666670000              1.6666666666670000
       0.29750000               1.0003055725192016              1.0000000000000000              0.5999999999998792              0.8999999999993687              1.6666666666670000              1.6666666666670000
       0.30250000               1.0004050445087846              0.9999999999999993              0.5999999999998803              0.8999999999993705              1.6666666666670000              1.6666666666670000
       0.30750000               1.0005342328019939              1.0000000000000007              0.5999999999998792              0.8999999999993687              1.6666666666670000              1.6666666666670000
       0.31250000               1.0007011273771151              0.9999999999999996              0.5999999999998804              0.8999999999993705              1.6666666666670000              1.6666666666670000
       0.31750000               1.0009155901585860              0.9999999999999976              0.5999999999998824              0.8999999999993735              1.6666666666670000              1.6666666666670000
       0.32250000               1.0011897134744494              1.0000000000000007              0.5999999999998794              0.8999999999993691              1.6666666666670000              1.6666666666670000
       0.32750000               1.0015382254639222              0.9999999999999998              0.5999999999998803              0.8999999999993704              1.6666666666670000              1.6666666666670000
       0.33250000               1.0019789428985053              1.0000000000000000              0.5999999999998799              0.8999999999993697              1.6666666666670000              1.6666666666670000
       0.33750000               1.0025332701292118              1.0000000000000002              0.5999999999998799              0.8999999999993699              1.6666666666670000              1.6666666666670000
       0.34250000               1.0032267406548443              0.9999999999999993              0.5999999999998809              0.8999999999993713              1.6666666666670000              1.6666666666670000
       0.34750000               1.0040895951024333              1.0000000000000018              0.5999999999998789              0.8999999999993683              1.6666666666670000              1.6666666666670000
       0.35250000               1.0051573862200003              0.9999999999999996              0.5999999999998805              0.8999999999993707              1.6666666666670000              1.6666666666670000
       0.35750000               1.0064715978213201              1.0000000000000013              0.5999999999998791              0.8999999999993686              1.6666666666670000              1.6666666666670000
       0.36250000               1.0080802605415300              0.9999999999999991              0.5999999999998811              0.8999999999993716              1.6666666666670000              1.6666666666670000
       0.36750000               1.0100385428614509              1.0000000000000009              0.5999999999998792              0.8999999999993687              1.6666666666670000              1.6666666666670000
       0.37250000               1.0124092912927587              0.9999999999999991              0.5999999999998810              0.8999999999993713              1.6666666666670000              1.6666666666670000
       0.37750000               1.0152634890672534              1.0000000000000016              0.5999999999998786              0.8999999999993680              1.6666666666670000              1.6666666666670000
       0.38250000               1.0186805983435334              1.0000000000000002              0.5999999999998793              0.8999999999993690              1.6666666666670000              1.6666666666670000
       0.38750000               1.0227487470907688              1.0000000000000013              0.5999999999998786              0.8999999999993680              1.6666666666670000              1.6666666666670000
       0.39250000               1.0275647187840609              1.0000000000000007              0.5999999999998786              0.8999999999993679              1.6666666666670000              1.6666666666670000
       0.39750000               1.0332337012402748              0.9999999999999996              0.5999999999998802              0.8999999999993702              1.6666666666670000              1.6666666666670000
       0.40250000               1.0398687506598359              0.9999999999999991              0.5999999999998807              0.8999999999993711              1.6666666666670000              1.6666666666670000
       0.40750000               1.0475899284564705              0.9999999999999998              0.5999999999998801              0.8999999999993701              1.6666666666670000              1.6666666666670000
       0.41250000               1.0565230720480543              0.9999999999999986              0.5999999999998811              0.8999999999993716              1.6666666666670000              1.6666666666670000
       0.41750000               1.0667981668829343              0.9999999999999988              0.5999999999998806              0.8999999999993710              1.6666666666670000              1.6666666666670000
       0.42250000               1.0785472959527105              0.9999999999999993              0.5999999999998810              0.8999999999993714              1.6666666666670000              1.6666666666670000
       0.42750000               1.0919021548424186              0.9999999999999994              0.5999999999998803              0.8999999999993705              1.6666666666670000              1.6666666666670000
       0.43250000               1.1069911345428767              1.0000000000000004              0.5999999999998792              0.8999999999993686              1.6666666666670000              1.6666666666670000
       0.43750000               1.1239359904838679              1.0000000000000000              0.5999999999998796              0.8999999999993694              1.6666666666670000              1.6666666666670000
       0.44250000               1.1428481347428314              1.0000000000000000              0.5999999999998802              0.8999999999993703              1.6666666666670000              1.6666666666670000
       0.44750000               1.1638246092965006              1.0000000000000004              0.5999999999998792              0.8999999999993687              1.6666666666670000              1.6666666666670000
       0.45250000               1.1869438204922418              1.0000000000000009              0.5999999999998791              0.8999999999993684              1.6666666666670000              1.6666666666670000
       0.45750000               1.2122611362912239              1.0000000000000009              0.5999999999998796              0.8999999999993694              1.6666666666670000              1.6666666666670000
       0.46250000               1.2398044663266823              1.0000000000000002              0.5999999999998796              0.8999999999993694              1.6666666666670000              1.6666666666670000
       0.46750000               1.2695699607436728              1.0000000000000009              0.5999999999998789              0.8999999999993682              1.6666666666670000              1.6666666666670000
       0.47250000               1.3015179789772156              1.0000000000000011              0.5999999999998794              0.8999999999993691              1.6666666666670000              1.6666666666670000
       0.47750000               1.3355694937637668              1.0000000000000004              0.5999999999998797              0.8999999999993695              1.6666666666670000              1.6666666666670000
       0.48250000               1.3716031037074647              1.0000000000000007              0.5999999999998799              0.8999999999993697              1.6666666666670000              1.6666666666670000
       0.48750000               1.4094528229120369              1.0000000000000002              0.5999999999998802              0.8999999999993702              1.6666666666670000              1.6666666666670000
       0.49250000               1.4489067976543446              1.0000000000000013              0.5999999999998784              0.8999999999993675              1.6666666666670000              1.6666666666670000
       0.49750000               1.4897070765601244              0.9999999999999999              0.5999999999998803              0.8999999999993704              1.6666666666670000              1.6666666666670000
       0.50250000               1.5315505435290215              1.0000000000000007              0.5999999999998791              0.8999999999993685              1.6666666666670000              1.6666666666670000
       0.50750000               1.5740911114650940              1.0000000000000007              0.5999999999998796              0.8999999999993694              1.6666666666670000              1.6666666666670000
       0.51250000               1.6169432516721998              1.0000000000000004              0.5999999999998795              0.8999999999993692              1.6666666666670000              1.6666666666670000
       0.51750000               1.6596868764367743              1.0000000000000004              0.5999999999998797              0.8999999999993695              1.6666666666670000              1.6666666666670000
       0.52250000               1.7018735010237296              1.0000000000000004              0.5999999999998797              0.8999999999993697              1.6666666666670000              1.6666666666670000
       0.52750000               1.7430335223625149              0.9999999999999998              0.5999999999998803              0.8999999999993705              1.6666666666670000              1.6666666666670000
       0.53250000               1.7826844170511664              0.9999999999999997              0.5999999999998795              0.8999999999993692              1.6666666666670000              1.6666666666670000
       0.53750000               1.8203397012757898              1.0000000000000000              0.5999999999998795              0.8999999999993692              1.6666666666670000              1.6666666666670000
       0.54250000               1.8555185632084246              1.0000000000000000              0.5999999999998794              0.8999999999993690              1.6666666666670000              1.6666666666670000
       0.54750000               1.8877560776838909              1.0000000000000000              0.5999999999998803              0.8999999999993704              1.6666666666670000              1.6666666666670000
       0.55250000               1.9166137677664925              1.0000000000000000              0.5999999999998800              0.8999999999993700              1.6666666666670000              1.6666666666670000
       0.55750000               1.9416900113167566              1.0000000000000000              0.5999999999998805              0.8999999999993707              1.6666666666670000              1.6666666666670000
       0.56250000               1.9626295451274307              0.9999999999999996              0.5999999999998809              0.8999999999993712              1.6666666666670000              1.6666666666670000
       0.56750000               1.9791312938397245              1.0000000000000002              0.5999999999998799              0.8999999999993696              1.6666666666670000              1.6666666666670000
       0.57250000               1.9909541036691227              1.0000000000000007              0.5999999999998787              0.8999999999993681              1.6666666666670000              1.6666666666670000
       0.57750000               1.9979207892254760              1.0000000000000011              0.5999999999998791              0.8999999999993685              1.6666666666670000              1.6666666666670000
       0.58250000               1.9999223512146929              1.0000000000000009              0.5999999999998790              0.8999999999993685              1.6666666666670000              1.6666666666670000
       0.58750000               1.9969253327930099              0.9999999999999999              0.5999999999998805              0.8999999999993707              1.6666666666670000              1.6666666666670000
       0.59250000               1.9889774440866106              0.9999999999999989              0.5999999999998813              0.8999999999993719              1.6666666666670000              1.6666666666670000
       0.59750000               1.9762016459597989              0.9999999999999991              0.5999999999998805              0.8999999999993707              1.6666666666670000              1.6666666666670000
       0.60250000               1.9587891387896805              0.9999999999999989              0.5999999999998812              0.8999999999993717              1.6666666666670000              1.6666666666670000
       0.60750000               1.9369945707360432              0.9999999999999997              0.5999999999998800              0.8999999999993700              1.6666666666670000              1.6666666666670000
       0.61250000               1.9111311251175653              1.0000000000000009              0.5999999999998776              0.8999999999993665              1.6666666666670000              1.6666666666670000
       0.61750000               1.8815641372028427              1.0000000000000024              0.5999999999998766              0.8999999999993649              1.6666666666670000              1.6666666666670000
       0.62250000               1.8487030266974458              1.0000000000000009              0.5999999999998793              0.8999999999993689              1.6666666666670000              1.6666666666670000
       0.62750000               1.8129918860413496              1.0000000000000002              0.5999999999998797              0.8999999999993696              1.6666666666670000              1.6666666666670000
       0.63250000               1.7748992950265960              0.9999999999999992              0.5999999999998813              0.8999999999993719              1.6666666666670000              1.6666666666670000
       0.63750000               1.7349079199331960              0.9999999999999992              0.5999999999998809              0.8999999999993711              1.6666666666670000              1.6666666666670000
       0.64250000               1.6935043305430471              1.0000000000000002              0.5999999999998792              0.8999999999993689              1.6666666666670000              1.6666666666670000
       0.64750000               1.6511693332787543              1.0000000000000004              0.5999999999998794              0.8999999999993690              1.6666666666670000              1.6666666666670000
       0.65250000               1.6083690276675597              1.0000000000000004              0.5999999999998790              0.8999999999993684              1.6666666666670000              1.6666666666670000
       0.65750000               1.5655467516436234              1.0000000000000000              0.5999999999998797              0.8999999999993695              1.6666666666670000              1.6666666666670000
       0.66250000               1.5231160646441595              1.0000000000000002              0.5999999999998797              0.8999999999993695              1.6666666666670000              1.6666666666670000
       0.66750000               1.4814548990311147              1.0000000000000007              0.5999999999998786              0.8999999999993679              1.6666666666670000              1.6666666666670000
       0.67250000               1.4409009762691967              1.0000000000000000              0.5999999999998795              0.8999999999993693              1.6666666666670000              1.6666666666670000
       0.67750000               1.4017485359428303              0.9999999999999997              0.5999999999998795              0.8999999999993692              1.6666666666670000              1.6666666666670000
       0.68250000               1.3642463725748719              1.0000000000000002              0.5999999999998793              0.8999999999993687              1.6666666666670000              1.6666666666670000
       0.68750000               1.3285971265748000              0.9999999999999998              0.5999999999998797              0.8999999999993696              1.6666666666670000              1.6666666666670000
       0.69250000               1.2949577362581268              1.0000000000000009              0.5999999999998786              0.8999999999993679              1.6666666666670000              1.6666666666670000
       0.69750000               1.2634409282387387              0.9999999999999991              0.5999999999998805              0.8999999999993707              1.6666666666670000              1.6666666666670000
       0.70250000               1.2341176022009062              0.9999999999999974              0.5999999999998830              0.8999999999993743              1.6666666666670000              1.6666666666670000
       0.70750000               1.2070199518471980              0.9999999999999972              0.5999999999998824              0.8999999999993736              1.6666666666670000              1.6666666666670000
       0.71250000               1.1821451562316081              1.0000000000000002              0.5999999999998791              0.8999999999993685              1.6666666666670000              1.6666666666670000
       0.71750000               1.1594594746764693              0.9999999999999979              0.5999999999998816              0.8999999999993724              1.6666666666670000              1.6666666666670000
       0.72250000               1.1389025837909228              1.0000000000000002              0.5999999999998796              0.8999999999993694              1.6666666666670000              1.6666666666670000
       0.72750000               1.1203920060223342              0.9999999999999998              0.5999999999998797              0.8999999999993696              1.6666666666670000              1.6666666666670000
       0.73250000               1.1038274945417406              1.0000000000000000              0.5999999999998804              0.8999999999993704              1.6666666666670000              1.6666666666670000
       0.73750000               1.0890952578005737              1.0000000000000002              0.5999999999998793              0.8999999999993689              1.6666666666670000              1.6666666666670000
       0.74250000               1.0760719275546606              0.9999999999999992              0.5999999999998810              0.8999999999993714              1.6666666666670000              1.6666666666670000
       0.74750000               1.0646281954228340              1.0000000000000002              0.5999999999998800              0.8999999999993699              1.6666666666670000              1.6666666666670000
       0.75250000               1.0546320641616231              0.9999999999999990              0.5999999999998815              0.8999999999993722              1.6666666666670000              1.6666666666670000
       0.75750000               1.0459516799611681              1.0000000000000011              0.5999999999998790              0.8999999999993683              1.6666666666670000              1.6666666666670000
       0.76250000               1.0384577305152858              0.9999999999999989              0.5999999999998811              0.8999999999993715              1.6666666666670000              1.6666666666670000
       0.76750000               1.0320254098703314              1.0000000000000009              0.5999999999998801              0.8999999999993700              1.6666666666670000              1.6666666666670000
       0.77250000               1.0265359647719647              1.0000000000000024              0.5999999999998784              0.8999999999993675              1.6666666666670000              1.6666666666670000
       0.77750000               1.0218778482352586              0.9999999999999976              0.5999999999998831              0.8999999999993745              1.6666666666670000              1.6666666666670000
       0.78250000               1.0179475143455574              1.0000000000000009              0.5999999999998803              0.8999999999993703              1.6666666666670000              1.6666666666670000
       0.78750000               1.0146498939648323              1.0000000000000018              0.5999999999998779              0.8999999999993669              1.6666666666670000              1.6666666666670000
       0.79250000               1.0118985942800045              1.0000000000000011              0.5999999999998795              0.8999999999993692              1.6666666666670000              1.6666666666670000
       0.79750000               1.0096158662687311              0.9999999999999996              0.5999999999998807              0.8999999999993711              1.6666666666670000              1.6666666666670000
       0.80250000               1.0077323835020275              1.0000000000000013              0.5999999999998791              0.8999999999993685              1.6666666666670000              1.6666666666670000
       0.80750000               1.0061868736033721              1.0000000000000029              0.5999999999998767              0.8999999999993652              1.6666666666670000              1.6666666666670000
       0.81250000               1.0049256404923443              1.0000000000000018              0.5999999999998782              0.8999999999993672              1.6666666666670000              1.6666666666670000
       0.81750000               1.0039020115926554              1.0000000000000004              0.5999999999998793              0.8999999999993689              1.6666666666670000              1.6666666666670000
       0.82250000               1.0030757397846137              0.9999999999999993              0.5999999999998805              0.8999999999993707              1.6666666666670000              1.6666666666670000
       0.82750000               1.0024123852963656              1.0000000000000022              0.5999999999998780              0.8999999999993669              1.6666666666670000              1.6666666666670000
       0.83250000               1.0018826981778588              0.9999999999999998              0.5999999999998802              0.8999999999993702              1.6666666666670000              1.6666666666670000
       0.83750000               1.0014620176609248              0.9999999999999993              0.5999999999998802              0.8999999999993702              1.6666666666670000              1.6666666666670000
       0.84250000               1.0011297007077387              1.0000000000000029              0.5999999999998776              0.8999999999993664              1.6666666666670000              1.6666666666670000
       0.84750000               1.0008685884746746              0.9999999999999996              0.5999999999998809              0.8999999999993712              1.6666666666670000              1.6666666666670000
       0.85250000               1.0006645163191026              1.0000000000000029              0.5999999999998776              0.8999999999993664              1.6666666666670000              1.6666666666670000
       0.85750000               1.0005058703705985              1.0000000000000020              0.5999999999998786              0.8999999999993679              1.6666666666670000              1.6666666666670000
       0.86250000               1.0003831915669810              0.9999999999999978              0.5999999999998823              0.8999999999993734              1.6666666666670000              1.6666666666670000
       0.86750000               1.0002888263930128              0.9999999999999998              0.5999999999998801              0.8999999999993701              1.6666666666670000              1.6666666666670000
       0.87250000               1.0002166223134505              0.9999999999999996              0.5999999999998807              0.8999999999993711              1.6666666666670000              1.6666666666670000
       0.87750000               1.0001616650131389              0.9999999999999964              0.5999999999998831              0.8999999999993745              1.6666666666670000              1.6666666666670000
       0.88250000               1.0001200539914634              1.0000000000000007              0.5999999999998792              0.8999999999993687              1.6666666666670000              1.6666666666670000
       0.88750000               1.0000887127518387              1.0000000000000011              0.5999999999998789              0.8999999999993682              1.6666666666670000              1.6666666666670000
       0.89250000               1.0000652297269736              1.0000000000000004              0.5999999999998799              0.8999999999993697              1.6666666666670000              1.6666666666670000
       0.89750000               1.0000477261393850              0.9999999999999978              0.5999999999998815              0.8999999999993722              1.6666666666670000              1.6666666666670000
       0.90250000               1.0000347471708040              0.9999999999999991              0.5999999999998807              0.8999999999993710              1.6666666666670000              1.6666666666670000
       0.90750000               1.0000251730676712              0.9999999999999998              0.5999999999998797              0.8999999999993697              1.6666666666670000              1.6666666666670000
       0.91250000               1.0000181471119689              1.0000000000000002              0.5999999999998791              0.8999999999993685              1.6666666666670000              1.6666666666670000
       0.91750000               1.0000130177126245              0.9999999999999991              0.5999999999998804              0.8999999999993705              1.6666666666670000              1.6666666666670000
       0.92250000               1.0000092922032822              0.9999999999999991              0.5999999999998803              0.8999999999993703              1.6666666666670000              1.6666666666670000
       0.92750000               1.0000066002537920              1.0000000000000011              0.5999999999998784              0.8999999999993675              1.6666666666670000              1.6666666666670000
       0.93250000               1.0000046651058152              0.9999999999999987              0.5999999999998809              0.8999999999993714              1.6666666666670000              1.6666666666670000
       0.93750000               1.0000032811210522              1.0000000000000007              0.5999999999998787              0.8999999999993680              1.6666666666670000              1.6666666666670000
       0.94250000               1.0000022963801056              1.0000000000000013              0.5999999999998781              0.8999999999993671              1.6666666666670000              1.6666666666670000
       0.94750000               1.0000015992887892              1.0000000000000004              0.5999999999998795              0.8999999999993692              1.6666666666670000              1.6666666666670000
       0.95250000               1.0000011083386531              0.9999999999999989              0.5999999999998807              0.8999999999993712              1.6666666666670000              1.6666666666670000
       0.95750000               1.0000007643309852              1.0000000000000007              0.5999999999998793              0.8999999999993689              1.6666666666670000              1.6666666666670000
       0.96250000               1.0000005245109820              0.9999999999999980              0.5999999999998817              0.8999999999993725              1.6666666666670000              1.6666666666670000
       0.96750000               1.0000003581723198              1.0000000000000002              0.5999999999998794              0.8999999999993691              1.6666666666670000              1.6666666666670000
       0.97250000               1.0000002433849293              0.9999999999999989              0.5999999999998815              0.8999999999993721              1.6666666666670000              1.6666666666670000
       0.97750000               1.0000001645736860              1.0000000000000016              0.5999999999998795              0.8999999999993692              1.6666666666670000              1.6666666666670000
       0.98250000               1.0000001107375316              0.9999999999999973              0.5999999999998824              0.8999999999993735              1.6666666666670000              1.6666666666670000
       0.98750000               1.0000000741479989              0.9999999999999989              0.5999999999998806              0.8999999999993709              1.6666666666670000              1.6666666666670000
       0.99250000               1.0000000494050807              0.9999999999999978              0.5999999999998820              0.8999999999993730              1.6666666666670000              1.6666666666670000
       0.99750000               1.0000000327568306              1.0000000000000009              0.5999999999998790              0.8999999999993684              1.6666666666670000              1.6666666666670000
