       0.00250000               1.0318773024679013              0.0374182377029697              1.0450626653042219              2.6126566632605557              1.3999999999999999              1.3999999999999999
       0.00750000               1.0330123607515636              0.0387350290602273              1.0466738406103029              2.6166846015257579              1.3999999999999999              1.3999999999999999
       0.01250000               1.0341568820928149              0.0400589934581648              1.0482974748317186              2.6207436870792971              1.3999999999999999              1.3999999999999999
       0.01750000               1.0353111937782977              0.0413871923280204              1.0499360652491971              2.6248401631229936              1.3999999999999999              1.3999999999999999
       0.02250000               1.0364727894689008              0.0427208601245726              1.0515870161240057              2.6289675403100152              1.3999999999999999              1.3999999999999999
       0.02750000               1.0376419236418872              0.0440610253162174              1.0532480199827274              2.6331200499568190              1.3999999999999999              1.3999999999999999
       0.03250000               1.0388164019512338              0.0454081860445595              1.0549174573807591              2.6372936434518985              1.3999999999999999              1.3999999999999999
       0.03750000               1.0399946430454303              0.0467620717450737              1.0565946875093370              2.6414867187733431              1.3999999999999999              1.3999999999999999
       0.04250000               1.0411791619377737              0.0481218004058061              1.0582798641171356              2.6456996602928400              1.3999999999999999              1.3999999999999999
       0.04750000               1.0423701704182207              0.0494855370819784              1.0599743632392520              2.6499359080981306              1.3999999999999999              1.3999999999999999
       0.05250000               1.0435653085583549              0.0508533476350856              1.0616772252024298              2.6541930630060748              1.3999999999999999              1.3999999999999999
       0.05750000               1.0447646670436468              0.0522256163777455              1.0633871161176653              2.6584677902941642              1.3999999999999999              1.3999999999999999
       0.06250000               1.0459694939673521              0.0536022275436759              1.0651033400327372              2.6627583500818437              1.3999999999999999              1.3999999999999999
       0.06750000               1.0471767576408695              0.0549828059992849              1.0668255452628856              2.6670638631572143              1.3999999999999999              1.3999999999999999
       0.07250000               1.0483876531971050              0.0563664732333093              1.0685540192697551              2.6713850481743884              1.3999999999999999              1.3999999999999999
       0.07750000               1.0496048055870479              0.0577516496858259              1.0702899476977865              2.6757248692444668              1.3999999999999999              1.3999999999999999
       0.08250000               1.0508262668197570              0.0591364441063425              1.0720349384618226              2.6800873461545573              1.3999999999999999              1.3999999999999999
       0.08750000               1.0520507431393491              0.0605228140962456              1.0737857470457794              2.6844643676144493              1.3999999999999999              1.3999999999999999
       0.09250000               1.0532783172992237              0.0619127094144879              1.0755391695994971              2.6888479239987433              1.3999999999999999              1.3999999999999999
       0.09750000               1.0545040760835440              0.0633076128586634              1.0772925205148967              2.6932313012872426              1.3999999999999999              1.3999999999999999
       0.10250000               1.0557291957713462              0.0647059639580818              1.0790469904704763              2.6976174761761915              1.3999999999999999              1.3999999999999999
       0.10750000               1.0569588626379922              0.0661043968907528              1.0808060275098672              2.7020150687746689              1.3999999999999999              1.3999999999999999
       0.11250000               1.0581924369627722              0.0675001806696770              1.0825722885526015              2.7064307213815044              1.3999999999999999              1.3999999999999999
       0.11750000               1.0594274108058002              0.0688945579276627              1.0843434722998688              2.7108586807496726              1.3999999999999999              1.3999999999999999
       0.12250000               1.0606657010647664              0.0702886349138914              1.0861172311187155              2.7152930777967894              1.3999999999999999              1.3999999999999999
       0.12750000               1.0619047664308996              0.0716833414334850              1.0878917562154060              2.7197293905385158              1.3999999999999999              1.3999999999999999
       0.13250000               1.0631399731310782              0.0730786254938133              1.0896659891883131              2.7241649729707835              1.3999999999999999              1.3999999999999999
       0.13750000               1.0643761421253199              0.0744736381045966              1.0914404116494980              2.7286010291237455              1.3999999999999999              1.3999999999999999
       0.14250000               1.0656154855461402              0.0758654727767041              1.0932175963410142              2.7330439908525364              1.3999999999999999              1.3999999999999999
       0.14750000               1.0668522374175340              0.0772537631741737              1.0949971666715974              2.7374929166789941              1.3999999999999999              1.3999999999999999
       0.15250000               1.0680884600262268              0.0786414141507148              1.0967743319452712              2.7419358298631789              1.3999999999999999              1.3999999999999999
       0.15750000               1.0693228402542516              0.0800284811630935              1.0985473870054896              2.7463684675137250              1.3999999999999999              1.3999999999999999
       0.16250000               1.0705515587314391              0.0814135085690204              1.1003177797626449              2.7507944494066132              1.3999999999999999              1.3999999999999999
       0.16750000               1.0717795935882910              0.0827937236249061              1.1020862546852968              2.7552156367132428              1.3999999999999999              1.3999999999999999
       0.17250000               1.0730111876604989              0.0841689874714908              1.1038559382077100              2.7596398455192754              1.3999999999999999              1.3999999999999999
       0.17750000               1.0742417251793961              0.0855353754058299              1.1056306065219987              2.7640765163049972              1.3999999999999999              1.3999999999999999
       0.18250000               1.0754708415440231              0.0869001837300390              1.1074037560098045              2.7685093900245117              1.3999999999999999              1.3999999999999999
       0.18750000               1.0766938436306246              0.0882638743508171              1.1091633954274165              2.7729084885685418              1.3999999999999999              1.3999999999999999
       0.19250000               1.0779017505351811              0.0896183723201073              1.1109043656088504              2.7772609140221269              1.3999999999999999              1.3999999999999999
       0.19750000               1.0790881213803780              0.0909519497454438              1.1126239762906931              2.7815599407267335              1.3999999999999999              1.3999999999999999
       0.20250000               1.0802574901953832              0.0922481786417330              1.1143055981182115              2.7857639952955293              1.3999999999999999              1.3999999999999999
       0.20750000               1.0814262480214207              0.0935478236089763              1.1159930221157999              2.7899825552895003              1.3999999999999999              1.3999999999999999
       0.21250000               1.0827177709247024              0.0949911331227846              1.1178682259201957              2.7946705648004895              1.3999999999999999              1.3999999999999999
       0.21750000               1.0843020726816954              0.0967342780146010              1.1201513282992470              2.8003783207481181              1.3999999999999999              1.3999999999999999
       0.22250000               1.0859440868092376              0.0985418604211503              1.1225272160952824              2.8063180402382066              1.3999999999999999              1.3999999999999999
       0.22750000               1.0869515832904759              0.0997051248215210              1.1239932795634358              2.8099831989085899              1.3999999999999999              1.3999999999999999
       0.23250000               1.0869250184246990              0.0996836808400908              1.1239479633025171              2.8098699082562932              1.3999999999999999              1.3999999999999999
       0.23750000               1.0838699266845773              0.0961696686731162              1.1195269554536136              2.7988173886340344              1.3999999999999999              1.3999999999999999
       0.24250000               1.0739012956746750              0.0852128634240737              1.1051464147085297              2.7628660367713245              1.3999999999999999              1.3999999999999999
       0.24750000               1.0518405037015046              0.0602542627629976              1.0734639834485011              2.6836599586212535              1.3999999999999999              1.3999999999999999
       0.25250000               1.0225860581101809              0.0265313315656246              1.0318567872997717              2.5796419682494296              1.3999999999999999              1.3999999999999999
       0.25750000               1.0056946755489771              0.0068348102220446              1.0080629369568417              2.5201573423921051              1.3999999999999999              1.3999999999999999
       0.26250000               1.0015934134573898              0.0020001911387581              1.0023170011655207              2.5057925029138026              1.3999999999999999              1.3999999999999999
       0.26750000               1.0004713573621522              0.0006726460684674              1.0007447020203502              2.5018617550508759              1.3999999999999999              1.3999999999999999
       0.27250000               1.0001425499307768              0.0002819656859161              1.0002837653938748              2.5007094134846870              1.3999999999999999              1.3999999999999999
       0.27750000               1.0000373139539929              0.0001568521740058              1.0001371010768647              2.5003427526921622              1.3999999999999999              1.3999999999999999
       0.28250000               0.9999970964660416              0.0001087867043802              1.0000812160970725              2.5002030402426816              1.3999999999999999              1.3999999999999999
       0.28750000               0.9999774996616968              0.0000851918746763              1.0000535323465645              2.5001338308664116              1.3999999999999999              1.3999999999999999
       0.29250000               0.9999641736267357              0.0000703727099432              1.0000353870916387              2.5000884677290975              1.3999999999999999              1.3999999999999999
       0.29750000               0.9999533754427447              0.0000590409076715              1.0000207294080656              2.5000518235201645              1.3999999999999999              1.3999999999999999
       0.30250000               0.9999447989337104              0.0000498524083916              1.0000082292394314              2.5000205730985789              1.3999999999999999              1.3999999999999999
       0.30750000               0.9999375509613428              0.0000429244428301              0.9999983765456837              2.4999959413642099              1.3999999999999999              1.3999999999999999
       0.31250000               0.9999319595402997              0.0000380236857842              0.9999913459887232              2.4999783649718084              1.3999999999999999              1.3999999999999999
       0.31750000               0.9999290983336381              0.0000342621904473              0.9999866017643786              2.4999665044109469              1.3999999999999999              1.3999999999999999
       0.32250000               0.9999273564499492              0.0000308111766546              0.9999836608979843              2.4999591522449611              1.3999999999999999              1.3999999999999999
       0.32750000               0.9999255575412052              0.0000276735667742              0.9999819011412091              2.4999547528530233              1.3999999999999999              1.3999999999999999
       0.33250000               0.9999249543929465              0.0000251685647417              0.9999807712547775              2.4999519281369440              1.3999999999999999              1.3999999999999999
       0.33750000               0.9999246485292573              0.0000235938684988              0.9999797061585031              2.4999492653962583              1.3999999999999999              1.3999999999999999
       0.34250000               0.9999229807006902              0.0000231636134014              0.9999781209265532              2.4999453023163833              1.3999999999999999              1.3999999999999999
       0.34750000               0.9999214323279675              0.0000234133634848              0.9999762835875901              2.4999407089689756              1.3999999999999999              1.3999999999999999
       0.35250000               0.9999204550805284              0.0000237904321954              0.9999746911843238              2.4999367279608098              1.3999999999999999              1.3999999999999999
       0.35750000               0.9999193495763858              0.0000239327346793              0.9999736886017133              2.4999342215042839              1.3999999999999999              1.3999999999999999
       0.36250000               0.9999187096272164              0.0000238075829080              0.9999732449717564              2.4999331124293915              1.3999999999999999              1.3999999999999999
       0.36750000               0.9999188948044139              0.0000235397714868              0.9999731442286827              2.4999328605717070              1.3999999999999999              1.3999999999999999
       0.37250000               0.9999187151422054              0.0000231943729667              0.9999732553240447              2.4999331383101122              1.3999999999999999              1.3999999999999999
       0.37750000               0.9999183281375984              0.0000228414589789              0.9999734604022443              2.4999336510056116              1.3999999999999999              1.3999999999999999
       0.38250000               0.9999189518133985              0.0000225664589081              0.9999736357565622              2.4999340893914059              1.3999999999999999              1.3999999999999999
       0.38750000               0.9999192068242949              0.0000224405563289              0.9999736801190688              2.4999342002976728              1.3999999999999999              1.3999999999999999
       0.39250000               0.9999184227927268              0.0000225719514973              0.9999734520126243              2.4999336300315615              1.3999999999999999              1.3999999999999999
       0.39750000               0.9999183718679434              0.0000229587265945              0.9999729439553844              2.4999323598884615              1.3999999999999999              1.3999999999999999
       0.40250000               0.9999185262879535              0.0000234563680142              0.9999723203215113              2.4999308008037788              1.3999999999999999              1.3999999999999999
       0.40750000               0.9999176235275854              0.0000239080964545              0.9999717620042929              2.4999294050107332              1.3999999999999999              1.3999999999999999
       0.41250000               0.9999172431248465              0.0000241515700269              0.9999714577066375              2.4999286442665944              1.3999999999999999              1.3999999999999999
       0.41750000               0.9999175908477176              0.0000239140390191              0.9999717277085022              2.4999293192712559              1.3999999999999999              1.3999999999999999
       0.42250000               0.9999179394185725              0.0000230278596911              0.9999727687093769              2.4999319217734430              1.3999999999999999              1.3999999999999999
       0.42750000               0.9999184091771248              0.0000219873487015              0.9999739947544932              2.4999349868862337              1.3999999999999999              1.3999999999999999
       0.43250000               0.9999190422662526              0.0000212880804159              0.9999748187359276              2.4999370468398197              1.3999999999999999              1.3999999999999999
       0.43750000               0.9999188767713766              0.0000211975252356              0.9999749236464005              2.4999373091160018              1.3999999999999999              1.3999999999999999
       0.44250000               0.9999180153694249              0.0000215226447051              0.9999745375026392              2.4999363437565987              1.3999999999999999              1.3999999999999999
       0.44750000               0.9999178962023018              0.0000221027483193              0.9999738501781238              2.4999346254453099              1.3999999999999999              1.3999999999999999
       0.45250000               0.9999174043727103              0.0000227507633063              0.9999730828433867              2.4999327071084672              1.3999999999999999              1.3999999999999999
       0.45750000               0.9999162583942310              0.0000232865699338              0.9999724484969409              2.4999311212423527              1.3999999999999999              1.3999999999999999
       0.46250000               0.9999163781092233              0.0000235874767546              0.9999720922218179              2.4999302305545452              1.3999999999999999              1.3999999999999999
       0.46750000               0.9999170167539299              0.0000235813245404              0.9999720993359600              2.4999302483399006              1.3999999999999999              1.3999999999999999
       0.47250000               0.9999169253664005              0.0000232468343152              0.9999724949775805              2.4999312374439517              1.3999999999999999              1.3999999999999999
       0.47750000               0.9999171377490567              0.0000226529786472              0.9999731975200771              2.4999329938001931              1.3999999999999999              1.3999999999999999
       0.48250000               0.9999176964834999              0.0000219540403559              0.9999740244115968              2.4999350610289923              1.3999999999999999              1.3999999999999999
       0.48750000               0.9999179327159733              0.0000213868665317              0.9999746954285625              2.4999367385714066              1.3999999999999999              1.3999999999999999
       0.49250000               0.9999175162116470              0.0000212175992667              0.9999748956838633              2.4999372392096588              1.3999999999999999              1.3999999999999999
       0.49750000               0.9999167535296963              0.0000218305514292              0.9999741704645826              2.4999354261614570              1.3999999999999999              1.3999999999999999
       0.50250000               0.9999155516378327              0.0000228733715326              0.9999729366515510              2.4999323416288779              1.3999999999999999              1.3999999999999999
       0.50750000               0.9999142441569442              0.0000237192585416              0.9999719358439075              2.4999298396097696              1.3999999999999999              1.3999999999999999
       0.51250000               0.9999140435404346              0.0000239718396422              0.9999716370067189              2.4999290925167976              1.3999999999999999              1.3999999999999999
       0.51750000               0.9999141623904512              0.0000237796085042              0.9999718644493412              2.4999296611233537              1.3999999999999999              1.3999999999999999
       0.52250000               0.9999138066244538              0.0000233273891168              0.9999723994965547              2.4999309987413869              1.3999999999999999              1.3999999999999999
       0.52750000               0.9999144773228386              0.0000227977340487              0.9999730261621248              2.4999325654053126              1.3999999999999999              1.3999999999999999
       0.53250000               0.9999152298771997              0.0000223864557331              0.9999735127716566              2.4999337819291418              1.3999999999999999              1.3999999999999999
       0.53750000               0.9999150395458198              0.0000221991038443              0.9999737344449922              2.4999343361124811              1.3999999999999999              1.3999999999999999
       0.54250000               0.9999146760700630              0.0000222314966361              0.9999736961324995              2.4999342403312492              1.3999999999999999              1.3999999999999999
       0.54750000               0.9999142950483746              0.0000224639409833              0.9999734211396391              2.4999335528490980              1.3999999999999999              1.3999999999999999
       0.55250000               0.9999134920697611              0.0000228836257699              0.9999729246334794              2.4999323115836996              1.3999999999999999              1.3999999999999999
       0.55750000               0.9999122311560718              0.0000234203806551              0.9999722896502587              2.4999307241256474              1.3999999999999999              1.3999999999999999
       0.56250000               0.9999113460182150              0.0000239309790010              0.9999716856653116              2.4999292141632794              1.3999999999999999              1.3999999999999999
       0.56750000               0.9999106236704760              0.0000242294884250              0.9999713326838805              2.4999283317097021              1.3999999999999999              1.3999999999999999
       0.57250000               0.9999100253489394              0.0000240188613185              0.9999715821861649              2.4999289554654127              1.3999999999999999              1.3999999999999999
       0.57750000               0.9999105897589819              0.0000228754379555              0.9999729354739335              2.4999323386848342              1.3999999999999999              1.3999999999999999
       0.58250000               0.9999115084991562              0.0000214389974656              0.9999746356803559              2.4999365892008907              1.3999999999999999              1.3999999999999999
       0.58750000               0.9999114169128347              0.0000205306651505              0.9999757114217090              2.4999392785542729              1.3999999999999999              1.3999999999999999
       0.59250000               0.9999108620335111              0.0000207332802659              0.9999754733058163              2.4999386832645412              1.3999999999999999              1.3999999999999999
       0.59750000               0.9999100555359766              0.0000216134517552              0.9999744343841517              2.4999360859603801              1.3999999999999999              1.3999999999999999
       0.60250000               0.9999088285912234              0.0000227008648038              0.9999731515243767              2.4999328788109425              1.3999999999999999              1.3999999999999999
       0.60750000               0.9999074401792838              0.0000234523923400              0.9999722679305861              2.4999306698264658              1.3999999999999999              1.3999999999999999
       0.61250000               0.9999068571648627              0.0000235022028091              0.9999722173155577              2.4999305432888947              1.3999999999999999              1.3999999999999999
       0.61750000               0.9999065088282387              0.0000230863441065              0.9999727216829425              2.4999318042073568              1.3999999999999999              1.3999999999999999
       0.62250000               0.9999058359693173              0.0000224086437056              0.9999735417285190              2.4999338543212981              1.3999999999999999              1.3999999999999999
       0.62750000               0.9999055301622014              0.0000217086760517              0.9999743966615993              2.4999359916539987              1.3999999999999999              1.3999999999999999
       0.63250000               0.9999051522673160              0.0000211838018664              0.9999750567710464              2.4999376419276165              1.3999999999999999              1.3999999999999999
       0.63750000               0.9999043048908079              0.0000209016338598              0.9999754474426682              2.4999386186066710              1.3999999999999999              1.3999999999999999
       0.64250000               0.9999036036190285              0.0000208434826318              0.9999755983751817              2.4999389959379550              1.3999999999999999              1.3999999999999999
       0.64750000               0.9999027890306385              0.0000210324319165              0.9999754928874542              2.4999387322186362              1.3999999999999999              1.3999999999999999
       0.65250000               0.9999012524079243              0.0000216439934679              0.9999749381301494              2.4999373453253741              1.3999999999999999              1.3999999999999999
       0.65750000               0.9998998473709291              0.0000226558704874              0.9999739809843750              2.4999349524609378              1.3999999999999999              1.3999999999999999
       0.66250000               0.9998988886966771              0.0000236981420721              0.9999730873362697              2.4999327183406748              1.3999999999999999              1.3999999999999999
       0.66750000               0.9998982368261553              0.0000243365461732              0.9999728095894153              2.4999320239735385              1.3999999999999999              1.3999999999999999
       0.67250000               0.9998981180924205              0.0000239886583775              0.9999738893525313              2.4999347233813287              1.3999999999999999              1.3999999999999999
       0.67750000               0.9998989165483539              0.0000231619569066              0.9999757972195261              2.4999394930488155              1.3999999999999999              1.3999999999999999
       0.68250000               0.9998995253114868              0.0000227139590909              0.9999776140501293              2.4999440351253241              1.3999999999999999              1.3999999999999999
       0.68750000               0.9998994705126203              0.0000232693702035              0.9999787281650946              2.4999468204127373              1.3999999999999999              1.3999999999999999
       0.69250000               0.9998995026447822              0.0000246838228901              0.9999794795029251              2.4999486987573136              1.3999999999999999              1.3999999999999999
       0.69750000               0.9998995925393148              0.0000268023625204              0.9999802744450871              2.4999506861127179              1.3999999999999999              1.3999999999999999
       0.70250000               0.9998998582876044              0.0000294811385567              0.9999815754393739              2.4999539385984355              1.3999999999999999              1.3999999999999999
       0.70750000               0.9999010939542230              0.0000326397715852              0.9999838579886819              2.4999596449717054              1.3999999999999999              1.3999999999999999
       0.71250000               0.9999033111326462              0.0000364144707738              0.9999874527168406              2.4999686317921022              1.3999999999999999              1.3999999999999999
       0.71750000               0.9999062771805025              0.0000411259543416              0.9999926114666183              2.4999815286665465              1.3999999999999999              1.3999999999999999
       0.72250000               0.9999109708967749              0.0000471324845827              0.9999997148289620              2.4999992870724053              1.3999999999999999              1.3999999999999999
       0.72750000               0.9999177703447357              0.0000547581852438              1.0000093966049048              2.5000234915122626              1.3999999999999999              1.3999999999999999
       0.73250000               0.9999266403955335              0.0000642640366452              1.0000226239593464              2.5000565598983666              1.3999999999999999              1.3999999999999999
       0.73750000               0.9999388631538154              0.0000765899331400              1.0000398713603222              2.5000996784008063              1.3999999999999999              1.3999999999999999
       0.74250000               0.9999545497373281              0.0000931490504264              1.0000614210326371              2.5001535525815934              1.3999999999999999              1.3999999999999999
       0.74750000               0.9999729617269638              0.0001156943109751              1.0000875817950454              2.5002189544876146              1.3999999999999999              1.3999999999999999
       0.75250000               0.9999948292794305              0.0001457908980234              1.0001193749405650              2.5002984373514132              1.3999999999999999              1.3999999999999999
       0.75750000               1.0000234210080137              0.0001834906397319              1.0001601617116085              2.5004004042790218              1.3999999999999999              1.3999999999999999
       0.76250000               1.0000607697735013              0.0002295327357376              1.0002130894119814              2.5005327235299544              1.3999999999999999              1.3999999999999999
       0.76750000               1.0001077752184686              0.0002859514087011              1.0002804065454727              2.5007010163636822              1.3999999999999999              1.3999999999999999
       0.77250000               1.0001661456537905              0.0003554445795853              1.0003642200605398              2.5009105501513504              1.3999999999999999              1.3999999999999999
       0.77750000               1.0002380040253758              0.0004409247435896              1.0004670051368980              2.5011675128422457              1.3999999999999999              1.3999999999999999
       0.78250000               1.0003242940219912              0.0005454484706455              1.0005916273663298              2.5014790684158248              1.3999999999999999              1.3999999999999999
       0.78750000               1.0004283251619304              0.0006718836126071              1.0007416319172977              2.5018540797932447              1.3999999999999999              1.3999999999999999
       0.79250000               1.0005539276606026              0.0008231816282280              1.0009207725017624              2.5023019312544066              1.3999999999999999              1.3999999999999999
       0.79750000               1.0007037953805644              0.0010024321240091              1.0011327587946977              2.5028318969867449              1.3999999999999999              1.3999999999999999
       0.80250000               1.0008814428446113              0.0012127585663973              1.0013811629626626              2.5034529074066572              1.3999999999999999              1.3999999999999999
       0.80750000               1.0010891258529824              0.0014572474250597              1.0016692738385402              2.5041731845963509              1.3999999999999999              1.3999999999999999
       0.81250000               1.0013262959543980              0.0017385305464188              1.0020003648726443              2.5050009121816115              1.3999999999999999              1.3999999999999999
       0.81750000               1.0015972075124615              0.0020586901291779              1.0023776044203674              2.5059440110509192              1.3999999999999999              1.3999999999999999
       0.82250000               1.0019035411110659              0.0024193297579443              1.0028038096024616              2.5070095240061545              1.3999999999999999              1.3999999999999999
       0.82750000               1.0022438417464066              0.0028213074723864              1.0032816454915643              2.5082041137289113              1.3999999999999999              1.3999999999999999
       0.83250000               1.0026222844739319              0.0032650741149566              1.0038131688375909              2.5095329220939782              1.3999999999999999              1.3999999999999999
       0.83750000               1.0030385651409819              0.0037527453434515              1.0043973627138443              2.5109934067846109              1.3999999999999999              1.3999999999999999
       0.84250000               1.0034912124507973              0.0042859386717435              1.0050327448465362              2.5125818621163409              1.3999999999999999              1.3999999999999999
       0.84750000               1.0039794706245389              0.0048648422077840              1.0057185587679456              2.5142963969198648              1.3999999999999999              1.3999999999999999
       0.85250000               1.0045042018818808              0.0054880264050227              1.0064551151526950              2.5161377878817381              1.3999999999999999              1.3999999999999999
       0.85750000               1.0050653622916885              0.0061534258288587              1.0072427587268282              2.5181068968170712              1.3999999999999999              1.3999999999999999
       0.86250000               1.0056620635040239              0.0068587910668176              1.0080814663745277              2.5202036659363198              1.3999999999999999              1.3999999999999999
       0.86750000               1.0062943667370643              0.0076030561657881              1.0089693512556228              2.5224233781390573              1.3999999999999999              1.3999999999999999
       0.87250000               1.0069601059955915              0.0083852730480657              1.0099040519121034              2.5247601297802591              1.3999999999999999              1.3999999999999999
       0.87750000               1.0076568852365593              0.0092042292512388              1.0108832947306827              2.5272082368267075              1.3999999999999999              1.3999999999999999
       0.88250000               1.0083840797740935              0.0100585333568777              1.0119048901895522              2.5297622254738812              1.3999999999999999              1.3999999999999999
       0.88750000               1.0091399528596039              0.0109465223742727              1.0129669208704442              2.5324173021761105              1.3999999999999999              1.3999999999999999
       0.89250000               1.0099231526003287              0.0118662254675244              1.0140678506074714              2.5351696265186789              1.3999999999999999              1.3999999999999999
       0.89750000               1.0107334390564382              0.0128155281383546              1.0152063775726243              2.5380159439315619              1.3999999999999999              1.3999999999999999
       0.90250000               1.0115700280847193              0.0137935499345092              1.0163798231100243              2.5409495577750616              1.3999999999999999              1.3999999999999999
       0.90750000               1.0124275860108747              0.0147993416486304              1.0175857087393083              2.5439642718482718              1.3999999999999999              1.3999999999999999
       0.91250000               1.0133066188029127              0.0158314463060426              1.0188223050217633              2.5470557625544088              1.3999999999999999              1.3999999999999999
       0.91750000               1.0142077692131071              0.0168875869122844              1.0200890266274198              2.5502225665685501              1.3999999999999999              1.3999999999999999
       0.92250000               1.0151291200744059              0.0179648229269615              1.0213862502819684              2.5534656257049213              1.3999999999999999              1.3999999999999999
       0.92750000               1.0160705799677603              0.0190614312178860              1.0227130560600097              2.5567826401500247              1.3999999999999999              1.3999999999999999
       0.93250000               1.0170307830733232              0.0201782684511074              1.0240655710856703              2.5601639277141763              1.3999999999999999              1.3999999999999999
       0.93750000               1.0180068243254319              0.0213155090014598              1.0254408920846567              2.5636022302116421              1.3999999999999999              1.3999999999999999
       0.94250000               1.0189964750578655              0.0224719747874013              1.0268378920107875              2.5670947300269691              1.3999999999999999              1.3999999999999999
       0.94750000               1.0200008247828454              0.0236461857197488              1.0282559561935118              2.5706398904837799              1.3999999999999999              1.3999999999999999
       0.95250000               1.0210200624361656              0.0248362085750890              1.0296951606783697              2.5742379016959247              1.3999999999999999              1.3999999999999999
       0.95750000               1.0220533098217834              0.0260402860002528              1.0311555038329119              2.5778887595822804              1.3999999999999999              1.3999999999999999
       0.96250000               1.0230998739087198              0.0272580720454944              1.0326353935739254              2.5815884839348140              1.3999999999999999              1.3999999999999999
       0.96750000               1.0241593004803078              0.0284891205810238              1.0341334729919729              2.5853336824799324              1.3999999999999999              1.3999999999999999
       0.97250000               1.0252301133595434              0.0297328325113738              1.0356486742049724              2.5891216855124317              1.3999999999999999              1.3999999999999999
       0.97750000               1.0263125119636314              0.0309884433103421              1.0371802310390847              2.5929505775977124              1.3999999999999999              1.3999999999999999
       0.98250000               1.0274063904548099              0.0322548133830646              1.0387279283654267              2.5968198209135678              1.3999999999999999              1.3999999999999999
       0.98750000               1.0285109796952405              0.0335304796376348              1.0402920376991824              2.6007300942479565              1.3999999999999999              1.3999999999999999
       0.99250000               1.0296244113334532              0.0348158687145922              1.0418705959408163              2.6046764898520416              1.3999999999999999              1.3999999999999999
       0.99750000               1.0307475891030324              0.0361115972570755              1.0434614758860423              2.6086536897151062              1.3999999999999999              1.3999999999999999
