       0.00250000               1.0999153918947417              0.1249186877076994              1.1720128151306286              1.7580192226950637              1.6666666666670000              1.6666666666670000
       0.00750000               1.0993658736806049              0.1242527043025386              1.1710371067101490              1.7565556600643453              1.6666666666670000              1.6666666666670000
       0.01250000               1.0981707182105851              0.1228052476167169              1.1689161189153032              1.7533741783720782              1.6666666666670000              1.6666666666670000
       0.01750000               1.0962057589927556              0.1204175896663051              1.1654323162575173              1.7481484743854017              1.6666666666670000              1.6666666666670000
       0.02250000               1.0933274773627246              0.1169241581404863              1.1603367443227668              1.7405051164832797              1.6666666666670000              1.6666666666670000
       0.02750000               1.0894035644531990              0.1121381008728299              1.1534043884223018              1.7301065826325874              1.6666666666670000              1.6666666666670000
       0.03250000               1.0843079215904272              0.1059290492502963              1.1444267600818732              1.7166401401219515              1.6666666666670000              1.6666666666670000
       0.03750000               1.0780373945456534              0.0982228278454530              1.1334176113672372              1.7001264170500057              1.6666666666670000              1.6666666666670000
       0.04250000               1.0706975879258849              0.0892139678336511              1.1205852243628629              1.6808778365434536              1.6666666666670000              1.6666666666670000
       0.04750000               1.0626670347313150              0.0792640181190353              1.1066120791413270              1.6599181187111607              1.6666666666670000              1.6666666666670000
       0.05250000               1.0544148351302560              0.0690119618379096              1.0923264370492016              1.6384896555729831              1.6666666666670000              1.6666666666670000
       0.05750000               1.0464717167822335              0.0590903204656488              1.0786461720414409              1.6179692580613525              1.6666666666670000              1.6666666666670000
       0.06250000               1.0392428114380110              0.0500070294975763              1.0662561566174951              1.5993842349254430              1.6666666666670000              1.6666666666670000
       0.06750000               1.0329243338091256              0.0420484001573618              1.0554736170552244              1.5832104255820447              1.6666666666670000              1.6666666666670000
       0.07250000               1.0275521313355147              0.0352429889813946              1.0463404500658451              1.5695106750979828              1.6666666666670000              1.6666666666670000
       0.07750000               1.0230282387000678              0.0295048289094079              1.0386741134019546              1.5580111701021528              1.6666666666670000              1.6666666666670000
       0.08250000               1.0192371835911642              0.0246748664472683              1.0322670313653393              1.5484005470472346              1.6666666666670000              1.6666666666670000
       0.08750000               1.0160551640736171              0.0206175808090835              1.0269014895145758              1.5403522342710936              1.6666666666670000              1.6666666666670000
       0.09250000               1.0133873860875851              0.0172049972698478              1.0224116834534587              1.5336175251794211              1.6666666666670000              1.6666666666670000
       0.09750000               1.0111479985244196              0.0143389129158255              1.0186489228372988              1.5279733842551841              1.6666666666670000              1.6666666666670000
       0.10250000               1.0092701559741766              0.0119301055233964              1.0154979302349103              1.5232468953516038              1.6666666666670000              1.6666666666670000
       0.10750000               1.0076944048741521              0.0099079252239813              1.0128568551855006              1.5192852827774914              1.6666666666670000              1.6666666666670000
       0.11250000               1.0063734399497828              0.0082103592590431              1.0106449398876787              1.5159674098307601              1.6666666666670000              1.6666666666670000
       0.11750000               1.0052666515317521              0.0067871423381620              1.0087931455112822              1.5131897182661667              1.6666666666670000              1.6666666666670000
       0.12250000               1.0043405714391680              0.0055955282354815              1.0072447421792896              1.5108671132681790              1.6666666666670000              1.6666666666670000
       0.12750000               1.0035671166507563              0.0045994722092144              1.0059522568426773              1.5089283852632616              1.6666666666670000              1.6666666666670000
       0.13250000               1.0029222983179051              0.0037688897792049              1.0048752373210701              1.5073128559808513              1.6666666666670000              1.6666666666670000
       0.13750000               1.0023861283285622              0.0030778775057237              1.0039800409563979              1.5059700614338440              1.6666666666670000              1.6666666666670000
       0.14250000               1.0019414636022219              0.0025046752056692              1.0032378649685445              1.5048567974520644              1.6666666666670000              1.6666666666670000
       0.14750000               1.0015738370610840              0.0020306410986217              1.0026244367255153              1.5039366550875208              1.6666666666670000              1.6666666666670000
       0.15250000               1.0012709112258242              0.0016399426348187              1.0021190819795702              1.5031786229686037              1.6666666666670000              1.6666666666670000
       0.15750000               1.0010221983365206              0.0013190858221476              1.0017042439058423              1.5025563658580119              1.6666666666670000              1.6666666666670000
       0.16250000               1.0008187734539098              0.0010565964340818              1.0013649945467014              1.5020474918193008              1.6666666666670000              1.6666666666670000
       0.16750000               1.0006530553776196              0.0008427257964198              1.0010886623575526              1.5016329935355777              1.6666666666670000              1.6666666666670000
       0.17250000               1.0005186149458341              0.0006692103552075              1.0008645075320464              1.5012967612973187              1.6666666666670000              1.6666666666670000
       0.17750000               1.0004100175162567              0.0005290588949552              1.0006834558370545              1.5010251837548312              1.6666666666670000              1.6666666666670000
       0.18250000               1.0003226891876889              0.0004163676315775              1.0005378731058334              1.5008068096579996              1.6666666666670000              1.6666666666670000
       0.18750000               1.0002527946633848              0.0003261686077842              1.0004213599059031              1.5006320398581043              1.6666666666670000              1.6666666666670000
       0.19250000               1.0001971188728935              0.0002543137622056              1.0003285530185202              1.5004928295270301              1.6666666666670000              1.6666666666670000
       0.19750000               1.0001529841227086              0.0001973476377529              1.0002549865256285              1.5003824797876926              1.6666666666670000              1.6666666666670000
       0.20250000               1.0001181680657563              0.0001524088271233              1.0001969545246279              1.5002954317861914              1.6666666666670000              1.6666666666670000
       0.20750000               1.0000908389620773              0.0001171351486178              1.0001514028484195              1.5002271042718791              1.6666666666670000              1.6666666666670000
       0.21250000               1.0000694902567699              0.0000895926955895              1.0001158197731845              1.5001737296590267              1.6666666666670000              1.6666666666670000
       0.21750000               1.0000528875456671              0.0000682093237491              1.0000881474600705              1.5001322211893557              1.6666666666670000              1.6666666666670000
       0.22250000               1.0000400434228349              0.0000516903565359              1.0000667399255712              1.5001001098876066              1.6666666666670000              1.6666666666670000
       0.22750000               1.0000301659301878              0.0000389846191479              1.0000502770517423              1.5000754155768634              1.6666666666670000              1.6666666666670000
       0.23250000               1.0000226132164218              0.0000292569301912              1.0000376889722236              1.5000565334575853              1.6666666666670000              1.6666666666670000
       0.23750000               1.0000168672888177              0.0000218487870117              1.0000281122970966              1.5000421684448948              1.6666666666670000              1.6666666666670000
       0.24250000               1.0000125177011374              0.0000162375571166              1.0000208629083216              1.5000312943617322              1.6666666666670000              1.6666666666670000
       0.24750000               1.0000092417926947              0.0000120100598352              1.0000154030136033              1.5000231045196550              1.6666666666670000              1.6666666666670000
       0.25250000               1.0000067873385816              0.0000088416853542              1.0000113122231566              1.5000169683339848              1.6666666666670000              1.6666666666670000
       0.25750000               1.0000049581396349              0.0000064791880241              1.0000082635287277              1.5000123952923414              1.6666666666670000              1.6666666666670000
       0.26250000               1.0000036027344192              0.0000047258454660              1.0000060044876107              1.5000090067306657              1.6666666666670000              1.6666666666670000
       0.26750000               1.0000026071841388              0.0000034267902784              1.0000043451958125              1.5000065177929689              1.6666666666670000              1.6666666666670000
       0.27250000               1.0000018873763092              0.0000024595340712              1.0000031454597209              1.5000047181888314              1.6666666666670000              1.6666666666670000
       0.27750000               1.0000013671902668              0.0000017465581674              1.0000022784044771              1.5000034176059653              1.6666666666670000              1.6666666666670000
       0.28250000               1.0000009857615659              0.0000012334935056              1.0000016425806428              1.5000024638702141              1.6666666666670000              1.6666666666670000
       0.28750000               1.0000007021533004              0.0000008732364266              1.0000011697492805              1.5000017546231708              1.6666666666670000              1.6666666666670000
       0.29250000               1.0000004917794885              0.0000006228180123              1.0000008189203489              1.5000012283797730              1.6666666666670000              1.6666666666670000
       0.29750000               1.0000003382175291              0.0000004479243187              1.0000005627064876              1.5000008440589814              1.6666666666670000              1.6666666666670000
       0.30250000               1.0000002319767400              0.0000003197953254              1.0000003852702715              1.5000005779046572              1.6666666666670000              1.6666666666670000
       0.30750000               1.0000001635931095              0.0000002205272349              1.0000002708154103              1.5000004062223653              1.6666666666670000              1.6666666666670000
       0.31250000               1.0000001200346971              0.0000001449501347              1.0000001975959296              1.5000002963931443              1.6666666666670000              1.6666666666670000
       0.31750000               1.0000000907000697              0.0000000907847638              1.0000001479141398              1.5000002218704598              1.6666666666670000              1.6666666666670000
       0.32250000               1.0000000657174486              0.0000000592537218              1.0000001052868379              1.5000001579295066              1.6666666666670000              1.6666666666670000
       0.32750000               1.0000000356702563              0.0000000542471922              1.0000000539894951              1.5000000809834928              1.6666666666670000              1.6666666666670000
       0.33250000               1.0000000081937546              0.0000000600108667              1.0000000067193824              1.5000000100783235              1.6666666666670000              1.6666666666670000
       0.33750000               0.9999999924179112              0.0000000605734454              0.9999999786699794              1.4999999680042189              1.6666666666670000              1.6666666666670000
       0.34250000               1.0000000003103910              0.0000000375291029              0.9999999897726631              1.4999999846582446              1.6666666666670000              1.6666666666670000
       0.34750000               1.0000000222239334              0.0000000012508772              1.0000000239465814              1.5000000359191219              1.6666666666670000              1.6666666666670000
       0.35250000               1.0000000398346489             -0.0000000260712204              1.0000000506668949              1.5000000759995922              1.6666666666670000              1.6666666666670000
       0.35750000               1.0000000423885191             -0.0000000315925159              1.0000000520475127              1.5000000780705189              1.6666666666670000              1.6666666666670000
       0.36250000               1.0000000360618928             -0.0000000240332551              1.0000000384460515              1.5000000576683270              1.6666666666670000              1.6666666666670000
       0.36750000               1.0000000255550985             -0.0000000100145100              1.0000000177921238              1.5000000266874356              1.6666666666670000              1.6666666666670000
       0.37250000               1.0000000178724660              0.0000000009942119              1.0000000018886406              1.5000000028322107              1.6666666666670000              1.6666666666670000
       0.37750000               1.0000000200767172             -0.0000000004767901              1.0000000026742217              1.5000000040105825              1.6666666666670000              1.6666666666670000
       0.38250000               1.0000000281679371             -0.0000000095682159              1.0000000136819096              1.5000000205221145              1.6666666666670000              1.6666666666670000
       0.38750000               1.0000000376682268             -0.0000000207831051              1.0000000276850833              1.5000000415268748              1.6666666666670000              1.6666666666670000
       0.39250000               1.0000000434340104             -0.0000000277436831              1.0000000363630930              1.5000000545438892              1.6666666666670000              1.6666666666670000
       0.39750000               1.0000000370305262             -0.0000000198198835              1.0000000259347663              1.5000000389013994              1.6666666666670000              1.6666666666670000
       0.40250000               1.0000000156444384              0.0000000063968515              0.9999999919615282              1.4999999879415422              1.6666666666670000              1.6666666666670000
       0.40750000               0.9999999936697221              0.0000000321036148              0.9999999586928343              1.4999999380385014              1.6666666666670000              1.6666666666670000
       0.41250000               0.9999999840083533              0.0000000405124619              0.9999999477854599              1.4999999216774398              1.6666666666670000              1.6666666666670000
       0.41750000               0.9999999936649192              0.0000000224477643              0.9999999710743133              1.4999999566107198              1.6666666666670000              1.6666666666670000
       0.42250000               1.0000000109631586             -0.0000000069754937              1.0000000090389678              1.5000000135577016              1.6666666666670000              1.6666666666670000
       0.42750000               1.0000000237519970             -0.0000000320650106              1.0000000414162802              1.5000000621236702              1.6666666666670000              1.6666666666670000
       0.43250000               1.0000000196565713             -0.0000000365471812              1.0000000471944877              1.5000000707909815              1.6666666666670000              1.6666666666670000
       0.43750000               0.9999999911736746             -0.0000000105911643              1.0000000136806673              1.5000000205202508              1.6666666666670000              1.6666666666670000
       0.44250000               0.9999999577329372              0.0000000213245844              0.9999999724758064              1.4999999587129595              1.6666666666670000              1.6666666666670000
       0.44750000               0.9999999338188849              0.0000000407144104              0.9999999474446645              1.4999999211662467              1.6666666666670000              1.6666666666670000
       0.45250000               0.9999999219295833              0.0000000452305957              0.9999999416182834              1.4999999124266750              1.6666666666670000              1.6666666666670000
       0.45750000               0.9999999158590936              0.0000000430082166              0.9999999444948429              1.4999999167415143              1.6666666666670000              1.6666666666670000
       0.46250000               0.9999999135041894              0.0000000378186199              0.9999999512067286              1.4999999268093429              1.6666666666670000              1.6666666666670000
       0.46750000               0.9999999118688129              0.0000000332984454              0.9999999570613171              1.4999999355912257              1.6666666666670000              1.6666666666670000
       0.47250000               0.9999999105213068              0.0000000311092979              0.9999999599174053              1.4999999398753581              1.6666666666670000              1.6666666666670000
       0.47750000               0.9999999098944279              0.0000000297215935              0.9999999617560694              1.4999999426333541              1.6666666666670000              1.6666666666670000
       0.48250000               0.9999999117938465              0.0000000280433008              0.9999999639971289              1.4999999459949434              1.6666666666670000              1.6666666666670000
       0.48750000               0.9999999168232414              0.0000000224755258              0.9999999713021021              1.4999999569524032              1.6666666666670000              1.6666666666670000
       0.49250000               0.9999999342736009              0.0000000041841876              0.9999999950991142              1.4999999926479213              1.6666666666670000              1.6666666666670000
       0.49750000               0.9999999546182752             -0.0000000198933421              1.0000000264675277              1.5000000397005415              1.6666666666670000              1.6666666666670000
       0.50250000               0.9999999697578229             -0.0000000361074255              1.0000000478394624              1.5000000717584434              1.6666666666670000              1.6666666666670000
       0.50750000               0.9999999687770212             -0.0000000281331454              1.0000000382206122              1.5000000573301682              1.6666666666670000              1.6666666666670000
       0.51250000               0.9999999466299818              0.0000000089984256              0.9999999913177835              1.4999999869759253              1.6666666666670000              1.6666666666670000
       0.51750000               0.9999999195250994              0.0000000466325519              0.9999999443055757              1.4999999164576134              1.6666666666670000              1.6666666666670000
       0.52250000               0.9999999014275208              0.0000000668755966              0.9999999205536975              1.4999998808297963              1.6666666666670000              1.6666666666670000
       0.52750000               0.9999998950523586              0.0000000684561371              0.9999999221003961              1.4999998831498442              1.6666666666670000              1.6666666666670000
       0.53250000               0.9999999030561740              0.0000000602799215              0.9999999380303913              1.4999999070448369              1.6666666666670000              1.6666666666670000
       0.53750000               0.9999999185764331              0.0000000504295519              0.9999999587579312              1.4999999381361468              1.6666666666670000              1.6666666666670000
       0.54250000               0.9999999311200565              0.0000000483522707              0.9999999733178745              1.4999999599760616              1.6666666666670000              1.6666666666670000
       0.54750000               0.9999999318018622              0.0000000586768956              0.9999999775102696              1.4999999662646544              1.6666666666670000              1.6666666666670000
       0.55250000               0.9999999301011959              0.0000000770495309              0.9999999795030139              1.4999999692537709              1.6666666666670000              1.6666666666670000
       0.55750000               0.9999999313858327              0.0000000995250303              0.9999999880220029              1.4999999820322543              1.6666666666670000              1.6666666666670000
       0.56250000               0.9999999413331875              0.0000001219598769              1.0000000135686169              1.5000000203521755              1.6666666666670000              1.6666666666670000
       0.56750000               0.9999999693407680              0.0000001338748209              1.0000000769373723              1.5000001154053084              1.6666666666670000              1.6666666666670000
       0.57250000               1.0000000167150969              0.0000001492782644              1.0000001702323782              1.5000002553478173              1.6666666666670000              1.6666666666670000
       0.57750000               1.0000000734996128              0.0000001923982828              1.0000002763820910              1.5000004145723864              1.6666666666670000              1.6666666666670000
       0.58250000               1.0000001356261705              0.0000002816017717              1.0000003913712023              1.5000005870560535              1.6666666666670000              1.6666666666670000
       0.58750000               1.0000002137964070              0.0000004202183846              1.0000005380519055              1.5000008070771083              1.6666666666670000              1.6666666666670000
       0.59250000               1.0000003296669866              0.0000006165622667              1.0000007429022795              1.5000011143526693              1.6666666666670000              1.6666666666670000
       0.59750000               1.0000005053027898              0.0000008817692799              1.0000010422521992              1.5000015633775490              1.6666666666670000              1.6666666666670000
       0.60250000               1.0000007656140555              0.0000012336730462              1.0000014817721861              1.5000022226575289              1.6666666666670000              1.6666666666670000
       0.60750000               1.0000011439243210              0.0000016973199659              1.0000021216463519              1.5000031824687776              1.6666666666670000              1.6666666666670000
       0.61250000               1.0000016735562671              0.0000023321705457              1.0000030089871097              1.5000045134799145              1.6666666666670000              1.6666666666670000
       0.61750000               1.0000023908783555              0.0000032193117626              1.0000042039906323              1.5000063059851985              1.6666666666670000              1.6666666666670000
       0.62250000               1.0000033445782586              0.0000044608674711              1.0000057929624000              1.5000086894428502              1.6666666666670000              1.6666666666670000
       0.62750000               1.0000046238845015              0.0000061608469234              1.0000079285159833              1.5000118927732251              1.6666666666670000              1.6666666666670000
       0.63250000               1.0000063568615174              0.0000084501618614              1.0000108166478212              1.5000162249709819              1.6666666666670000              1.6666666666670000
       0.63750000               1.0000087003168214              0.0000115044505949              1.0000147177806815              1.5000220766702721              1.6666666666670000              1.6666666666670000
       0.64250000               1.0000118516008418              0.0000155515479899              1.0000199667376903              1.5000299501057854              1.6666666666670000              1.6666666666670000
       0.64750000               1.0000160440023476              0.0000209129759500              1.0000269553239445              1.5000404329851666              1.6666666666670000              1.6666666666670000
       0.65250000               1.0000215752350499              0.0000280062662663              1.0000361730325835              1.5000542595481252              1.6666666666670000              1.6666666666670000
       0.65750000               1.0000288259311614              0.0000373503126831              1.0000482524552150              1.5000723786820727              1.6666666666670000              1.6666666666670000
       0.66250000               1.0000382861245245              0.0000495764697533              1.0000640169322881              1.5000960253976818              1.6666666666670000              1.6666666666670000
       0.66750000               1.0000505729155698              0.0000654718626288              1.0000844972019032              1.5001267458021048              1.6666666666670000              1.6666666666670000
       0.67250000               1.0000664559979369              0.0000860143911037              1.0001109701160948              1.5001664551733920              1.6666666666670000              1.6666666666670000
       0.67750000               1.0000868811531265              0.0001124073830928              1.0001450095339079              1.5002175143001120              1.6666666666670000              1.6666666666670000
       0.68250000               1.0001129988787272              0.0001461206889213              1.0001885405837585              1.5002828108748876              1.6666666666670000              1.6666666666670000
       0.68750000               1.0001462027498698              0.0001889446759897              1.0002438881125542              1.5003658321680811              1.6666666666670000              1.6666666666670000
       0.69250000               1.0001881544969295              0.0002430576193120              1.0003138170803905              1.5004707256198355              1.6666666666670000              1.6666666666670000
       0.69750000               1.0002408434855550              0.0003110447951213              1.0004016415833195              1.5006024623742287              1.6666666666670000              1.6666666666670000
       0.70250000               1.0003066233390343              0.0003959497124252              1.0005112945705752              1.5007669418551122              1.6666666666670000              1.6666666666670000
       0.70750000               1.0003882560123987              0.0005013323667447              1.0006473846224442              1.5009710769329159              1.6666666666670000              1.6666666666670000
       0.71250000               1.0004889468346618              0.0006313175821443              1.0008152544104807              1.5012228816149704              1.6666666666670000              1.6666666666670000
       0.71750000               1.0006123737593735              0.0007906270580293              1.0010210393262489              1.5015315589886222              1.6666666666670000              1.6666666666670000
       0.72250000               1.0007627093435698              0.0009845967789178              1.0012717142334746              1.5019075713494612              1.6666666666670000              1.6666666666670000
       0.72750000               1.0009445755793207              0.0012192675196778              1.0015750020079055              1.5023625030111067              1.6666666666670000              1.6666666666670000
       0.73250000               1.0011631207253251              0.0015012625111116              1.0019395031476310              1.5029092547206950              1.6666666666670000              1.6666666666670000
       0.73750000               1.0014240065846758              0.0018377208457121              1.0023746863350977              1.5035620295018948              1.6666666666670000              1.6666666666670000
       0.74250000               1.0017331604138595              0.0022364782418695              1.0028904863074797              1.5043357294604671              1.6666666666670000              1.6666666666670000
       0.74750000               1.0020969930641375              0.0027056029080390              1.0034976536475650              1.5052464804705949              1.6666666666670000              1.6666666666670000
       0.75250000               1.0025221478898652              0.0032534650843645              1.0042073396334570              1.5063110094494323              1.6666666666670000              1.6666666666670000
       0.75750000               1.0030151375619862              0.0038888826023187              1.0050305041121661              1.5075457561674954              1.6666666666670000              1.6666666666670000
       0.76250000               1.0035828317269795              0.0046201301264141              1.0059787431017253              1.5089681146518337              1.6666666666670000              1.6666666666670000
       0.76750000               1.0042316078117961              0.0054556559761504              1.0070628577480689              1.5105942866213480              1.6666666666670000              1.6666666666670000
       0.77250000               1.0049678225006873              0.0064030789722821              1.0082936466195456              1.5124404699285621              1.6666666666670000              1.6666666666670000
       0.77750000               1.0057969274356979              0.0074699255771983              1.0096804419136234              1.5145206628696775              1.6666666666670000              1.6666666666670000
       0.78250000               1.0067245692219680              0.0086618561969377              1.0112329610750483              1.5168494416118141              1.6666666666670000              1.6666666666670000
       0.78750000               1.0077541916996302              0.0099854516444288              1.0129572778161913              1.5194359167235272              1.6666666666670000              1.6666666666670000
       0.79250000               1.0088903241594720              0.0114437462611056              1.0148613282716281              1.5222919924066811              1.6666666666670000              1.6666666666670000
       0.79750000               1.0101352049724965              0.0130403954256677              1.0169492671447073              1.5254239007162982              1.6666666666670000              1.6666666666670000
       0.80250000               1.0114899847871055              0.0147780264442327              1.0192234846773089              1.5288352270151990              1.6666666666670000              1.6666666666670000
       0.80750000               1.0129567991400656              0.0166555925851518              1.0216880643109643              1.5325320964656801              1.6666666666670000              1.6666666666670000
       0.81250000               1.0145345196160842              0.0186738666517418              1.0243416453912886              1.5365124680861646              1.6666666666670000              1.6666666666670000
       0.81750000               1.0162221346174225              0.0208312073726316              1.0271831003541325              1.5407746505304283              1.6666666666670000              1.6666666666670000
       0.82250000               1.0180187821566467              0.0231236801772493              1.0302115982692728              1.5453173974031367              1.6666666666670000              1.6666666666670000
       0.82750000               1.0199207114767856              0.0255491223354636              1.0334214508811079              1.5501321763208866              1.6666666666670000              1.6666666666670000
       0.83250000               1.0219256325481478              0.0281017926320483              1.0368094406776678              1.5552141610157240              1.6666666666670000              1.6666666666670000
       0.83750000               1.0240293629796238              0.0307768441600033              1.0403691642948323              1.5605537464414683              1.6666666666670000              1.6666666666670000
       0.84250000               1.0262275669213234              0.0335682869462013              1.0440939644014509              1.5661409466013929              1.6666666666670000              1.6666666666670000
       0.84750000               1.0285156966413385              0.0364692793685271              1.0479767974951051              1.5719651962418715              1.6666666666670000              1.6666666666670000
       0.85250000               1.0308882322640451              0.0394732304358805              1.0520089451115202              1.5780134176664911              1.6666666666670000              1.6666666666670000
       0.85750000               1.0333400132205384              0.0425722632784980              1.0561822708605608              1.5842734062900490              1.6666666666670000              1.6666666666670000
       0.86250000               1.0358648878602399              0.0457590176184520              1.0604869258055096              1.5907303887074689              1.6666666666670000              1.6666666666670000
       0.86750000               1.0384571040859909              0.0490250178974546              1.0649136752341537              1.5973705128504319              1.6666666666670000              1.6666666666670000
       0.87250000               1.0411100868285501              0.0523622543937542              1.0694518266074375              1.6041777399103541              1.6666666666670000              1.6666666666670000
       0.87750000               1.0438175539192827              0.0557618222633644              1.0740911289373536              1.6111366934052247              1.6666666666670000              1.6666666666670000
       0.88250000               1.0465725732044460              0.0592151080895260              1.0788201637936305              1.6182302456896367              1.6666666666670000              1.6666666666670000
       0.88750000               1.0493681774750017              0.0627130367811880              1.0836273530541756              1.6254410295804502              1.6666666666670000              1.6666666666670000
       0.89250000               1.0521970230204973              0.0662464409206263              1.0885003971929792              1.6327505957886521              1.6666666666670000              1.6666666666670000
       0.89750000               1.0550516334148661              0.0698057024710590              1.0934266829307207              1.6401400243952609              1.6666666666670000              1.6666666666670000
       0.90250000               1.0579241759998743              0.0733809422231561              1.0983929030009156              1.6475893545005493              1.6666666666670000              1.6666666666670000
       0.90750000               1.0608065011503542              0.0769618927879240              1.1033850755446601              1.6550776133161627              1.6666666666670000              1.6666666666670000
       0.91250000               1.0636900742982740              0.0805378175987982              1.1083884634256691              1.6625826951376721              1.6666666666670000              1.6666666666670000
       0.91750000               1.0665658840297643              0.0840974701906105              1.1133873931929259              1.6700810897885536              1.6666666666670000              1.6666666666670000
       0.92250000               1.0694242178787687              0.0876291642852735              1.1183648684969665              1.6775473027446108              1.6666666666670000              1.6666666666670000
       0.92750000               1.0722547859210387              0.0911204094743338              1.1233027333172041              1.6849540999749637              1.6666666666670000              1.6666666666670000
       0.93250000               1.0750465122729111              0.0945578443035077              1.1281813578151334              1.6922720367218540              1.6666666666670000              1.6666666666670000
       0.93750000               1.0777875891585416              0.0979268419364235              1.1329796958664351              1.6994695437988028              1.6666666666670000              1.6666666666670000
       0.94250000               1.0804647347947764              0.1012120055851443              1.1376739911133944              1.7065109866692381              1.6666666666670000              1.6666666666670000
       0.94750000               1.0830638330756528              0.1043959020907210              1.1422388465453528              1.7133582698171725              1.6666666666670000              1.6666666666670000
       0.95250000               1.0855687228325352              0.1074599081391432              1.1466451596519946              1.7199677394771318              1.6666666666670000              1.6666666666670000
       0.95750000               1.0879621094058329              0.1103823809405234              1.1508616690053228              1.7262925035071213              1.6666666666670000              1.6666666666670000
       0.96250000               1.0902234322943278              0.1131403887377415              1.1548512119934486              1.7322768179893069              1.6666666666670000              1.6666666666670000
       0.96750000               1.0923305731974560              0.1157065101637403              1.1585736964476163              1.7378605446705553              1.6666666666670000              1.6666666666670000
       0.97250000               1.0942571375171386              0.1180506059581065              1.1619813722292043              1.7429720583429349              1.6666666666670000              1.6666666666670000
       0.97750000               1.0959737680803920              0.1201362841487383              1.1650210972851707              1.7475316459268821              1.6666666666670000              1.6666666666670000
       0.98250000               1.0974448811588040              0.1219223575838328              1.1676286055703144              1.7514429083545959              1.6666666666670000              1.6666666666670000
       0.98750000               1.0986287351743882              0.1233586307098734              1.1697286411936003              1.7545929617895231              1.6666666666670000              1.6666666666670000
       0.99250000               1.0994747084054417              0.1243847298937092              1.1712302463478326              1.7568453695208703              1.6666666666670000              1.6666666666670000
       0.99750000               1.0999247992172436              0.1249304629355810              1.1720294859816813              1.7580442289716431              1.6666666666670000              1.6666666666670000
