       0.00250000               1.0054348657416621              0.0070034764065294              1.0090745020764149              1.5136117531138655              1.6666666666670000              1.6666666666670000
       0.00750000               1.0045055957545785              0.0058080180358752              1.0075205932356517              1.5112808898527217              1.6666666666670000              1.6666666666670000
       0.01250000               1.0037221372744269              0.0047991790934164              1.0062112519259854              1.5093168778882233              1.6666666666670000              1.6666666666670000
       0.01750000               1.0030635368483298              0.0039509860470340              1.0051111042589731              1.5076666563877057              1.6666666666670000              1.6666666666670000
       0.02250000               1.0025119684710257              0.0032401503981540              1.0041901167422973              1.5062851751126929              1.6666666666670000              1.6666666666670000
       0.02750000               1.0020515878989391              0.0026467744738402              1.0034216496034065              1.5051324744043570              1.6666666666670000              1.6666666666670000
       0.03250000               1.0016688588037226              0.0021532427364744              1.0027829773681656              1.5041744660514960              1.6666666666670000              1.6666666666670000
       0.03750000               1.0013518812784474              0.0017444726635004              1.0022541499721962              1.5033812249575427              1.6666666666670000              1.6666666666670000
       0.04250000               1.0010904786228199              0.0014072578298462              1.0018181244704838              1.5027271867049743              1.6666666666670000              1.6666666666670000
       0.04750000               1.0008757956862409              0.0011303012058286              1.0014600852456574              1.5021901278677350              1.6666666666670000              1.6666666666670000
       0.05250000               1.0007002739637265              0.0009038163376620              1.0011673954767473              1.5017510932143701              1.6666666666670000              1.6666666666670000
       0.05750000               1.0005574061813240              0.0007194594549214              1.0009291827627180              1.5013937741433263              1.6666666666670000              1.6666666666670000
       0.06250000               1.0004416609378102              0.0005700831837175              1.0007362098333894              1.5011043147493337              1.6666666666670000              1.6666666666670000
       0.06750000               1.0003483290173181              0.0004496273050557              1.0005806157055113              1.5008709235575164              1.6666666666670000              1.6666666666670000
       0.07250000               1.0002734331483276              0.0003529597543787              1.0004557634092115              1.5006836451130670              1.6666666666670000              1.6666666666670000
       0.07750000               1.0002136249734372              0.0002757629334507              1.0003560669492422              1.5005341004231130              1.6666666666670000              1.6666666666670000
       0.08250000               1.0001661016591441              0.0002144208372825              1.0002768514095783              1.5004152771136172              1.6666666666670000              1.6666666666670000
       0.08750000               1.0001285289484441              0.0001659217638718              1.0002142240812364              1.5003213361211045              1.6666666666670000              1.6666666666670000
       0.09250000               1.0000989734851908              0.0001277710183227              1.0001649612442476              1.5002474418656213              1.6666666666670000              1.6666666666670000
       0.09750000               1.0000758428809666              0.0000979138431804              1.0001264079932539              1.5001896119891309              1.6666666666670000              1.6666666666670000
       0.10250000               1.0000578330256544              0.0000746676136986              1.0000963902318010              1.5001445853469515              1.6666666666670000              1.6666666666670000
       0.10750000               1.0000438819837925              0.0000566626219176              1.0000731377079810              1.5001097065612212              1.6666666666670000              1.6666666666670000
       0.11250000               1.0000331298207645              0.0000427908237590              1.0000552169768351              1.5000828254645024              1.6666666666670000              1.6666666666670000
       0.11750000               1.0000248835233294              0.0000321621929308              1.0000414728823597              1.5000622093227896              1.6666666666670000              1.6666666666670000
       0.12250000               1.0000185852283190              0.0000240695897549              1.0000309755721251              1.5000464633574375              1.6666666666670000              1.6666666666670000
       0.12750000               1.0000137888020555              0.0000179542801493              1.0000229814422108              1.5000344721625662              1.6666666666670000              1.6666666666670000
       0.13250000               1.0000101508565105              0.0000133629464463              1.0000169181513296              1.5000253772262444              1.6666666666670000              1.6666666666670000
       0.13750000               1.0000074084041575              0.0000099308420639              1.0000123473706963              1.5000185210552945              1.6666666666670000              1.6666666666670000
       0.14250000               1.0000053596891849              0.0000073685830489              1.0000089328312356              1.5000133992461031              1.6666666666670000              1.6666666666670000
       0.14750000               1.0000038507550226              0.0000054482018125              1.0000064179332591              1.5000096268991385              1.6666666666670000              1.6666666666670000
       0.15250000               1.0000027746520699              0.0000039785743940              1.0000046244243828              1.5000069366358242              1.6666666666670000              1.6666666666670000
       0.15750000               1.0000020261188611              0.0000028431453164              1.0000033768670422              1.5000050652998131              1.6666666666670000              1.6666666666670000
       0.16250000               1.0000014992785367              0.0000019861545482              1.0000024987988063              1.5000037481974593              1.6666666666670000              1.6666666666670000
       0.16750000               1.0000011071888930              0.0000013740023101              1.0000018453154980              1.5000027679724968              1.6666666666670000              1.6666666666670000
       0.17250000               1.0000008093800907              0.0000009490601841              1.0000013489671764              1.5000020234500144              1.6666666666670000              1.6666666666670000
       0.17750000               1.0000005832621457              0.0000006581972807              1.0000009721037491              1.5000014581548735              1.6666666666670000              1.6666666666670000
       0.18250000               1.0000004154024233              0.0000004574761318              1.0000006923374416              1.5000010385054123              1.6666666666670000              1.6666666666670000
       0.18750000               1.0000002913945205              0.0000003201292492              1.0000004856575311              1.5000007284855463              1.6666666666670000              1.6666666666670000
       0.19250000               1.0000002041523524              0.0000002219127227              1.0000003402538593              1.5000005103800389              1.6666666666670000              1.6666666666670000
       0.19750000               1.0000001550558970              0.0000001366075688              1.0000002584263599              1.5000003876387897              1.6666666666670000              1.6666666666670000
       0.20250000               1.0000001433307788              0.0000000474314370              1.0000002388843832              1.5000003583258250              1.6666666666670000              1.6666666666670000
       0.20750000               1.0000001436147337             -0.0000000257387904              1.0000002393574585              1.5000003590354376              1.6666666666670000              1.6666666666670000
       0.21250000               1.0000001324340808             -0.0000000618545320              1.0000002207227316              1.5000003310833472              1.6666666666670000              1.6666666666670000
       0.21750000               1.0000000985281909             -0.0000000529996125              1.0000001642124068              1.5000002463178603              1.6666666666670000              1.6666666666670000
       0.22250000               1.0000000587501456             -0.0000000256411998              1.0000000979148445              1.5000001468715169              1.6666666666670000              1.6666666666670000
       0.22750000               1.0000000301746204             -0.0000000051541374              1.0000000502876543              1.5000000754307317              1.6666666666670000              1.6666666666670000
       0.23250000               1.0000000246248522             -0.0000000091454810              1.0000000410359522              1.5000000615531781              1.6666666666670000              1.6666666666670000
       0.23750000               1.0000000333812771             -0.0000000279973267              1.0000000556267237              1.5000000834393354              1.6666666666670000              1.6666666666670000
       0.24250000               1.0000000480860838             -0.0000000520596543              1.0000000801296605              1.5000001201937407              1.6666666666670000              1.6666666666670000
       0.24750000               1.0000000583246689             -0.0000000686754278              1.0000000971861946              1.5000001457785419              1.6666666666670000              1.6666666666670000
       0.25250000               1.0000000560507483             -0.0000000679986303              1.0000000933845550              1.5000001400760825              1.6666666666670000              1.6666666666670000
       0.25750000               1.0000000468649308             -0.0000000576295139              1.0000000780572580              1.5000001170851369              1.6666666666670000              1.6666666666670000
       0.26250000               1.0000000358131274             -0.0000000443330191              1.0000000596115959              1.5000000894166439              1.6666666666670000              1.6666666666670000
       0.26750000               1.0000000289248536             -0.0000000360614519              1.0000000480932345              1.5000000721391018              1.6666666666670000              1.6666666666670000
       0.27250000               1.0000000373889850             -0.0000000473709262              1.0000000621455387              1.5000000932175579              1.6666666666670000              1.6666666666670000
       0.27750000               1.0000000640398401             -0.0000000819926579              1.0000001064860640              1.5000001597283457              1.6666666666670000              1.6666666666670000
       0.28250000               1.0000000884864300             -0.0000001136469100              1.0000001471215492              1.5000002206815737              1.6666666666670000              1.6666666666670000
       0.28750000               1.0000000936718429             -0.0000001203391146              1.0000001556132472              1.5000002334191207              1.6666666666670000              1.6666666666670000
       0.29250000               1.0000000824218931             -0.0000001057293859              1.0000001366575595              1.5000002049855892              1.6666666666670000              1.6666666666670000
       0.29750000               1.0000000654317567             -0.0000000836270623              1.0000001080634719              1.5000001620944579              1.6666666666670000              1.6666666666670000
       0.30250000               1.0000000525200441             -0.0000000667023028              1.0000000861757508              1.5000001292628757              1.6666666666670000              1.6666666666670000
       0.30750000               1.0000000511448190             -0.0000000645719890              1.0000000834015796              1.5000001251016193              1.6666666666670000              1.6666666666670000
       0.31250000               1.0000000550538388             -0.0000000691484058              1.0000000892944918              1.5000001339409879              1.6666666666670000              1.6666666666670000
       0.31750000               1.0000000613800062             -0.0000000767104351              1.0000000990473663              1.5000001485702992              1.6666666666670000              1.6666666666670000
       0.32250000               1.0000000657303507             -0.0000000815646707              1.0000001053083420              1.5000001579617632              1.6666666666670000              1.6666666666670000
       0.32750000               1.0000000560646138             -0.0000000681443778              1.0000000879800899              1.5000001319693850              1.6666666666670000              1.6666666666670000
       0.33250000               1.0000000210166504             -0.0000000217542870              1.0000000280908745              1.5000000421355619              1.6666666666670000              1.6666666666670000
       0.33750000               0.9999999918552335              0.0000000172557572              0.9999999777321839              1.4999999665975259              1.6666666666670000              1.6666666666670000
       0.34250000               0.9999999775077290              0.0000000373722666              0.9999999517682243              1.4999999276515865              1.6666666666670000              1.6666666666670000
       0.34750000               0.9999999747791478              0.0000000427222634              0.9999999448719407              1.4999999173071610              1.6666666666670000              1.6666666666670000
       0.35250000               0.9999999770059476              0.0000000418981985              0.9999999459523931              1.4999999189278397              1.6666666666670000              1.6666666666670000
       0.35750000               0.9999999810108977              0.0000000389755814              0.9999999497514772              1.4999999246264657              1.6666666666670000              1.6666666666670000
       0.36250000               0.9999999848626976              0.0000000364026783              0.9999999531140600              1.4999999296703399              1.6666666666670000              1.6666666666670000
       0.36750000               0.9999999851619150              0.0000000385007791              0.9999999504701513              1.4999999257044767              1.6666666666670000              1.6666666666670000
       0.37250000               0.9999999816719409              0.0000000454858306              0.9999999415544338              1.4999999123309007              1.6666666666670000              1.6666666666670000
       0.37750000               0.9999999799475652              0.0000000500728219              0.9999999357923018              1.4999999036877028              1.6666666666670000              1.6666666666670000
       0.38250000               0.9999999917974806              0.0000000368863067              0.9999999530644852              1.4999999295959778              1.6666666666670000              1.6666666666670000
       0.38750000               1.0000000209183002              0.0000000010073311              0.9999999997685377              1.4999999996520565              1.6666666666670000              1.6666666666670000
       0.39250000               1.0000000458321883             -0.0000000299762495              1.0000000403600549              1.5000000605393322              1.6666666666670000              1.6666666666670000
       0.39750000               1.0000000490878314             -0.0000000336661791              1.0000000460302758              1.5000000690446638              1.6666666666670000              1.6666666666670000
       0.40250000               1.0000000375770837             -0.0000000190295824              1.0000000285159338              1.5000000427731508              1.6666666666670000              1.6666666666670000
       0.40750000               1.0000000185321587              0.0000000045800781              1.0000000001302276              1.5000000001945912              1.6666666666670000              1.6666666666670000
       0.41250000               1.0000000015199970              0.0000000249652290              0.9999999769715319              1.4999999654565479              1.6666666666670000              1.6666666666670000
       0.41750000               0.9999999994332605              0.0000000257568993              0.9999999806882126              1.4999999710315688              1.6666666666670000              1.6666666666670000
       0.42250000               1.0000000113452443              0.0000000087819240              1.0000000096757775              1.5000000145129164              1.6666666666670000              1.6666666666670000
       0.42750000               1.0000000249013750             -0.0000000091528187              1.0000000433319105              1.5000000649971159              1.6666666666670000              1.6666666666670000
       0.43250000               1.0000000299207830             -0.0000000133785099              1.0000000643015063              1.5000000964515092              1.6666666666670000              1.6666666666670000
       0.43750000               1.0000000118307251              0.0000000168241642              1.0000000481090843              1.5000000721628761              1.6666666666670000              1.6666666666670000
       0.44250000               0.9999999834046487              0.0000000680855339              1.0000000152619943              1.5000000228922412              1.6666666666670000              1.6666666666670000
       0.44750000               0.9999999661022215              0.0000001164882535              1.0000000012502266              1.5000000018745896              1.6666666666670000              1.6666666666670000
       0.45250000               0.9999999811711620              0.0000001405260823              1.0000000403542522              1.5000000605306281              1.6666666666670000              1.6666666666670000
       0.45750000               1.0000000350899341              0.0000001390477735              1.0000001432129249              1.5000002148186371              1.6666666666670000              1.6666666666670000
       0.46250000               1.0000001074283211              0.0000001493856834              1.0000002744136507              1.5000004116197261              1.6666666666670000              1.6666666666670000
       0.46750000               1.0000001829207341              0.0000002047658469              1.0000004088145842              1.5000006132211261              1.6666666666670000              1.6666666666670000
       0.47250000               1.0000002625027362              0.0000003240699484              1.0000005465532222              1.5000008198290833              1.6666666666670000              1.6666666666670000
       0.47750000               1.0000003652511857              0.0000005077634451              1.0000007206841546              1.5000010810254816              1.6666666666670000              1.6666666666670000
       0.48250000               1.0000005172698416              0.0000007589634088              1.0000009731240425              1.5000014596853135              1.6666666666670000              1.6666666666670000
       0.48750000               1.0000007480999509              0.0000010849953244              1.0000013567637425              1.5000020351448637              1.6666666666670000              1.6666666666670000
       0.49250000               1.0000010963593480              0.0000015043075903              1.0000019319095426              1.5000028978635638              1.6666666666670000              1.6666666666670000
       0.49750000               1.0000015803109983              0.0000020753386069              1.0000027359570540              1.5000041039348311              1.6666666666670000              1.6666666666670000
       0.50250000               1.0000022337125947              0.0000028742103079              1.0000038211005284              1.5000057316500426              1.6666666666670000              1.6666666666670000
       0.50750000               1.0000031031280081              0.0000039974752872              1.0000052621446653              1.5000078932162482              1.6666666666670000              1.6666666666670000
       0.51250000               1.0000042641057463              0.0000055495312798              1.0000071871213314              1.5000107806812470              1.6666666666670000              1.6666666666670000
       0.51750000               1.0000058308011925              0.0000076417499148              1.0000097964521544              1.5000146946774815              1.6666666666670000              1.6666666666670000
       0.52250000               1.0000079492409815              0.0000104326015868              1.0000133336127088              1.5000200004183133              1.6666666666670000              1.6666666666670000
       0.52750000               1.0000108066495457              0.0000141313114819              1.0000181081628270              1.5000271622434904              1.6666666666670000              1.6666666666670000
       0.53250000               1.0000146451353560              0.0000190144756479              1.0000245082841077              1.5000367624254116              1.6666666666670000              1.6666666666670000
       0.53750000               1.0000197291359929              0.0000254767663612              1.0000329765766132              1.5000494648641696              1.6666666666670000              1.6666666666670000
       0.54250000               1.0000263937332905              0.0000340166871886              1.0000440780648017              1.5000661170964527              1.6666666666670000              1.6666666666670000
       0.54750000               1.0000350712162009              0.0000452484845748              1.0000585438912963              1.5000878158361943              1.6666666666670000              1.6666666666670000
       0.55250000               1.0000463497248806              0.0000598976249638              1.0000773467464448              1.5001160201189170              1.6666666666670000              1.6666666666670000
       0.55750000               1.0000609591155303              0.0000788619191325              1.0001017029847359              1.5001525544763537              1.6666666666670000              1.6666666666670000
       0.56250000               1.0000797971837756              0.0001032545763850              1.0001331102143436              1.5001996653207652              1.6666666666670000              1.6666666666670000
       0.56750000               1.0001039620801093              0.0001344419429506              1.0001734042117625              1.5002601063168937              1.6666666666670000              1.6666666666670000
       0.57250000               1.0001347519056296              0.0001741502218291              1.0002247390233268              1.5003371085342401              1.6666666666670000              1.6666666666670000
       0.57750000               1.0001737423225843              0.0002244460336956              1.0002897412638279              1.5004346118949914              1.6666666666670000              1.6666666666670000
       0.58250000               1.0002228190943423              0.0002878065552818              1.0003715581730985              1.5005573372588974              1.6666666666670000              1.6666666666670000
       0.58750000               1.0002842533979786              0.0003671351174625              1.0004739824301208              1.5007109736444306              1.6666666666670000              1.6666666666670000
       0.59250000               1.0003607190317132              0.0004658654707136              1.0006014643339600              1.5009021965001896              1.6666666666670000              1.6666666666670000
       0.59750000               1.0004553443514115              0.0005879862670269              1.0007592227883360              1.5011388341817533              1.6666666666670000              1.6666666666670000
       0.60250000               1.0005717200393385              0.0007381351038627              1.0009532544348270              1.5014298816514897              1.6666666666670000              1.6666666666670000
       0.60750000               1.0007139372115428              0.0009216362694295              1.0011903941302542              1.5017855911946305              1.6666666666670000              1.6666666666670000
       0.61250000               1.0008866850458360              0.0011444436869227              1.0014784655356495              1.5022176983027229              1.6666666666670000              1.6666666666670000
       0.61750000               1.0010951184870958              0.0014133191424246              1.0018260837092650              1.5027391255631459              1.6666666666670000              1.6666666666670000
       0.62250000               1.0013449566012078              0.0017356871603256              1.0022428189275574              1.5033642283905844              1.6666666666670000              1.6666666666670000
       0.62750000               1.0016425147957144              0.0021195259993206              1.0027392467436025              1.5041088701146514              1.6666666666670000              1.6666666666670000
       0.63250000               1.0019945114780213              0.0025734918654738              1.0033266190546346              1.5049899285811992              1.6666666666670000              1.6666666666670000
       0.63750000               1.0024080586341453              0.0031067193694313              1.0040168712298760              1.5060253068440608              1.6666666666670000              1.6666666666670000
       0.64250000               1.0028906942706164              0.0037285163647140              1.0048226815346215              1.5072340223011786              1.6666666666670000              1.6666666666670000
       0.64750000               1.0034497519935819              0.0044488599684811              1.0057564146083946              1.5086346219118376              1.6666666666670000              1.6666666666670000
       0.65250000               1.0040930583838441              0.0052771236056642              1.0068312855085118              1.5102469282620126              1.6666666666670000              1.6666666666670000
       0.65750000               1.0048279212896498              0.0062229546643090              1.0080596918995373              1.5120895378485499              1.6666666666670000              1.6666666666670000
       0.66250000               1.0056613894875106              0.0072954941630063              1.0094536566487462              1.5141804849723619              1.6666666666670000              1.6666666666670000
       0.66750000               1.0066004945439175              0.0085026452769380              1.0110252255172070              1.5165378382750523              1.6666666666670000              1.6666666666670000
       0.67250000               1.0076507175962910              0.0098526208742573              1.0127839034401438              1.5191758551594561              1.6666666666670000              1.6666666666670000
       0.67750000               1.0088181246257477              0.0113508242227341              1.0147402450109970              1.5221103675157344              1.6666666666670000              1.6666666666670000
       0.68250000               1.0101060203899124              0.0130038169969416              1.0169002573148802              1.5253503859715574              1.6666666666670000              1.6666666666670000
       0.68750000               1.0115189543000154              0.0148139538986563              1.0192720960318946              1.5289081440470775              1.6666666666670000              1.6666666666670000
       0.69250000               1.0130580282677895              0.0167852345200088              1.0218581934082336              1.5327872901115840              1.6666666666670000              1.6666666666670000
       0.69750000               1.0147250430921959              0.0189178880197192              1.0246622204093334              1.5369933306132315              1.6666666666670000              1.6666666666670000
       0.70250000               1.0165204708072120              0.0212109776432061              1.0276856876561729              1.5415285314834886              1.6666666666670000              1.6666666666670000
       0.70750000               1.0184417697744608              0.0236645984603989              1.0309250684323528              1.5463876026477559              1.6666666666670000              1.6666666666670000
       0.71250000               1.0204891369090738              0.0262726679837972              1.0343814886810976              1.5515722330208703              1.6666666666670000              1.6666666666670000
       0.71750000               1.0226577199909057              0.0290329975415702              1.0380475886435054              1.5570713829644796              1.6666666666670000              1.6666666666670000
       0.72250000               1.0249440844302813              0.0319392158187149              1.0419184257313481              1.5628776385962404              1.6666666666670000              1.6666666666670000
       0.72750000               1.0273440895620329              0.0349837159355811              1.0459878574071100              1.5689817861098803              1.6666666666670000              1.6666666666670000
       0.73250000               1.0298507642016790              0.0381605047538569              1.0502449255679975              1.5753673883512085              1.6666666666670000              1.6666666666670000
       0.73750000               1.0324591843474977              0.0414592283133640              1.0546821223065004              1.5820231834589598              1.6666666666670000              1.6666666666670000
       0.74250000               1.0351614636526547              0.0448716648291928              1.0592868780877771              1.5889303171308713              1.6666666666670000              1.6666666666670000
       0.74750000               1.0379504676690834              0.0483871999195134              1.0640478271454830              1.5960717407174261              1.6666666666670000              1.6666666666670000
       0.75250000               1.0408181405058103              0.0519950518153015              1.0689519641941485              1.6034279462904211              1.6666666666670000              1.6666666666670000
       0.75750000               1.0437556569474653              0.0556841583824393              1.0739848874794407              1.6109773312183555              1.6666666666670000              1.6666666666670000
       0.76250000               1.0467540784399449              0.0594424092014627              1.0791319166948756              1.6186978750415042              1.6666666666670000              1.6666666666670000
       0.76750000               1.0498036451950923              0.0632575784653252              1.0843768318376299              1.6265652477556312              1.6666666666670000              1.6666666666670000
       0.77250000               1.0528943365247549              0.0671165970857074              1.0897028461051979              1.6345542691569792              1.6666666666670000              1.6666666666670000
       0.77750000               1.0560154412073270              0.0710060428164834              1.0950918539033898              1.6426377808542632              1.6666666666670000              1.6666666666670000
       0.78250000               1.0591557848079507              0.0749117710264155              1.1005248166869688              1.6507872250296276              1.6666666666670000              1.6666666666670000
       0.78750000               1.0623035901583453              0.0788189959990120              1.1059814734917606              1.6589722102368114              1.6666666666670000              1.6666666666670000
       0.79250000               1.0654463813325763              0.0827122277808831              1.1114401984806148              1.6671602977200886              1.6666666666670000              1.6666666666670000
       0.79750000               1.0685708946685335              0.0865751868917953              1.1168778264429668              1.6753167396636124              1.6666666666670000              1.6666666666670000
       0.80250000               1.0716629511898217              0.0903907135113867              1.1222694246971441              1.6834041370448742              1.6666666666670000              1.6666666666670000
       0.80750000               1.0747075951226657              0.0941403256504675              1.1275884869578294              1.6913827304358986              1.6666666666670000              1.6666666666670000
       0.81250000               1.0776883181374031              0.0978047892498564              1.1328056160066560              1.6992084240091343              1.6666666666670000              1.6666666666670000
       0.81750000               1.0805879552912718              0.1013626087209533              1.1378900613276779              1.7068350919906632              1.6666666666670000              1.6666666666670000
       0.82250000               1.0833869491766999              0.1047916689188275              1.1428066757494268              1.7142100136232832              1.6666666666670000              1.6666666666670000
       0.82750000               1.0860652334113636              0.1080663599220987              1.1475191819571702              1.7212787729348944              1.6666666666670000              1.6666666666670000
       0.83250000               1.0885992865305134              0.1111604982442909              1.1519850487663124              1.7279775731486047              1.6666666666670000              1.6666666666670000
       0.83750000               1.0909645282260012              0.1140436203622216              1.1561596737983144              1.7342395106966044              1.6666666666670000              1.6666666666670000
       0.84250000               1.0931326773529080              0.1166832983173813              1.1599917442971563              1.7399876164448642              1.6666666666670000              1.6666666666670000
       0.84750000               1.0950730619920626              0.1190424017452424              1.1634255458652896              1.7451383187970619              1.6666666666670000              1.6666666666670000
       0.85250000               1.0967508128475505              0.1210800905312718              1.1663978533515025              1.7495967800263788              1.6666666666670000              1.6666666666670000
       0.85750000               1.0981269806942791              0.1227499643969695              1.1688381452351069              1.7532572178517838              1.6666666666670000              1.6666666666670000
       0.86250000               1.0991572912893988              0.1239993006943278              1.1706664845194843              1.7559997267783485              1.6666666666670000              1.6666666666670000
       0.86750000               1.0997924253069329              0.1247691588542312              1.1717941283135436              1.7576911924694363              1.6666666666670000              1.6666666666670000
       0.87250000               1.0999806966699852              0.1249971663518120              1.1721284911460508              1.7581927367181971              1.6666666666670000              1.6666666666670000
       0.87750000               1.0996656079712273              0.1246155389277184              1.1715689794182527              1.7573534691265003              1.6666666666670000              1.6666666666670000
       0.88250000               1.0987807654511366              0.1235433633877897              1.1699982403270124              1.7549973604896409              1.6666666666670000              1.6666666666670000
       0.88750000               1.0972558350949511              0.1216922727120301              1.1672932126881836              1.7509398190314001              1.6666666666670000              1.6666666666670000
       0.89250000               1.0950203261172193              0.1189812845107274              1.1633322481946635              1.7449983722911226              1.6666666666670000              1.6666666666670000
       0.89750000               1.0920227666768316              0.1153299957696666              1.1580294942755858              1.7370442414125100              1.6666666666670000              1.6666666666670000
       0.90250000               1.0882167406270127              0.1106983052874962              1.1513105338263072              1.7269658007385973              1.6666666666670000              1.6666666666670000
       0.90750000               1.0836106839886184              0.1050607439307118              1.1432001283652276              1.7148001925469840              1.6666666666670000              1.6666666666670000
       0.91250000               1.0782381663222078              0.0984892953288776              1.1337691285867340              1.7006536928792504              1.6666666666670000              1.6666666666670000
       0.91750000               1.0722371456501565              0.0910915059555849              1.1232717528176630              1.6849076292256520              1.6666666666670000              1.6666666666670000
       0.92250000               1.0657685943771058              0.0831172946293196              1.1120003191579324              1.6680004787360645              1.6666666666670000              1.6666666666670000
       0.92750000               1.0590885618937365              0.0748265716210934              1.1004081270303732              1.6506121905447344              1.6666666666670000              1.6666666666670000
       0.93250000               1.0524362749666394              0.0665435753634562              1.0889124562433863              1.6333686843642627              1.6666666666670000              1.6666666666670000
       0.93750000               1.0460403429539589              0.0585492581001561              1.0779054075685663              1.6168581113520410              1.6666666666670000              1.6666666666670000
       0.94250000               1.0400756492704113              0.0510573856372561              1.0676808883844306              1.6015213325758453              1.6666666666670000              1.6666666666670000
       0.94750000               1.0346387067113991              0.0442127672531086              1.0583950432061724              1.5875925648084648              1.6666666666670000              1.6666666666670000
       0.95250000               1.0297786716846997              0.0380653103268723              1.0501220093063712              1.5751830139587690              1.6666666666670000              1.6666666666670000
       0.95750000               1.0254845760151052              0.0326255473451022              1.0428339787328025              1.5642509680984216              1.6666666666670000              1.6666666666670000
       0.96250000               1.0217308969426848              0.0278514109771028              1.0364797961548406              1.5547196942314836              1.6666666666670000              1.6666666666670000
       0.96750000               1.0184672184211949              0.0236962363563762              1.0309677107588715              1.5464515661375342              1.6666666666670000              1.6666666666670000
       0.97250000               1.0156472322797914              0.0200946923647809              1.0262144561361199              1.5393216842034103              1.6666666666670000              1.6666666666670000
       0.97750000               1.0132177166426204              0.0169896286326470              1.0221264096053837              1.5331896144073089              1.6666666666670000              1.6666666666670000
       0.98250000               1.0111336207373447              0.0143196756821490              1.0186247883383786              1.5279371825068038              1.6666666666670000              1.6666666666670000
       0.98750000               1.0093496957201606              0.0120331374190695              1.0156313213014483              1.5234469819514107              1.6666666666670000              1.6666666666670000
       0.99250000               1.0078281530930779              0.0100794297707620              1.0130809225037907              1.5196213837549259              1.6666666666670000              1.6666666666670000
       0.99750000               1.0065332070087600              0.0084161101915962              1.0109123635070314              1.5163685452597886              1.6666666666670000              1.6666666666670000
