       0.00250000               1.9626063738504491              1.0000000000000002              0.5999999999998795              0.8999999999993692              1.6666666666670000              1.6666666666670000
       0.00750000               1.9791070981289289              0.9999999999999997              0.5999999999998805              0.8999999999993706              1.6666666666670000              1.6666666666670000
       0.01250000               1.9909299568591321              0.9999999999999997              0.5999999999998806              0.8999999999993707              1.6666666666670000              1.6666666666670000
       0.01750000               1.9978971588081036              0.9999999999999987              0.5999999999998811              0.8999999999993715              1.6666666666670000              1.6666666666670000
       0.02250000               1.9998991039470364              0.9999999999999989              0.5999999999998811              0.8999999999993715              1.6666666666670000              1.6666666666670000
       0.02750000               1.9969020755901807              0.9999999999999999              0.5999999999998804              0.8999999999993706              1.6666666666670000              1.6666666666670000
       0.03250000               1.9889540233430156              0.9999999999999997              0.5999999999998801              0.8999999999993702              1.6666666666670000              1.6666666666670000
       0.03750000               1.9761784523215076              0.9999999999999997              0.5999999999998800              0.8999999999993699              1.6666666666670000              1.6666666666670000
       0.04250000               1.9587670915175277              0.9999999999999997              0.5999999999998806              0.8999999999993709              1.6666666666670000              1.6666666666670000
       0.04750000               1.9369748558949227              0.9999999999999991              0.5999999999998813              0.8999999999993719              1.6666666666670000              1.6666666666670000
       0.05250000               1.9111148482724138              0.9999999999999996              0.5999999999998804              0.8999999999993705              1.6666666666670000              1.6666666666670000
       0.05750000               1.8815520542029061              0.9999999999999998              0.5999999999998805              0.8999999999993707              1.6666666666670000              1.6666666666670000
       0.06250000               1.8486954433863370              1.0000000000000009              0.5999999999998796              0.8999999999993693              1.6666666666670000              1.6666666666670000
       0.06750000               1.8129887183425994              1.0000000000000007              0.5999999999998790              0.8999999999993683              1.6666666666670000              1.6666666666670000
       0.07250000               1.7749002123322568              1.0000000000000007              0.5999999999998794              0.8999999999993691              1.6666666666670000              1.6666666666670000
       0.07750000               1.7349124838538921              1.0000000000000004              0.5999999999998791              0.8999999999993685              1.6666666666670000              1.6666666666670000
       0.08250000               1.6935120763537299              0.9999999999999999              0.5999999999998803              0.8999999999993705              1.6666666666670000              1.6666666666670000
       0.08750000               1.6511797898988620              0.9999999999999999              0.5999999999998811              0.8999999999993715              1.6666666666670000              1.6666666666670000
       0.09250000               1.6083817041785518              1.0000000000000009              0.5999999999998794              0.8999999999993692              1.6666666666670000              1.6666666666670000
       0.09750000               1.5655611233901252              1.0000000000000007              0.5999999999998789              0.8999999999993683              1.6666666666670000              1.6666666666670000
       0.10250000               1.5231315776025045              0.9999999999999999              0.5999999999998797              0.8999999999993696              1.6666666666670000              1.6666666666670000
       0.10750000               1.4814709927207048              0.9999999999999999              0.5999999999998799              0.8999999999993699              1.6666666666670000              1.6666666666670000
       0.11250000               1.4409171145824591              0.9999999999999991              0.5999999999998805              0.8999999999993706              1.6666666666670000              1.6666666666670000
       0.11750000               1.4017642345942158              0.9999999999999996              0.5999999999998814              0.8999999999993721              1.6666666666670000              1.6666666666670000
       0.12250000               1.3642612173210109              0.9999999999999993              0.5999999999998806              0.8999999999993709              1.6666666666670000              1.6666666666670000
       0.12750000               1.3286107822119866              1.0000000000000004              0.5999999999998802              0.8999999999993703              1.6666666666670000              1.6666666666670000
       0.13250000               1.2949699493019704              1.0000000000000016              0.5999999999998781              0.8999999999993671              1.6666666666670000              1.6666666666670000
       0.13750000               1.2634515260344892              1.0000000000000024              0.5999999999998773              0.8999999999993659              1.6666666666670000              1.6666666666670000
       0.14250000               1.2341264897198132              1.0000000000000000              0.5999999999998797              0.8999999999993695              1.6666666666670000              1.6666666666670000
       0.14750000               1.2070271062488138              1.0000000000000011              0.5999999999998797              0.8999999999993695              1.6666666666670000              1.6666666666670000
       0.15250000               1.1821506190325906              0.9999999999999981              0.5999999999998821              0.8999999999993731              1.6666666666670000              1.6666666666670000
       0.15750000               1.1594633417701408              1.0000000000000013              0.5999999999998787              0.8999999999993680              1.6666666666670000              1.6666666666670000
       0.16250000               1.1389049940371525              0.9999999999999988              0.5999999999998813              0.8999999999993719              1.6666666666670000              1.6666666666670000
       0.16750000               1.1203931293238467              0.9999999999999990              0.5999999999998809              0.8999999999993711              1.6666666666670000              1.6666666666670000
       0.17250000               1.1038275202266685              0.9999999999999976              0.5999999999998827              0.8999999999993741              1.6666666666670000              1.6666666666670000
       0.17750000               1.0890943839029710              1.0000000000000002              0.5999999999998799              0.8999999999993697              1.6666666666670000              1.6666666666670000
       0.18250000               1.0760703513739294              0.9999999999999976              0.5999999999998827              0.8999999999993741              1.6666666666670000              1.6666666666670000
       0.18750000               1.0646261055995943              1.0000000000000000              0.5999999999998802              0.8999999999993703              1.6666666666670000              1.6666666666670000
       0.19250000               1.0546296344097026              0.9999999999999990              0.5999999999998812              0.8999999999993717              1.6666666666670000              1.6666666666670000
       0.19750000               1.0459490645066996              0.9999999999999993              0.5999999999998804              0.8999999999993705              1.6666666666670000              1.6666666666670000
       0.20250000               1.0384550612012484              0.9999999999999957              0.5999999999998850              0.8999999999993773              1.6666666666670000              1.6666666666670000
       0.20750000               1.0320227947968772              1.0000000000000000              0.5999999999998799              0.8999999999993697              1.6666666666670000              1.6666666666670000
       0.21250000               1.0265334882740316              1.0000000000000013              0.5999999999998784              0.8999999999993675              1.6666666666670000              1.6666666666670000
       0.21750000               1.0218755719567965              0.9999999999999970              0.5999999999998827              0.8999999999993741              1.6666666666670000              1.6666666666670000
       0.22250000               1.0179454791529676              1.0000000000000002              0.5999999999998802              0.8999999999993702              1.6666666666670000              1.6666666666670000
       0.22750000               1.0146481224447841              1.0000000000000018              0.5999999999998781              0.8999999999993670              1.6666666666670000              1.6666666666670000
       0.23250000               1.0118970935835392              1.0000000000000000              0.5999999999998796              0.8999999999993694              1.6666666666670000              1.6666666666670000
       0.23750000               1.0096146310902263              0.9999999999999998              0.5999999999998802              0.8999999999993702              1.6666666666670000              1.6666666666670000
       0.24250000               1.0077313990153642              0.9999999999999989              0.5999999999998806              0.8999999999993710              1.6666666666670000              1.6666666666670000
       0.24750000               1.0061861182153946              1.0000000000000004              0.5999999999998790              0.8999999999993685              1.6666666666670000              1.6666666666670000
       0.25250000               1.0049250883125356              1.0000000000000007              0.5999999999998792              0.8999999999993686              1.6666666666670000              1.6666666666670000
       0.25750000               1.0039016345548113              1.0000000000000009              0.5999999999998789              0.8999999999993682              1.6666666666670000              1.6666666666670000
       0.26250000               1.0030755093892998              1.0000000000000004              0.5999999999998787              0.8999999999993681              1.6666666666670000              1.6666666666670000
       0.26750000               1.0024122739706458              0.9999999999999973              0.5999999999998831              0.8999999999993744              1.6666666666670000              1.6666666666670000
       0.27250000               1.0018826802705709              0.9999999999999989              0.5999999999998805              0.8999999999993707              1.6666666666670000              1.6666666666670000
       0.27750000               1.0014620701078076              1.0000000000000011              0.5999999999998790              0.8999999999993684              1.6666666666670000              1.6666666666670000
       0.28250000               1.0011298034107687              1.0000000000000020              0.5999999999998780              0.8999999999993669              1.6666666666670000              1.6666666666670000
       0.28750000               1.0008687244453867              0.9999999999999953              0.5999999999998853              0.8999999999993779              1.6666666666670000              1.6666666666670000
       0.29250000               1.0006646716366614              1.0000000000000004              0.5999999999998796              0.8999999999993695              1.6666666666670000              1.6666666666670000
       0.29750000               1.0005060340032577              1.0000000000000011              0.5999999999998792              0.8999999999993686              1.6666666666670000              1.6666666666670000
       0.30250000               1.0003833551009365              0.9999999999999984              0.5999999999998817              0.8999999999993726              1.6666666666670000              1.6666666666670000
       0.30750000               1.0002889837066549              0.9999999999999996              0.5999999999998799              0.8999999999993696              1.6666666666670000              1.6666666666670000
       0.31250000               1.0002167692281583              1.0000000000000009              0.5999999999998789              0.8999999999993683              1.6666666666670000              1.6666666666670000
       0.31750000               1.0001617989449922              0.9999999999999967              0.5999999999998831              0.8999999999993746              1.6666666666670000              1.6666666666670000
       0.32250000               1.0001201736217402              1.0000000000000000              0.5999999999998801              0.8999999999993701              1.6666666666670000              1.6666666666670000
       0.32750000               1.0000888177283520              0.9999999999999982              0.5999999999998820              0.8999999999993729              1.6666666666670000              1.6666666666670000
       0.33250000               1.0000653204030916              0.9999999999999989              0.5999999999998817              0.8999999999993725              1.6666666666670000              1.6666666666670000
       0.33750000               1.0000478033535516              1.0000000000000002              0.5999999999998795              0.8999999999993693              1.6666666666670000              1.6666666666670000
       0.34250000               1.0000348120664067              0.9999999999999980              0.5999999999998820              0.8999999999993727              1.6666666666670000              1.6666666666670000
       0.34750000               1.0000252269511019              1.0000000000000029              0.5999999999998775              0.8999999999993662              1.6666666666670000              1.6666666666670000
       0.35250000               1.0000181913452846              0.9999999999999987              0.5999999999998811              0.8999999999993716              1.6666666666670000              1.6666666666670000
       0.35750000               1.0000130536358534              1.0000000000000049              0.5999999999998752              0.8999999999993628              1.6666666666670000              1.6666666666670000
       0.36250000               1.0000093210812739              0.9999999999999984              0.5999999999998819              0.8999999999993726              1.6666666666670000              1.6666666666670000
       0.36750000               1.0000066232427118              1.0000000000000002              0.5999999999998799              0.8999999999993699              1.6666666666670000              1.6666666666670000
       0.37250000               1.0000046832354930              0.9999999999999993              0.5999999999998805              0.8999999999993707              1.6666666666670000              1.6666666666670000
       0.37750000               1.0000032952894757              0.9999999999999996              0.5999999999998806              0.8999999999993710              1.6666666666670000              1.6666666666670000
       0.38250000               1.0000023073562621              1.0000000000000020              0.5999999999998786              0.8999999999993680              1.6666666666670000              1.6666666666670000
       0.38750000               1.0000016077204232              1.0000000000000002              0.5999999999998800              0.8999999999993699              1.6666666666670000              1.6666666666670000
       0.39250000               1.0000011147627101              1.0000000000000018              0.5999999999998780              0.8999999999993669              1.6666666666670000              1.6666666666670000
       0.39750000               1.0000007691859842              0.9999999999999978              0.5999999999998825              0.8999999999993737              1.6666666666670000              1.6666666666670000
       0.40250000               1.0000005281507081              0.9999999999999980              0.5999999999998820              0.8999999999993729              1.6666666666670000              1.6666666666670000
       0.40750000               1.0000003608796217              1.0000000000000036              0.5999999999998759              0.8999999999993638              1.6666666666670000              1.6666666666670000
       0.41250000               1.0000002453838857              0.9999999999999967              0.5999999999998834              0.8999999999993751              1.6666666666670000              1.6666666666670000
       0.41750000               1.0000001660394715              1.0000000000000000              0.5999999999998800              0.8999999999993700              1.6666666666670000              1.6666666666670000
       0.42250000               1.0000001118048294              1.0000000000000013              0.5999999999998784              0.8999999999993675              1.6666666666670000              1.6666666666670000
       0.42750000               1.0000000749190501              0.9999999999999993              0.5999999999998809              0.8999999999993711              1.6666666666670000              1.6666666666670000
       0.43250000               1.0000000499573525              1.0000000000000018              0.5999999999998786              0.8999999999993680              1.6666666666670000              1.6666666666670000
       0.43750000               1.0000000331493810              0.9999999999999996              0.5999999999998801              0.8999999999993700              1.6666666666670000              1.6666666666670000
       0.44250000               1.0000000218890848              0.9999999999999996              0.5999999999998804              0.8999999999993706              1.6666666666670000              1.6666666666670000
       0.44750000               1.0000000143841925              0.9999999999999989              0.5999999999998812              0.8999999999993717              1.6666666666670000              1.6666666666670000
       0.45250000               1.0000000094076757              0.9999999999999998              0.5999999999998799              0.8999999999993696              1.6666666666670000              1.6666666666670000
       0.45750000               1.0000000061235765              1.0000000000000013              0.5999999999998783              0.8999999999993674              1.6666666666670000              1.6666666666670000
       0.46250000               1.0000000039659687              0.9999999999999998              0.5999999999998807              0.8999999999993710              1.6666666666670000              1.6666666666670000
       0.46750000               1.0000000025547511              1.0000000000000029              0.5999999999998780              0.8999999999993669              1.6666666666670000              1.6666666666670000
       0.47250000               1.0000000016365835              0.9999999999999989              0.5999999999998810              0.8999999999993714              1.6666666666670000              1.6666666666670000
       0.47750000               1.0000000010432326              1.0000000000000009              0.5999999999998791              0.8999999999993686              1.6666666666670000              1.6666666666670000
       0.48250000               1.0000000006628176              1.0000000000000018              0.5999999999998787              0.8999999999993681              1.6666666666670000              1.6666666666670000
       0.48750000               1.0000000004206004              0.9999999999999996              0.5999999999998807              0.8999999999993711              1.6666666666670000              1.6666666666670000
       0.49250000               1.0000000002667262              0.9999999999999996              0.5999999999998809              0.8999999999993713              1.6666666666670000              1.6666666666670000
       0.49750000               1.0000000001684599              1.0000000000000009              0.5999999999998794              0.8999999999993691              1.6666666666670000              1.6666666666670000
       0.50250000               1.0000000001049787              1.0000000000000002              0.5999999999998804              0.8999999999993706              1.6666666666670000              1.6666666666670000
       0.50750000               1.0000000000636551              1.0000000000000013              0.5999999999998792              0.8999999999993687              1.6666666666670000              1.6666666666670000
       0.51250000               1.0000000000373852              1.0000000000000004              0.5999999999998795              0.8999999999993691              1.6666666666670000              1.6666666666670000
       0.51750000               1.0000000000226312              0.9999999999999993              0.5999999999998805              0.8999999999993709              1.6666666666670000              1.6666666666670000
       0.52250000               1.0000000000180063              1.0000000000000004              0.5999999999998795              0.8999999999993692              1.6666666666670000              1.6666666666670000
       0.52750000               1.0000000000232923              1.0000000000000029              0.5999999999998765              0.8999999999993648              1.6666666666670000              1.6666666666670000
       0.53250000               1.0000000000390827              0.9999999999999987              0.5999999999998814              0.8999999999993721              1.6666666666670000              1.6666666666670000
       0.53750000               1.0000000000672060              1.0000000000000007              0.5999999999998794              0.8999999999993690              1.6666666666670000              1.6666666666670000
       0.54250000               1.0000000001117699              0.9999999999999984              0.5999999999998814              0.8999999999993721              1.6666666666670000              1.6666666666670000
       0.54750000               1.0000000001805325              0.9999999999999989              0.5999999999998810              0.8999999999993715              1.6666666666670000              1.6666666666670000
       0.55250000               1.0000000002869172              1.0000000000000022              0.5999999999998772              0.8999999999993658              1.6666666666670000              1.6666666666670000
       0.55750000               1.0000000004528582              0.9999999999999987              0.5999999999998811              0.8999999999993715              1.6666666666670000              1.6666666666670000
       0.56250000               1.0000000007128527              0.9999999999999980              0.5999999999998820              0.8999999999993730              1.6666666666670000              1.6666666666670000
       0.56750000               1.0000000011199213              1.0000000000000004              0.5999999999998793              0.8999999999993690              1.6666666666670000              1.6666666666670000
       0.57250000               1.0000000017543884              0.9999999999999987              0.5999999999998811              0.8999999999993714              1.6666666666670000              1.6666666666670000
       0.57750000               1.0000000027371267              1.0000000000000009              0.5999999999998786              0.8999999999993679              1.6666666666670000              1.6666666666670000
       0.58250000               1.0000000042496784              0.9999999999999971              0.5999999999998828              0.8999999999993742              1.6666666666670000              1.6666666666670000
       0.58750000               1.0000000065641983              0.9999999999999984              0.5999999999998813              0.8999999999993719              1.6666666666670000              1.6666666666670000
       0.59250000               1.0000000100874626              1.0000000000000000              0.5999999999998793              0.8999999999993690              1.6666666666670000              1.6666666666670000
       0.59750000               1.0000000154244186              1.0000000000000027              0.5999999999998776              0.8999999999993664              1.6666666666670000              1.6666666666670000
       0.60250000               1.0000000234694237              0.9999999999999982              0.5999999999998820              0.8999999999993729              1.6666666666670000              1.6666666666670000
       0.60750000               1.0000000355366916              0.9999999999999991              0.5999999999998815              0.8999999999993723              1.6666666666670000              1.6666666666670000
       0.61250000               1.0000000535464058              1.0000000000000022              0.5999999999998777              0.8999999999993665              1.6666666666670000              1.6666666666670000
       0.61750000               1.0000000802888971              1.0000000000000022              0.5999999999998780              0.8999999999993670              1.6666666666670000              1.6666666666670000
       0.62250000               1.0000001197974675              0.9999999999999976              0.5999999999998832              0.8999999999993749              1.6666666666670000              1.6666666666670000
       0.62750000               1.0000001778709668              1.0000000000000020              0.5999999999998789              0.8999999999993684              1.6666666666670000              1.6666666666670000
       0.63250000               1.0000002628014908              1.0000000000000009              0.5999999999998795              0.8999999999993693              1.6666666666670000              1.6666666666670000
       0.63750000               1.0000003863812279              0.9999999999999987              0.5999999999998817              0.8999999999993726              1.6666666666670000              1.6666666666670000
       0.64250000               1.0000005652873920              0.9999999999999998              0.5999999999998810              0.8999999999993713              1.6666666666670000              1.6666666666670000
       0.64750000               1.0000008229755597              0.9999999999999971              0.5999999999998831              0.8999999999993746              1.6666666666670000              1.6666666666670000
       0.65250000               1.0000011922519898              1.0000000000000011              0.5999999999998789              0.8999999999993683              1.6666666666670000              1.6666666666670000
       0.65750000               1.0000017187463175              1.0000000000000016              0.5999999999998789              0.8999999999993683              1.6666666666670000              1.6666666666670000
       0.66250000               1.0000024655695110              1.0000000000000018              0.5999999999998789              0.8999999999993681              1.6666666666670000              1.6666666666670000
       0.66750000               1.0000035195212638              1.0000000000000000              0.5999999999998802              0.8999999999993702              1.6666666666670000              1.6666666666670000
       0.67250000               1.0000049993080262              1.0000000000000018              0.5999999999998784              0.8999999999993675              1.6666666666670000              1.6666666666670000
       0.67750000               1.0000070663509890              1.0000000000000018              0.5999999999998787              0.8999999999993681              1.6666666666670000              1.6666666666670000
       0.68250000               1.0000099389047779              0.9999999999999987              0.5999999999998810              0.8999999999993713              1.6666666666670000              1.6666666666670000
       0.68750000               1.0000139103753429              0.9999999999999987              0.5999999999998815              0.8999999999993723              1.6666666666670000              1.6666666666670000
       0.69250000               1.0000193729213944              1.0000000000000024              0.5999999999998779              0.8999999999993668              1.6666666666670000              1.6666666666670000
       0.69750000               1.0000268476492247              0.9999999999999987              0.5999999999998814              0.8999999999993722              1.6666666666670000              1.6666666666670000
       0.70250000               1.0000370229658500              1.0000000000000004              0.5999999999998800              0.8999999999993700              1.6666666666670000              1.6666666666670000
       0.70750000               1.0000508029389006              0.9999999999999998              0.5999999999998804              0.8999999999993706              1.6666666666670000              1.6666666666670000
       0.71250000               1.0000693678187116              1.0000000000000011              0.5999999999998783              0.8999999999993674              1.6666666666670000              1.6666666666670000
       0.71750000               1.0000942492029410              0.9999999999999998              0.5999999999998799              0.8999999999993696              1.6666666666670000              1.6666666666670000
       0.72250000               1.0001274226549319              1.0000000000000009              0.5999999999998795              0.8999999999993693              1.6666666666670000              1.6666666666670000
       0.72750000               1.0001714209102428              0.9999999999999993              0.5999999999998807              0.8999999999993710              1.6666666666670000              1.6666666666670000
       0.73250000               1.0002294711004143              1.0000000000000018              0.5999999999998779              0.8999999999993666              1.6666666666670000              1.6666666666670000
       0.73750000               1.0003056596637536              1.0000000000000002              0.5999999999998801              0.8999999999993701              1.6666666666670000              1.6666666666670000
       0.74250000               1.0004051287671816              1.0000000000000016              0.5999999999998785              0.8999999999993678              1.6666666666670000              1.6666666666670000
       0.74750000               1.0005343080940865              0.9999999999999991              0.5999999999998806              0.8999999999993710              1.6666666666670000              1.6666666666670000
       0.75250000               1.0007011857165415              0.9999999999999989              0.5999999999998813              0.8999999999993720              1.6666666666670000              1.6666666666670000
       0.75750000               1.0009156214172448              0.9999999999999998              0.5999999999998801              0.8999999999993702              1.6666666666670000              1.6666666666670000
       0.76250000               1.0011897052022876              1.0000000000000002              0.5999999999998790              0.8999999999993683              1.6666666666670000              1.6666666666670000
       0.76750000               1.0015381627965270              1.0000000000000000              0.5999999999998800              0.8999999999993700              1.6666666666670000              1.6666666666670000
       0.77250000               1.0019788085876766              0.9999999999999987              0.5999999999998809              0.8999999999993711              1.6666666666670000              1.6666666666670000
       0.77750000               1.0025330447358276              0.9999999999999998              0.5999999999998800              0.8999999999993700              1.6666666666670000              1.6666666666670000
       0.78250000               1.0032264029496483              0.9999999999999982              0.5999999999998811              0.8999999999993716              1.6666666666670000              1.6666666666670000
       0.78750000               1.0040891227210380              1.0000000000000011              0.5999999999998791              0.8999999999993685              1.6666666666670000              1.6666666666670000
       0.79250000               1.0051567566061690              0.9999999999999987              0.5999999999998806              0.8999999999993710              1.6666666666670000              1.6666666666670000
       0.79750000               1.0064707894748892              0.9999999999999998              0.5999999999998802              0.8999999999993702              1.6666666666670000              1.6666666666670000
       0.80250000               1.0080792545809836              0.9999999999999991              0.5999999999998803              0.8999999999993705              1.6666666666670000              1.6666666666670000
       0.80750000               1.0100373249130379              0.9999999999999987              0.5999999999998805              0.8999999999993709              1.6666666666670000              1.6666666666670000
       0.81250000               1.0124078536952943              1.0000000000000000              0.5999999999998795              0.8999999999993692              1.6666666666670000              1.6666666666670000
       0.81750000               1.0152618333166294              0.9999999999999996              0.5999999999998805              0.8999999999993707              1.6666666666670000              1.6666666666670000
       0.82250000               1.0186787376377251              0.9999999999999991              0.5999999999998805              0.8999999999993709              1.6666666666670000              1.6666666666670000
       0.82750000               1.0227467088421158              0.9999999999999993              0.5999999999998806              0.8999999999993709              1.6666666666670000              1.6666666666670000
       0.83250000               1.0275625470180874              0.9999999999999993              0.5999999999998803              0.8999999999993704              1.6666666666670000              1.6666666666670000
       0.83750000               1.0332314587717690              0.9999999999999987              0.5999999999998805              0.8999999999993707              1.6666666666670000              1.6666666666670000
       0.84250000               1.0398665207650279              0.9999999999999998              0.5999999999998802              0.8999999999993702              1.6666666666670000              1.6666666666670000
       0.84750000               1.0475878156147189              0.9999999999999998              0.5999999999998800              0.8999999999993700              1.6666666666670000              1.6666666666670000
       0.85250000               1.0565212014620420              1.0000000000000000              0.5999999999998792              0.8999999999993687              1.6666666666670000              1.6666666666670000
       0.85750000               1.0667966828494300              1.0000000000000000              0.5999999999998799              0.8999999999993697              1.6666666666670000              1.6666666666670000
       0.86250000               1.0785463592823832              1.0000000000000007              0.5999999999998794              0.8999999999993691              1.6666666666670000              1.6666666666670000
       0.86750000               1.0919019390844451              1.0000000000000007              0.5999999999998785              0.8999999999993678              1.6666666666670000              1.6666666666670000
       0.87250000               1.1069918202066840              1.0000000000000011              0.5999999999998789              0.8999999999993682              1.6666666666670000              1.6666666666670000
       0.87750000               1.1239377567368172              1.0000000000000009              0.5999999999998791              0.8999999999993685              1.6666666666670000              1.6666666666670000
       0.88250000               1.1428511494221369              1.0000000000000009              0.5999999999998790              0.8999999999993684              1.6666666666670000              1.6666666666670000
       0.88750000               1.1638290191695881              1.0000000000000004              0.5999999999998786              0.8999999999993680              1.6666666666670000              1.6666666666670000
       0.89250000               1.1869497428060882              0.9999999999999998              0.5999999999998802              0.8999999999993703              1.6666666666670000              1.6666666666670000
       0.89750000               1.2122686500752724              1.0000000000000002              0.5999999999998793              0.8999999999993691              1.6666666666670000              1.6666666666670000
       0.90250000               1.2398136006812350              1.0000000000000004              0.5999999999998787              0.8999999999993682              1.6666666666670000              1.6666666666670000
       0.90750000               1.2695806802411727              1.0000000000000002              0.5999999999998790              0.8999999999993684              1.6666666666670000              1.6666666666670000
       0.91250000               1.3015301717060328              0.9999999999999998              0.5999999999998793              0.8999999999993689              1.6666666666670000              1.6666666666670000
       0.91750000               1.3355829693384860              1.0000000000000004              0.5999999999998789              0.8999999999993682              1.6666666666670000              1.6666666666670000
       0.92250000               1.3716176022104902              1.0000000000000002              0.5999999999998789              0.8999999999993682              1.6666666666670000              1.6666666666670000
       0.92750000               1.4094680251435343              0.9999999999999999              0.5999999999998784              0.8999999999993676              1.6666666666670000              1.6666666666670000
       0.93250000               1.4489223237069921              0.9999999999999997              0.5999999999998796              0.8999999999993694              1.6666666666670000              1.6666666666670000
       0.93750000               1.4897224716103565              0.9999999999999996              0.5999999999998793              0.8999999999993689              1.6666666666670000              1.6666666666670000
       0.94250000               1.5315652698747344              0.9999999999999992              0.5999999999998799              0.8999999999993699              1.6666666666670000              1.6666666666670000
       0.94750000               1.5741045739569197              0.9999999999999989              0.5999999999998797              0.8999999999993695              1.6666666666670000              1.6666666666670000
       0.95250000               1.6169548641462135              0.9999999999999989              0.5999999999998804              0.8999999999993706              1.6666666666670000              1.6666666666670000
       0.95750000               1.6596961381970468              0.9999999999999989              0.5999999999998804              0.8999999999993705              1.6666666666670000              1.6666666666670000
       0.96250000               1.7018800278267001              0.9999999999999994              0.5999999999998804              0.8999999999993706              1.6666666666670000              1.6666666666670000
       0.96750000               1.7430369971943898              0.9999999999999994              0.5999999999998799              0.8999999999993697              1.6666666666670000              1.6666666666670000
       0.97250000               1.7826844896212761              0.9999999999999997              0.5999999999998799              0.8999999999993699              1.6666666666670000              1.6666666666670000
       0.97750000               1.8203359265304473              0.9999999999999992              0.5999999999998806              0.8999999999993709              1.6666666666670000              1.6666666666670000
       0.98250000               1.8555104711681132              0.9999999999999998              0.5999999999998794              0.8999999999993691              1.6666666666670000              1.6666666666670000
       0.98750000               1.8877433892518418              1.0000000000000002              0.5999999999998795              0.8999999999993693              1.6666666666670000              1.6666666666670000
       0.99250000               1.9165966568235095              0.9999999999999999              0.5999999999998802              0.8999999999993702              1.6666666666670000              1.6666666666670000
       0.99750000               1.9416692450438837              1.0000000000000000              0.5999999999998800              0.8999999999993699              1.6666666666670000              1.6666666666670000
