       0.00250000               1.1389206286092610              1.0000000000000031              0.5999999999998773              0.8999999999993659              1.6666666666670000              1.6666666666670000
       0.00750000               1.1204004423725191              1.0000000000000000              0.5999999999998795              0.8999999999993693              1.6666666666670000              1.6666666666670000
       0.01250000               1.1038277307163822              1.0000000000000009              0.5999999999998792              0.8999999999993689              1.6666666666670000              1.6666666666670000
       0.01750000               1.0890887694829148              1.0000000000000018              0.5999999999998784              0.8999999999993675              1.6666666666670000              1.6666666666670000
       0.02250000               1.0760601870972064              1.0000000000000009              0.5999999999998785              0.8999999999993678              1.6666666666670000              1.6666666666670000
       0.02750000               1.0646126119695900              0.9999999999999973              0.5999999999998822              0.8999999999993733              1.6666666666670000              1.6666666666670000
       0.03250000               1.0546139361623130              0.9999999999999981              0.5999999999998811              0.8999999999993716              1.6666666666670000              1.6666666666670000
       0.03750000               1.0459321606544774              1.0000000000000029              0.5999999999998769              0.8999999999993652              1.6666666666670000              1.6666666666670000
       0.04250000               1.0384378060483139              0.9999999999999983              0.5999999999998815              0.8999999999993722              1.6666666666670000              1.6666666666670000
       0.04750000               1.0320058889968895              1.0000000000000040              0.5999999999998755              0.8999999999993633              1.6666666666670000              1.6666666666670000
       0.05250000               1.0265174785813767              1.0000000000000016              0.5999999999998781              0.8999999999993670              1.6666666666670000              1.6666666666670000
       0.05750000               1.0218608580912047              1.0000000000000022              0.5999999999998775              0.8999999999993661              1.6666666666670000              1.6666666666670000
       0.06250000               1.0179323261158792              0.9999999999999982              0.5999999999998812              0.8999999999993717              1.6666666666670000              1.6666666666670000
       0.06750000               1.0146366766501405              1.0000000000000000              0.5999999999998795              0.8999999999993692              1.6666666666670000              1.6666666666670000
       0.07250000               1.0118874012688153              0.9999999999999996              0.5999999999998794              0.8999999999993691              1.6666666666670000              1.6666666666670000
       0.07750000               1.0096066576369280              1.0000000000000029              0.5999999999998764              0.8999999999993645              1.6666666666670000              1.6666666666670000
       0.08250000               1.0077250480185267              0.9999999999999984              0.5999999999998803              0.8999999999993704              1.6666666666670000              1.6666666666670000
       0.08750000               1.0061812493820788              1.0000000000000011              0.5999999999998779              0.8999999999993669              1.6666666666670000              1.6666666666670000
       0.09250000               1.0049215335210913              1.0000000000000007              0.5999999999998789              0.8999999999993682              1.6666666666670000              1.6666666666670000
       0.09750000               1.0038992116496726              0.9999999999999982              0.5999999999998813              0.8999999999993717              1.6666666666670000              1.6666666666670000
       0.10250000               1.0030740335046437              0.9999999999999996              0.5999999999998795              0.8999999999993693              1.6666666666670000              1.6666666666670000
       0.10750000               1.0024115663594235              0.9999999999999944              0.5999999999998853              0.8999999999993779              1.6666666666670000              1.6666666666670000
       0.11250000               1.0018825747588120              0.9999999999999984              0.5999999999998807              0.8999999999993710              1.6666666666670000              1.6666666666670000
       0.11750000               1.0014624173978621              1.0000000000000027              0.5999999999998767              0.8999999999993651              1.6666666666670000              1.6666666666670000
       0.12250000               1.0011304735239326              1.0000000000000004              0.5999999999998789              0.8999999999993683              1.6666666666670000              1.6666666666670000
       0.12750000               1.0008696076287220              1.0000000000000000              0.5999999999998792              0.8999999999993687              1.6666666666670000              1.6666666666670000
       0.13250000               1.0006656780661094              0.9999999999999991              0.5999999999998801              0.8999999999993701              1.6666666666670000              1.6666666666670000
       0.13750000               1.0005070926005473              0.9999999999999971              0.5999999999998817              0.8999999999993725              1.6666666666670000              1.6666666666670000
       0.14250000               1.0003844117521226              0.9999999999999996              0.5999999999998790              0.8999999999993684              1.6666666666670000              1.6666666666670000
       0.14750000               1.0002899991302476              0.9999999999999998              0.5999999999998787              0.8999999999993681              1.6666666666670000              1.6666666666670000
       0.15250000               1.0002177166962825              0.9999999999999989              0.5999999999998796              0.8999999999993695              1.6666666666670000              1.6666666666670000
       0.15750000               1.0001626620159114              0.9999999999999971              0.5999999999998813              0.8999999999993720              1.6666666666670000              1.6666666666670000
       0.16250000               1.0001209439990917              1.0000000000000007              0.5999999999998776              0.8999999999993664              1.6666666666670000              1.6666666666670000
       0.16750000               1.0000894933239270              1.0000000000000007              0.5999999999998783              0.8999999999993673              1.6666666666670000              1.6666666666670000
       0.17250000               1.0000659036473802              0.9999999999999982              0.5999999999998801              0.8999999999993700              1.6666666666670000              1.6666666666670000
       0.17750000               1.0000482997719808              1.0000000000000007              0.5999999999998780              0.8999999999993670              1.6666666666670000              1.6666666666670000
       0.18250000               1.0000352291194152              0.9999999999999989              0.5999999999998806              0.8999999999993710              1.6666666666670000              1.6666666666670000
       0.18750000               1.0000255731220531              0.9999999999999998              0.5999999999998794              0.8999999999993690              1.6666666666670000              1.6666666666670000
       0.19250000               1.0000184754511225              0.9999999999999989              0.5999999999998802              0.8999999999993703              1.6666666666670000              1.6666666666670000
       0.19750000               1.0000132843302643              0.9999999999999993              0.5999999999998793              0.8999999999993689              1.6666666666670000              1.6666666666670000
       0.20250000               1.0000095065178884              0.9999999999999989              0.5999999999998800              0.8999999999993700              1.6666666666670000              1.6666666666670000
       0.20750000               1.0000067708665286              0.9999999999999991              0.5999999999998801              0.8999999999993701              1.6666666666670000              1.6666666666670000
       0.21250000               1.0000047996730625              1.0000000000000007              0.5999999999998785              0.8999999999993678              1.6666666666670000              1.6666666666670000
       0.21750000               1.0000033863127944              1.0000000000000002              0.5999999999998786              0.8999999999993681              1.6666666666670000              1.6666666666670000
       0.22250000               1.0000023778997502              0.9999999999999982              0.5999999999998807              0.8999999999993710              1.6666666666670000              1.6666666666670000
       0.22750000               1.0000016619341456              0.9999999999999980              0.5999999999998811              0.8999999999993716              1.6666666666670000              1.6666666666670000
       0.23250000               1.0000011560873987              1.0000000000000011              0.5999999999998779              0.8999999999993669              1.6666666666670000              1.6666666666670000
       0.23750000               1.0000008004374756              0.9999999999999991              0.5999999999998809              0.8999999999993712              1.6666666666670000              1.6666666666670000
       0.24250000               1.0000005516046200              0.9999999999999989              0.5999999999998803              0.8999999999993703              1.6666666666670000              1.6666666666670000
       0.24750000               1.0000003783515079              1.0000000000000009              0.5999999999998791              0.8999999999993686              1.6666666666670000              1.6666666666670000
       0.25250000               1.0000002583038963              0.9999999999999967              0.5999999999998836              0.8999999999993754              1.6666666666670000              1.6666666666670000
       0.25750000               1.0000001755218419              0.9999999999999960              0.5999999999998826              0.8999999999993740              1.6666666666670000              1.6666666666670000
       0.26250000               1.0000001187109919              0.9999999999999987              0.5999999999998803              0.8999999999993705              1.6666666666670000              1.6666666666670000
       0.26750000               1.0000000799116542              1.0000000000000018              0.5999999999998772              0.8999999999993658              1.6666666666670000              1.6666666666670000
       0.27250000               1.0000000535429963              0.9999999999999993              0.5999999999998797              0.8999999999993695              1.6666666666670000              1.6666666666670000
       0.27750000               1.0000000357107026              0.9999999999999982              0.5999999999998797              0.8999999999993696              1.6666666666670000              1.6666666666670000
       0.28250000               1.0000000237097635              0.9999999999999989              0.5999999999998800              0.8999999999993700              1.6666666666670000              1.6666666666670000
       0.28750000               1.0000000156705366              0.9999999999999998              0.5999999999998795              0.8999999999993692              1.6666666666670000              1.6666666666670000
       0.29250000               1.0000000103084041              1.0000000000000020              0.5999999999998774              0.8999999999993661              1.6666666666670000              1.6666666666670000
       0.29750000               1.0000000067468557              1.0000000000000000              0.5999999999998783              0.8999999999993674              1.6666666666670000              1.6666666666670000
       0.30250000               1.0000000043920407              0.9999999999999998              0.5999999999998790              0.8999999999993683              1.6666666666670000              1.6666666666670000
       0.30750000               1.0000000028437646              0.9999999999999980              0.5999999999998807              0.8999999999993712              1.6666666666670000              1.6666666666670000
       0.31250000               1.0000000018328428              1.0000000000000004              0.5999999999998781              0.8999999999993671              1.6666666666670000              1.6666666666670000
       0.31750000               1.0000000011779393              0.9999999999999976              0.5999999999998817              0.8999999999993727              1.6666666666670000              1.6666666666670000
       0.32250000               1.0000000007566312              1.0000000000000009              0.5999999999998789              0.8999999999993682              1.6666666666670000              1.6666666666670000
       0.32750000               1.0000000004865290              1.0000000000000011              0.5999999999998779              0.8999999999993669              1.6666666666670000              1.6666666666670000
       0.33250000               1.0000000003128395              1.0000000000000013              0.5999999999998781              0.8999999999993671              1.6666666666670000              1.6666666666670000
       0.33750000               1.0000000001999363              0.9999999999999971              0.5999999999998827              0.8999999999993741              1.6666666666670000              1.6666666666670000
       0.34250000               1.0000000001253724              1.0000000000000009              0.5999999999998787              0.8999999999993681              1.6666666666670000              1.6666666666670000
       0.34750000               1.0000000000756795              0.9999999999999978              0.5999999999998821              0.8999999999993731              1.6666666666670000              1.6666666666670000
       0.35250000               1.0000000000433038              0.9999999999999993              0.5999999999998806              0.8999999999993707              1.6666666666670000              1.6666666666670000
       0.35750000               1.0000000000245328              1.0000000000000004              0.5999999999998792              0.8999999999993686              1.6666666666670000              1.6666666666670000
       0.36250000               1.0000000000179425              0.9999999999999998              0.5999999999998801              0.8999999999993702              1.6666666666670000              1.6666666666670000
       0.36750000               1.0000000000233429              1.0000000000000000              0.5999999999998794              0.8999999999993692              1.6666666666670000              1.6666666666670000
       0.37250000               1.0000000000413907              1.0000000000000020              0.5999999999998777              0.8999999999993665              1.6666666666670000              1.6666666666670000
       0.37750000               1.0000000000740421              0.9999999999999976              0.5999999999998816              0.8999999999993724              1.6666666666670000              1.6666666666670000
       0.38250000               1.0000000001255345              1.0000000000000004              0.5999999999998794              0.8999999999993692              1.6666666666670000              1.6666666666670000
       0.38750000               1.0000000002038889              0.9999999999999989              0.5999999999998801              0.8999999999993700              1.6666666666670000              1.6666666666670000
       0.39250000               1.0000000003229605              0.9999999999999991              0.5999999999998810              0.8999999999993714              1.6666666666670000              1.6666666666670000
       0.39750000               1.0000000005054839              0.9999999999999998              0.5999999999998800              0.8999999999993701              1.6666666666670000              1.6666666666670000
       0.40250000               1.0000000007875220              0.9999999999999987              0.5999999999998812              0.8999999999993717              1.6666666666670000              1.6666666666670000
       0.40750000               1.0000000012249657              0.9999999999999976              0.5999999999998824              0.8999999999993736              1.6666666666670000              1.6666666666670000
       0.41250000               1.0000000019030233              0.9999999999999962              0.5999999999998841              0.8999999999993761              1.6666666666670000              1.6666666666670000
       0.41750000               1.0000000029500777              0.9999999999999987              0.5999999999998815              0.8999999999993723              1.6666666666670000              1.6666666666670000
       0.42250000               1.0000000045580775              0.9999999999999967              0.5999999999998838              0.8999999999993757              1.6666666666670000              1.6666666666670000
       0.42750000               1.0000000070125770              0.9999999999999987              0.5999999999998816              0.8999999999993723              1.6666666666670000              1.6666666666670000
       0.43250000               1.0000000107370499              0.9999999999999982              0.5999999999998828              0.8999999999993742              1.6666666666670000              1.6666666666670000
       0.43750000               1.0000000163575409              1.0000000000000013              0.5999999999998790              0.8999999999993685              1.6666666666670000              1.6666666666670000
       0.44250000               1.0000000247962106              0.9999999999999996              0.5999999999998806              0.8999999999993710              1.6666666666670000              1.6666666666670000
       0.44750000               1.0000000374050921              0.9999999999999996              0.5999999999998803              0.8999999999993703              1.6666666666670000              1.6666666666670000
       0.45250000               1.0000000561559896              0.9999999999999996              0.5999999999998811              0.8999999999993715              1.6666666666670000              1.6666666666670000
       0.45750000               1.0000000839083045              0.9999999999999993              0.5999999999998805              0.8999999999993707              1.6666666666670000              1.6666666666670000
       0.46250000               1.0000001247851615              0.9999999999999984              0.5999999999998816              0.8999999999993723              1.6666666666670000              1.6666666666670000
       0.46750000               1.0000001846992752              1.0000000000000004              0.5999999999998801              0.8999999999993701              1.6666666666670000              1.6666666666670000
       0.47250000               1.0000002720845962              0.9999999999999982              0.5999999999998821              0.8999999999993731              1.6666666666670000              1.6666666666670000
       0.47750000               1.0000003989082584              1.0000000000000004              0.5999999999998799              0.8999999999993697              1.6666666666670000              1.6666666666670000
       0.48250000               1.0000005820615077              1.0000000000000007              0.5999999999998791              0.8999999999993685              1.6666666666670000              1.6666666666670000
       0.48750000               1.0000008452589482              1.0000000000000007              0.5999999999998799              0.8999999999993697              1.6666666666670000              1.6666666666670000
       0.49250000               1.0000012216154848              1.0000000000000004              0.5999999999998793              0.8999999999993689              1.6666666666670000              1.6666666666670000
       0.49750000               1.0000017571210327              0.9999999999999991              0.5999999999998809              0.8999999999993713              1.6666666666670000              1.6666666666670000
       0.50250000               1.0000025152968555              1.0000000000000024              0.5999999999998779              0.8999999999993668              1.6666666666670000              1.6666666666670000
       0.50750000               1.0000035833965630              1.0000000000000022              0.5999999999998779              0.8999999999993669              1.6666666666670000              1.6666666666670000
       0.51250000               1.0000050806114851              0.9999999999999989              0.5999999999998814              0.8999999999993721              1.6666666666670000              1.6666666666670000
       0.51750000               1.0000071688576324              0.9999999999999989              0.5999999999998815              0.8999999999993722              1.6666666666670000              1.6666666666670000
       0.52250000               1.0000100668622727              0.9999999999999991              0.5999999999998810              0.8999999999993715              1.6666666666670000              1.6666666666670000
       0.52750000               1.0000140684353598              0.9999999999999991              0.5999999999998806              0.8999999999993709              1.6666666666670000              1.6666666666670000
       0.53250000               1.0000195660070188              0.9999999999999989              0.5999999999998811              0.8999999999993716              1.6666666666670000              1.6666666666670000
       0.53750000               1.0000270807381821              0.9999999999999989              0.5999999999998817              0.8999999999993726              1.6666666666670000              1.6666666666670000
       0.54250000               1.0000373007673293              1.0000000000000002              0.5999999999998802              0.8999999999993703              1.6666666666670000              1.6666666666670000
       0.54750000               1.0000511294404495              0.9999999999999989              0.5999999999998816              0.8999999999993724              1.6666666666670000              1.6666666666670000
       0.55250000               1.0000697456796988              0.9999999999999993              0.5999999999998811              0.8999999999993715              1.6666666666670000              1.6666666666670000
       0.55750000               1.0000946789726304              1.0000000000000002              0.5999999999998801              0.8999999999993700              1.6666666666670000              1.6666666666670000
       0.56250000               1.0001279017978857              0.9999999999999980              0.5999999999998824              0.8999999999993735              1.6666666666670000              1.6666666666670000
       0.56750000               1.0001719426303006              1.0000000000000002              0.5999999999998793              0.8999999999993690              1.6666666666670000              1.6666666666670000
       0.57250000               1.0002300229675851              0.9999999999999991              0.5999999999998810              0.8999999999993714              1.6666666666670000              1.6666666666670000
       0.57750000               1.0003062220652046              0.9999999999999996              0.5999999999998801              0.8999999999993702              1.6666666666670000              1.6666666666670000
       0.58250000               1.0004056732248572              0.9999999999999989              0.5999999999998811              0.8999999999993716              1.6666666666670000              1.6666666666670000
       0.58750000               1.0005347955173272              0.9999999999999996              0.5999999999998796              0.8999999999993695              1.6666666666670000              1.6666666666670000
       0.59250000               1.0007015646902147              0.9999999999999980              0.5999999999998813              0.8999999999993719              1.6666666666670000              1.6666666666670000
       0.59750000               1.0009158266633071              1.0000000000000004              0.5999999999998796              0.8999999999993693              1.6666666666670000              1.6666666666670000
       0.60250000               1.0011896563928184              1.0000000000000000              0.5999999999998805              0.8999999999993706              1.6666666666670000              1.6666666666670000
       0.60750000               1.0015377639324841              1.0000000000000004              0.5999999999998800              0.8999999999993699              1.6666666666670000              1.6666666666670000
       0.61250000               1.0019779481844220              0.9999999999999987              0.5999999999998817              0.8999999999993725              1.6666666666670000              1.6666666666670000
       0.61750000               1.0025315970727309              0.9999999999999993              0.5999999999998805              0.8999999999993707              1.6666666666670000              1.6666666666670000
       0.62250000               1.0032242306521419              0.9999999999999991              0.5999999999998811              0.8999999999993716              1.6666666666670000              1.6666666666670000
       0.62750000               1.0040860809503096              0.9999999999999989              0.5999999999998811              0.8999999999993715              1.6666666666670000              1.6666666666670000
       0.63250000               1.0051526991187476              0.9999999999999998              0.5999999999998800              0.8999999999993700              1.6666666666670000              1.6666666666670000
       0.63750000               1.0064655767518751              0.9999999999999973              0.5999999999998824              0.8999999999993735              1.6666666666670000              1.6666666666670000
       0.64250000               1.0080727640984501              1.0000000000000000              0.5999999999998795              0.8999999999993693              1.6666666666670000              1.6666666666670000
       0.64750000               1.0100294634591895              0.9999999999999984              0.5999999999998809              0.8999999999993713              1.6666666666670000              1.6666666666670000
       0.65250000               1.0123985714923560              0.9999999999999998              0.5999999999998800              0.8999999999993699              1.6666666666670000              1.6666666666670000
       0.65750000               1.0152511395985422              0.9999999999999978              0.5999999999998816              0.8999999999993724              1.6666666666670000              1.6666666666670000
       0.66250000               1.0186667172063155              0.9999999999999998              0.5999999999998800              0.8999999999993699              1.6666666666670000              1.6666666666670000
       0.66750000               1.0227335388766832              0.9999999999999982              0.5999999999998813              0.8999999999993719              1.6666666666670000              1.6666666666670000
       0.67250000               1.0275485130374680              0.9999999999999991              0.5999999999998805              0.8999999999993709              1.6666666666670000              1.6666666666670000
       0.67750000               1.0332169682946033              0.9999999999999991              0.5999999999998810              0.8999999999993714              1.6666666666670000              1.6666666666670000
       0.68250000               1.0398521130897087              0.9999999999999998              0.5999999999998801              0.8999999999993701              1.6666666666670000              1.6666666666670000
       0.68750000               1.0475741663035449              0.9999999999999988              0.5999999999998806              0.8999999999993710              1.6666666666670000              1.6666666666670000
       0.69250000               1.0565091203885912              0.9999999999999996              0.5999999999998796              0.8999999999993695              1.6666666666670000              1.6666666666670000
       0.69750000               1.0667871048088595              1.0000000000000002              0.5999999999998794              0.8999999999993691              1.6666666666670000              1.6666666666670000
       0.70250000               1.0785403261132345              0.9999999999999993              0.5999999999998797              0.8999999999993695              1.6666666666670000              1.6666666666670000
       0.70750000               1.0919005721985509              1.0000000000000007              0.5999999999998792              0.8999999999993686              1.6666666666670000              1.6666666666670000
       0.71250000               1.1069962826150350              1.0000000000000011              0.5999999999998789              0.8999999999993683              1.6666666666670000              1.6666666666670000
       0.71750000               1.1239492042127821              1.0000000000000007              0.5999999999998789              0.8999999999993682              1.6666666666670000              1.6666666666670000
       0.72250000               1.1428706714344070              1.0000000000000016              0.5999999999998773              0.8999999999993660              1.6666666666670000              1.6666666666670000
       0.72750000               1.1638575718060746              1.0000000000000020              0.5999999999998775              0.8999999999993663              1.6666666666670000              1.6666666666670000
       0.73250000               1.1869880780465669              1.0000000000000004              0.5999999999998793              0.8999999999993690              1.6666666666670000              1.6666666666670000
       0.73750000               1.2123172475271833              1.0000000000000004              0.5999999999998792              0.8999999999993687              1.6666666666670000              1.6666666666670000
       0.74250000               1.2398726074014141              0.9999999999999998              0.5999999999998799              0.8999999999993697              1.6666666666670000              1.6666666666670000
       0.74750000               1.2696498602526469              0.9999999999999998              0.5999999999998796              0.8999999999993693              1.6666666666670000              1.6666666666670000
       0.75250000               1.3016088610846690              1.0000000000000000              0.5999999999998796              0.8999999999993693              1.6666666666670000              1.6666666666670000
       0.75750000               1.3356700308889335              1.0000000000000002              0.5999999999998790              0.8999999999993683              1.6666666666670000              1.6666666666670000
       0.76250000               1.3717113815994202              1.0000000000000007              0.5999999999998783              0.8999999999993674              1.6666666666670000              1.6666666666670000
       0.76750000               1.4095663271999788              1.0000000000000007              0.5999999999998789              0.8999999999993683              1.6666666666670000              1.6666666666670000
       0.77250000               1.4490224420091442              0.9999999999999993              0.5999999999998802              0.8999999999993703              1.6666666666670000              1.6666666666670000
       0.77750000               1.4898212991334414              0.9999999999999990              0.5999999999998804              0.8999999999993706              1.6666666666670000              1.6666666666670000
       0.78250000               1.5316594841937474              0.9999999999999997              0.5999999999998794              0.8999999999993691              1.6666666666670000              1.6666666666670000
       0.78750000               1.5741908401317872              0.9999999999999990              0.5999999999998806              0.8999999999993710              1.6666666666670000              1.6666666666670000
       0.79250000               1.6170299668196861              0.9999999999999989              0.5999999999998809              0.8999999999993712              1.6666666666670000              1.6666666666670000
       0.79750000               1.6597569780781496              0.9999999999999982              0.5999999999998817              0.8999999999993725              1.6666666666670000              1.6666666666670000
       0.80250000               1.7019235038518292              0.9999999999999990              0.5999999999998805              0.8999999999993709              1.6666666666670000              1.6666666666670000
       0.80750000               1.7430599039313091              0.9999999999999983              0.5999999999998810              0.8999999999993714              1.6666666666670000              1.6666666666670000
       0.81250000               1.7826836161355386              0.9999999999999988              0.5999999999998804              0.8999999999993705              1.6666666666670000              1.6666666666670000
       0.81750000               1.8203084861164003              0.9999999999999990              0.5999999999998805              0.8999999999993706              1.6666666666670000              1.6666666666670000
       0.82250000               1.8554548208608648              0.9999999999999996              0.5999999999998797              0.8999999999993695              1.6666666666670000              1.6666666666670000
       0.82750000               1.8876597925665159              0.9999999999999999              0.5999999999998796              0.8999999999993694              1.6666666666670000              1.6666666666670000
       0.83250000               1.9164877250813310              1.0000000000000007              0.5999999999998792              0.8999999999993687              1.6666666666670000              1.6666666666670000
       0.83750000               1.9415397555919927              1.0000000000000018              0.5999999999998773              0.8999999999993659              1.6666666666670000              1.6666666666670000
       0.84250000               1.9624624068593524              1.0000000000000016              0.5999999999998774              0.8999999999993661              1.6666666666670000              1.6666666666670000
       0.84750000               1.9789547487242314              1.0000000000000013              0.5999999999998786              0.8999999999993680              1.6666666666670000              1.6666666666670000
       0.85250000               1.9907741023810104              1.0000000000000007              0.5999999999998781              0.8999999999993671              1.6666666666670000              1.6666666666670000
       0.85750000               1.9977407693453988              0.9999999999999999              0.5999999999998796              0.8999999999993695              1.6666666666670000              1.6666666666670000
       0.86250000               1.9997433876440305              0.9999999999999991              0.5999999999998810              0.8999999999993714              1.6666666666670000              1.6666666666670000
       0.86750000               1.9967474838737733              0.9999999999999986              0.5999999999998819              0.8999999999993727              1.6666666666670000              1.6666666666670000
       0.87250000               1.9888016785487390              0.9999999999999987              0.5999999999998821              0.8999999999993731              1.6666666666670000              1.6666666666670000
       0.87750000               1.9760310831849885              0.9999999999999986              0.5999999999998813              0.8999999999993720              1.6666666666670000              1.6666666666670000
       0.88250000               1.9586291228857127              0.9999999999999988              0.5999999999998819              0.8999999999993727              1.6666666666670000              1.6666666666670000
       0.88750000               1.9368517619885912              0.9999999999999998              0.5999999999998804              0.8999999999993706              1.6666666666670000              1.6666666666670000
       0.89250000               1.9110120939298791              0.9999999999999993              0.5999999999998803              0.8999999999993704              1.6666666666670000              1.6666666666670000
       0.89750000               1.8814740385590727              0.9999999999999996              0.5999999999998802              0.8999999999993702              1.6666666666670000              1.6666666666670000
       0.90250000               1.8486447893860225              1.0000000000000007              0.5999999999998791              0.8999999999993685              1.6666666666670000              1.6666666666670000
       0.90750000               1.8129660609424669              1.0000000000000002              0.5999999999998800              0.8999999999993700              1.6666666666670000              1.6666666666670000
       0.91250000               1.7749044302922830              1.0000000000000007              0.5999999999998792              0.8999999999993689              1.6666666666670000              1.6666666666670000
       0.91750000               1.7349411844407028              1.0000000000000004              0.5999999999998790              0.8999999999993685              1.6666666666670000              1.6666666666670000
       0.92250000               1.6935621165892152              0.9999999999999988              0.5999999999998816              0.8999999999993724              1.6666666666670000              1.6666666666670000
       0.92750000               1.6512476822343127              0.9999999999999994              0.5999999999998812              0.8999999999993717              1.6666666666670000              1.6666666666670000
       0.93250000               1.6084638553052835              0.9999999999999992              0.5999999999998810              0.8999999999993713              1.6666666666670000              1.6666666666670000
       0.93750000               1.5656539390477890              0.9999999999999984              0.5999999999998826              0.8999999999993739              1.6666666666670000              1.6666666666670000
       0.94250000               1.5232315045001121              0.9999999999999977              0.5999999999998838              0.8999999999993757              1.6666666666670000              1.6666666666670000
       0.94750000               1.4815745614645035              0.9999999999999973              0.5999999999998831              0.8999999999993745              1.6666666666670000              1.6666666666670000
       0.95250000               1.4410210148776768              0.9999999999999972              0.5999999999998832              0.8999999999993746              1.6666666666670000              1.6666666666670000
       0.95750000               1.4018654198394820              0.9999999999999982              0.5999999999998826              0.8999999999993739              1.6666666666670000              1.6666666666670000
       0.96250000               1.3643570156186688              0.9999999999999989              0.5999999999998814              0.8999999999993721              1.6666666666670000              1.6666666666670000
       0.96750000               1.3286989881395075              0.9999999999999984              0.5999999999998815              0.8999999999993722              1.6666666666670000              1.6666666666670000
       0.97250000               1.2950488799086242              0.9999999999999993              0.5999999999998810              0.8999999999993713              1.6666666666670000              1.6666666666670000
       0.97750000               1.2635200369651165              0.9999999999999990              0.5999999999998814              0.8999999999993722              1.6666666666670000              1.6666666666670000
       0.98250000               1.2341839567724009              0.9999999999999977              0.5999999999998830              0.8999999999993743              1.6666666666670000              1.6666666666670000
       0.98750000               1.2070733817502977              0.9999999999999981              0.5999999999998820              0.8999999999993729              1.6666666666670000              1.6666666666670000
       0.99250000               1.1821859721627503              1.0000000000000004              0.5999999999998800              0.8999999999993701              1.6666666666670000              1.6666666666670000
       0.99750000               1.1594883897148414              1.0000000000000007              0.5999999999998793              0.8999999999993690              1.6666666666670000              1.6666666666670000
