       0.00250000               1.0000000000941900              0.9999999999999998              0.5999999999998802              0.8999999999993702              1.6666666666670000              1.6666666666670000
       0.00750000               1.0000000000585676              0.9999999999999998              0.5999999999998804              0.8999999999993705              1.6666666666670000              1.6666666666670000
       0.01250000               1.0000000000351381              0.9999999999999993              0.5999999999998806              0.8999999999993709              1.6666666666670000              1.6666666666670000
       0.01750000               1.0000000000210321              0.9999999999999998              0.5999999999998801              0.8999999999993702              1.6666666666670000              1.6666666666670000
       0.02250000               1.0000000000172025              1.0000000000000000              0.5999999999998795              0.8999999999993692              1.6666666666670000              1.6666666666670000
       0.02750000               1.0000000000235605              1.0000000000000002              0.5999999999998794              0.8999999999993692              1.6666666666670000              1.6666666666670000
       0.03250000               1.0000000000388964              1.0000000000000011              0.5999999999998797              0.8999999999993695              1.6666666666670000              1.6666666666670000
       0.03750000               1.0000000000640741              1.0000000000000000              0.5999999999998802              0.8999999999993702              1.6666666666670000              1.6666666666670000
       0.04250000               1.0000000001037208              1.0000000000000007              0.5999999999998793              0.8999999999993690              1.6666666666670000              1.6666666666670000
       0.04750000               1.0000000001668288              0.9999999999999998              0.5999999999998804              0.8999999999993706              1.6666666666670000              1.6666666666670000
       0.05250000               1.0000000002673795              0.9999999999999991              0.5999999999998800              0.8999999999993700              1.6666666666670000              1.6666666666670000
       0.05750000               1.0000000004265648              0.9999999999999998              0.5999999999998799              0.8999999999993699              1.6666666666670000              1.6666666666670000
       0.06250000               1.0000000006770564              1.0000000000000002              0.5999999999998800              0.8999999999993699              1.6666666666670000              1.6666666666670000
       0.06750000               1.0000000010692356              1.0000000000000004              0.5999999999998793              0.8999999999993690              1.6666666666670000              1.6666666666670000
       0.07250000               1.0000000016801791              0.9999999999999993              0.5999999999998805              0.8999999999993706              1.6666666666670000              1.6666666666670000
       0.07750000               1.0000000026270510              1.0000000000000002              0.5999999999998797              0.8999999999993695              1.6666666666670000              1.6666666666670000
       0.08250000               1.0000000040870549              0.9999999999999998              0.5999999999998803              0.8999999999993705              1.6666666666670000              1.6666666666670000
       0.08750000               1.0000000063267565              0.9999999999999998              0.5999999999998804              0.8999999999993706              1.6666666666670000              1.6666666666670000
       0.09250000               1.0000000097449810              1.0000000000000000              0.5999999999998799              0.8999999999993699              1.6666666666670000              1.6666666666670000
       0.09750000               1.0000000149351673              1.0000000000000004              0.5999999999998799              0.8999999999993697              1.6666666666670000              1.6666666666670000
       0.10250000               1.0000000227755217              1.0000000000000000              0.5999999999998800              0.8999999999993701              1.6666666666670000              1.6666666666670000
       0.10750000               1.0000000345585642              0.9999999999999991              0.5999999999998806              0.8999999999993710              1.6666666666670000              1.6666666666670000
       0.11250000               1.0000000521761638              1.0000000000000002              0.5999999999998797              0.8999999999993695              1.6666666666670000              1.6666666666670000
       0.11750000               1.0000000783822491              0.9999999999999993              0.5999999999998803              0.8999999999993704              1.6666666666670000              1.6666666666670000
       0.12250000               1.0000001171635178              1.0000000000000007              0.5999999999998799              0.8999999999993699              1.6666666666670000              1.6666666666670000
       0.12750000               1.0000001742593871              1.0000000000000004              0.5999999999998796              0.8999999999993694              1.6666666666670000              1.6666666666670000
       0.13250000               1.0000002578867597              0.9999999999999998              0.5999999999998800              0.8999999999993699              1.6666666666670000              1.6666666666670000
       0.13750000               1.0000003797440564              1.0000000000000002              0.5999999999998797              0.8999999999993696              1.6666666666670000              1.6666666666670000
       0.14250000               1.0000005563934260              1.0000000000000000              0.5999999999998797              0.8999999999993695              1.6666666666670000              1.6666666666670000
       0.14750000               1.0000008111516392              1.0000000000000000              0.5999999999998796              0.8999999999993693              1.6666666666670000              1.6666666666670000
       0.15250000               1.0000011766604440              0.9999999999999998              0.5999999999998802              0.8999999999993703              1.6666666666670000              1.6666666666670000
       0.15750000               1.0000016983581856              1.0000000000000004              0.5999999999998799              0.8999999999993697              1.6666666666670000              1.6666666666670000
       0.16250000               1.0000024391383906              0.9999999999999998              0.5999999999998797              0.8999999999993696              1.6666666666670000              1.6666666666670000
       0.16750000               1.0000034855602955              0.9999999999999998              0.5999999999998802              0.8999999999993702              1.6666666666670000              1.6666666666670000
       0.17250000               1.0000049560736184              1.0000000000000002              0.5999999999998793              0.8999999999993690              1.6666666666670000              1.6666666666670000
       0.17750000               1.0000070118380135              0.9999999999999998              0.5999999999998799              0.8999999999993699              1.6666666666670000              1.6666666666670000
       0.18250000               1.0000098708593075              1.0000000000000002              0.5999999999998797              0.8999999999993696              1.6666666666670000              1.6666666666670000
       0.18750000               1.0000138263324592              0.9999999999999998              0.5999999999998799              0.8999999999993699              1.6666666666670000              1.6666666666670000
       0.19250000               1.0000192702770965              0.9999999999999993              0.5999999999998804              0.8999999999993705              1.6666666666670000              1.6666666666670000
       0.19750000               1.0000267237769542              1.0000000000000000              0.5999999999998795              0.8999999999993694              1.6666666666670000              1.6666666666670000
       0.20250000               1.0000368753894162              1.0000000000000002              0.5999999999998801              0.8999999999993702              1.6666666666670000              1.6666666666670000
       0.20750000               1.0000506295740892              0.9999999999999998              0.5999999999998800              0.8999999999993700              1.6666666666670000              1.6666666666670000
       0.21250000               1.0000691672959707              0.9999999999999993              0.5999999999998803              0.8999999999993704              1.6666666666670000              1.6666666666670000
       0.21750000               1.0000940212822205              1.0000000000000000              0.5999999999998802              0.8999999999993703              1.6666666666670000              1.6666666666670000
       0.22250000               1.0001271687413629              0.9999999999999998              0.5999999999998802              0.8999999999993703              1.6666666666670000              1.6666666666670000
       0.22750000               1.0001711446749231              0.9999999999999998              0.5999999999998799              0.8999999999993697              1.6666666666670000              1.6666666666670000
       0.23250000               1.0002291792039528              0.9999999999999996              0.5999999999998801              0.8999999999993701              1.6666666666670000              1.6666666666670000
       0.23750000               1.0003053625710334              1.0000000000000000              0.5999999999998797              0.8999999999993696              1.6666666666670000              1.6666666666670000
       0.24250000               1.0004048416304756              0.9999999999999998              0.5999999999998796              0.8999999999993693              1.6666666666670000              1.6666666666670000
       0.24750000               1.0005340516677015              0.9999999999999998              0.5999999999998795              0.8999999999993692              1.6666666666670000              1.6666666666670000
       0.25250000               1.0007009872495487              1.0000000000000002              0.5999999999998805              0.8999999999993707              1.6666666666670000              1.6666666666670000
       0.25750000               1.0009155154516463              1.0000000000000000              0.5999999999998799              0.8999999999993697              1.6666666666670000              1.6666666666670000
       0.26250000               1.0011897341845477              1.0000000000000002              0.5999999999998800              0.8999999999993699              1.6666666666670000              1.6666666666670000
       0.26750000               1.0015383773928079              1.0000000000000002              0.5999999999998802              0.8999999999993703              1.6666666666670000              1.6666666666670000
       0.27250000               1.0019792675776227              1.0000000000000000              0.5999999999998794              0.8999999999993691              1.6666666666670000              1.6666666666670000
       0.27750000               1.0025338143461342              1.0000000000000002              0.5999999999998794              0.8999999999993691              1.6666666666670000              1.6666666666670000
       0.28250000               1.0032275554802705              0.9999999999999996              0.5999999999998803              0.8999999999993704              1.6666666666670000              1.6666666666670000
       0.28750000               1.0040907343213690              0.9999999999999998              0.5999999999998800              0.8999999999993699              1.6666666666670000              1.6666666666670000
       0.29250000               1.0051589040803168              0.9999999999999998              0.5999999999998801              0.8999999999993701              1.6666666666670000              1.6666666666670000
       0.29750000               1.0064735460298597              1.0000000000000000              0.5999999999998801              0.8999999999993700              1.6666666666670000              1.6666666666670000
       0.30250000               1.0080826844721686              1.0000000000000002              0.5999999999998799              0.8999999999993697              1.6666666666670000              1.6666666666670000
       0.30750000               1.0100414769948181              0.9999999999999996              0.5999999999998802              0.8999999999993702              1.6666666666670000              1.6666666666670000
       0.31250000               1.0124127539692320              1.0000000000000002              0.5999999999998800              0.8999999999993699              1.6666666666670000              1.6666666666670000
       0.31750000               1.0152674766899585              1.0000000000000002              0.5999999999998802              0.8999999999993703              1.6666666666670000              1.6666666666670000
       0.32250000               1.0186850792296760              1.0000000000000004              0.5999999999998796              0.8999999999993694              1.6666666666670000              1.6666666666670000
       0.32750000               1.0227536552661283              0.9999999999999998              0.5999999999998800              0.8999999999993700              1.6666666666670000              1.6666666666670000
       0.33250000               1.0275699481336362              1.0000000000000011              0.5999999999998787              0.8999999999993680              1.6666666666670000              1.6666666666670000
       0.33750000               1.0332391005016361              0.9999999999999996              0.5999999999998802              0.8999999999993703              1.6666666666670000              1.6666666666670000
       0.34250000               1.0398741197381873              0.9999999999999996              0.5999999999998801              0.8999999999993701              1.6666666666670000              1.6666666666670000
       0.34750000               1.0475950165256704              0.9999999999999998              0.5999999999998803              0.8999999999993704              1.6666666666670000              1.6666666666670000
       0.35250000               1.0565275779808383              1.0000000000000007              0.5999999999998793              0.8999999999993689              1.6666666666670000              1.6666666666670000
       0.35750000               1.0668017426631609              0.9999999999999996              0.5999999999998806              0.8999999999993710              1.6666666666670000              1.6666666666670000
       0.36250000               1.0785495536270202              1.0000000000000007              0.5999999999998799              0.8999999999993696              1.6666666666670000              1.6666666666670000
       0.36750000               1.0919026771729963              0.9999999999999996              0.5999999999998799              0.8999999999993696              1.6666666666670000              1.6666666666670000
       0.37250000               1.1069894891382825              1.0000000000000002              0.5999999999998792              0.8999999999993687              1.6666666666670000              1.6666666666670000
       0.37750000               1.1239317472403858              0.9999999999999992              0.5999999999998813              0.8999999999993720              1.6666666666670000              1.6666666666670000
       0.38250000               1.1428408867858397              1.0000000000000007              0.5999999999998792              0.8999999999993686              1.6666666666670000              1.6666666666670000
       0.38750000               1.1638139974330397              0.9999999999999998              0.5999999999998803              0.8999999999993703              1.6666666666670000              1.6666666666670000
       0.39250000               1.1869295599344836              1.0000000000000007              0.5999999999998793              0.8999999999993689              1.6666666666670000              1.6666666666670000
       0.39750000               1.2122430429946993              1.0000000000000000              0.5999999999998802              0.8999999999993702              1.6666666666670000              1.6666666666670000
       0.40250000               1.2397824805429598              1.0000000000000000              0.5999999999998801              0.8999999999993702              1.6666666666670000              1.6666666666670000
       0.40750000               1.2695441677130830              1.0000000000000004              0.5999999999998799              0.8999999999993699              1.6666666666670000              1.6666666666670000
       0.41250000               1.3014886284751097              1.0000000000000000              0.5999999999998795              0.8999999999993693              1.6666666666670000              1.6666666666670000
       0.41750000               1.3355370180169441              0.9999999999999999              0.5999999999998797              0.8999999999993695              1.6666666666670000              1.6666666666670000
       0.42250000               1.3715681275537728              1.0000000000000000              0.5999999999998804              0.8999999999993705              1.6666666666670000              1.6666666666670000
       0.42750000               1.4094161573181609              1.0000000000000000              0.5999999999998800              0.8999999999993700              1.6666666666670000              1.6666666666670000
       0.43250000               1.4488694143923777              0.9999999999999997              0.5999999999998803              0.8999999999993704              1.6666666666670000              1.6666666666670000
       0.43750000               1.4896700752792760              1.0000000000000002              0.5999999999998800              0.8999999999993700              1.6666666666670000              1.6666666666670000
       0.44250000               1.5315151289661406              1.0000000000000000              0.5999999999998797              0.8999999999993695              1.6666666666670000              1.6666666666670000
       0.44750000               1.5740585840270207              1.0000000000000000              0.5999999999998801              0.8999999999993701              1.6666666666670000              1.6666666666670000
       0.45250000               1.6169149867428554              0.9999999999999998              0.5999999999998800              0.8999999999993700              1.6666666666670000              1.6666666666670000
       0.45750000               1.6596642496041891              0.9999999999999999              0.5999999999998799              0.8999999999993696              1.6666666666670000              1.6666666666670000
       0.46250000               1.7018577519468752              0.9999999999999996              0.5999999999998805              0.8999999999993709              1.6666666666670000              1.6666666666670000
       0.46750000               1.7430256044030541              1.0000000000000004              0.5999999999998799              0.8999999999993696              1.6666666666670000              1.6666666666670000
       0.47250000               1.7826849592680674              1.0000000000000002              0.5999999999998801              0.8999999999993700              1.6666666666670000              1.6666666666670000
       0.47750000               1.8203491399495071              1.0000000000000002              0.5999999999998800              0.8999999999993699              1.6666666666670000              1.6666666666670000
       0.48250000               1.8555373930810104              0.9999999999999999              0.5999999999998800              0.8999999999993700              1.6666666666670000              1.6666666666670000
       0.48750000               1.8877850059544818              0.9999999999999997              0.5999999999998802              0.8999999999993702              1.6666666666670000              1.6666666666670000
       0.49250000               1.9166533752638057              1.0000000000000000              0.5999999999998797              0.8999999999993696              1.6666666666670000              1.6666666666670000
       0.49750000               1.9417399911529487              1.0000000000000000              0.5999999999998799              0.8999999999993697              1.6666666666670000              1.6666666666670000
       0.50250000               1.9626877582383149              0.9999999999999999              0.5999999999998799              0.8999999999993699              1.6666666666670000              1.6666666666670000
       0.50750000               1.9791931678568726              1.0000000000000002              0.5999999999998804              0.8999999999993705              1.6666666666670000              1.6666666666670000
       0.51250000               1.9910140455512426              1.0000000000000000              0.5999999999998793              0.8999999999993689              1.6666666666670000              1.6666666666670000
       0.51750000               1.9979758137816772              1.0000000000000004              0.5999999999998797              0.8999999999993696              1.6666666666670000              1.6666666666670000
       0.52250000               1.9999743302636637              0.9999999999999996              0.5999999999998800              0.8999999999993699              1.6666666666670000              1.6666666666670000
       0.52750000               1.9969786298957453              1.0000000000000002              0.5999999999998795              0.8999999999993693              1.6666666666670000              1.6666666666670000
       0.53250000               1.9890341979408266              1.0000000000000002              0.5999999999998794              0.8999999999993691              1.6666666666670000              1.6666666666670000
       0.53750000               1.9762599349737455              1.0000000000000000              0.5999999999998797              0.8999999999993696              1.6666666666670000              1.6666666666670000
       0.54250000               1.9588446386952318              0.9999999999999999              0.5999999999998799              0.8999999999993697              1.6666666666670000              1.6666666666670000
       0.54750000               1.9370430738105127              1.0000000000000002              0.5999999999998806              0.8999999999993710              1.6666666666670000              1.6666666666670000
       0.55250000               1.9111699517200083              0.9999999999999999              0.5999999999998799              0.8999999999993697              1.6666666666670000              1.6666666666670000
       0.55750000               1.8815922378997314              0.9999999999999999              0.5999999999998802              0.8999999999993702              1.6666666666670000              1.6666666666670000
       0.56250000               1.8487204416029355              1.0000000000000002              0.5999999999998793              0.8999999999993690              1.6666666666670000              1.6666666666670000
       0.56750000               1.8129991678092841              1.0000000000000002              0.5999999999998804              0.8999999999993705              1.6666666666670000              1.6666666666670000
       0.57250000               1.7748971647057901              1.0000000000000002              0.5999999999998793              0.8999999999993689              1.6666666666670000              1.6666666666670000
       0.57750000               1.7348971668872692              1.0000000000000007              0.5999999999998796              0.8999999999993694              1.6666666666670000              1.6666666666670000
       0.58250000               1.6934858482533088              0.9999999999999999              0.5999999999998796              0.8999999999993695              1.6666666666670000              1.6666666666670000
       0.58750000               1.6511441742223683              0.9999999999999999              0.5999999999998801              0.8999999999993701              1.6666666666670000              1.6666666666670000
       0.59250000               1.6083384120129465              0.9999999999999998              0.5999999999998801              0.8999999999993700              1.6666666666670000              1.6666666666670000
       0.59750000               1.5655120223697914              1.0000000000000000              0.5999999999998797              0.8999999999993696              1.6666666666670000              1.6666666666670000
       0.60250000               1.5230786136759040              0.9999999999999997              0.5999999999998801              0.8999999999993702              1.6666666666670000              1.6666666666670000
       0.60750000               1.4814160920792228              1.0000000000000002              0.5999999999998797              0.8999999999993694              1.6666666666670000              1.6666666666670000
       0.61250000               1.4408620919720361              1.0000000000000002              0.5999999999998799              0.8999999999993697              1.6666666666670000              1.6666666666670000
       0.61750000               1.4017107221605174              1.0000000000000000              0.5999999999998797              0.8999999999993696              1.6666666666670000              1.6666666666670000
       0.62250000               1.3642106163674292              1.0000000000000002              0.5999999999998801              0.8999999999993702              1.6666666666670000              1.6666666666670000
       0.62750000               1.3285642341502080              0.9999999999999998              0.5999999999998803              0.8999999999993704              1.6666666666670000              1.6666666666670000
       0.63250000               1.2949283213810161              0.9999999999999994              0.5999999999998803              0.8999999999993704              1.6666666666670000              1.6666666666670000
       0.63750000               1.2634154092160748              1.0000000000000002              0.5999999999998794              0.8999999999993692              1.6666666666670000              1.6666666666670000
       0.64250000               1.2340962076553283              1.0000000000000002              0.5999999999998805              0.8999999999993707              1.6666666666670000              1.6666666666670000
       0.64750000               1.2070027346257106              1.0000000000000000              0.5999999999998797              0.8999999999993695              1.6666666666670000              1.6666666666670000
       0.65250000               1.1821320138909897              1.0000000000000000              0.5999999999998796              0.8999999999993694              1.6666666666670000              1.6666666666670000
       0.65750000               1.1594501745350068              0.9999999999999997              0.5999999999998799              0.8999999999993697              1.6666666666670000              1.6666666666670000
       0.66250000               1.1388967905379963              0.9999999999999992              0.5999999999998804              0.8999999999993705              1.6666666666670000              1.6666666666670000
       0.66750000               1.1203893101085962              1.0000000000000002              0.5999999999998797              0.8999999999993696              1.6666666666670000              1.6666666666670000
       0.67250000               1.1038274398485024              0.9999999999999998              0.5999999999998802              0.8999999999993704              1.6666666666670000              1.6666666666670000
       0.67750000               1.0890973673464557              1.0000000000000000              0.5999999999998797              0.8999999999993695              1.6666666666670000              1.6666666666670000
       0.68250000               1.0760757262578375              1.0000000000000000              0.5999999999998796              0.8999999999993694              1.6666666666670000              1.6666666666670000
       0.68750000               1.0646332292197227              0.9999999999999998              0.5999999999998800              0.8999999999993699              1.6666666666670000              1.6666666666670000
       0.69250000               1.0546379150814758              1.0000000000000000              0.5999999999998796              0.8999999999993694              1.6666666666670000              1.6666666666670000
       0.69750000               1.0459579770443703              1.0000000000000002              0.5999999999998797              0.8999999999993695              1.6666666666670000              1.6666666666670000
       0.70250000               1.0384641567143880              0.9999999999999998              0.5999999999998801              0.8999999999993700              1.6666666666670000              1.6666666666670000
       0.70750000               1.0320317052722785              1.0000000000000002              0.5999999999998799              0.8999999999993696              1.6666666666670000              1.6666666666670000
       0.71250000               1.0265419266233531              0.9999999999999998              0.5999999999998803              0.8999999999993704              1.6666666666670000              1.6666666666670000
       0.71750000               1.0218833283425006              0.9999999999999991              0.5999999999998805              0.8999999999993709              1.6666666666670000              1.6666666666670000
       0.72250000               1.0179524144629575              1.0000000000000007              0.5999999999998794              0.8999999999993691              1.6666666666670000              1.6666666666670000
       0.72750000               1.0146541597814944              0.9999999999999996              0.5999999999998799              0.8999999999993697              1.6666666666670000              1.6666666666670000
       0.73250000               1.0119022085789688              1.0000000000000002              0.5999999999998801              0.8999999999993702              1.6666666666670000              1.6666666666670000
       0.73750000               1.0096188417668601              0.9999999999999998              0.5999999999998800              0.8999999999993699              1.6666666666670000              1.6666666666670000
       0.74250000               1.0077347557965488              1.0000000000000000              0.5999999999998796              0.8999999999993694              1.6666666666670000              1.6666666666670000
       0.74750000               1.0061886945593645              0.9999999999999998              0.5999999999998799              0.8999999999993697              1.6666666666670000              1.6666666666670000
       0.75250000               1.0049269723124747              0.9999999999999996              0.5999999999998803              0.8999999999993704              1.6666666666670000              1.6666666666670000
       0.75750000               1.0039029217223576              1.0000000000000000              0.5999999999998797              0.8999999999993695              1.6666666666670000              1.6666666666670000
       0.76250000               1.0030762967271987              1.0000000000000000              0.5999999999998802              0.8999999999993701              1.6666666666670000              1.6666666666670000
       0.76750000               1.0024126553462973              1.0000000000000000              0.5999999999998800              0.8999999999993700              1.6666666666670000              1.6666666666670000
       0.77250000               1.0018827430281818              0.9999999999999998              0.5999999999998802              0.8999999999993702              1.6666666666670000              1.6666666666670000
       0.77750000               1.0014618928028298              0.9999999999999998              0.5999999999998802              0.8999999999993702              1.6666666666670000              1.6666666666670000
       0.78250000               1.0011294545157030              1.0000000000000000              0.5999999999998802              0.8999999999993702              1.6666666666670000              1.6666666666670000
       0.78750000               1.0008682618580835              0.9999999999999993              0.5999999999998802              0.8999999999993703              1.6666666666670000              1.6666666666670000
       0.79250000               1.0006641428187617              1.0000000000000007              0.5999999999998797              0.8999999999993695              1.6666666666670000              1.6666666666670000
       0.79750000               1.0005054765837282              1.0000000000000000              0.5999999999998796              0.8999999999993694              1.6666666666670000              1.6666666666670000
       0.80250000               1.0003827977952864              1.0000000000000002              0.5999999999998799              0.8999999999993697              1.6666666666670000              1.6666666666670000
       0.80750000               1.0002884474227078              0.9999999999999996              0.5999999999998806              0.8999999999993710              1.6666666666670000              1.6666666666670000
       0.81250000               1.0002162682522617              1.0000000000000002              0.5999999999998801              0.8999999999993702              1.6666666666670000              1.6666666666670000
       0.81750000               1.0001613421258864              0.9999999999999998              0.5999999999998794              0.8999999999993690              1.6666666666670000              1.6666666666670000
       0.82250000               1.0001197654913538              1.0000000000000002              0.5999999999998800              0.8999999999993699              1.6666666666670000              1.6666666666670000
       0.82750000               1.0000884595186363              0.9999999999999993              0.5999999999998802              0.8999999999993702              1.6666666666670000              1.6666666666670000
       0.83250000               1.0000650109351508              1.0000000000000002              0.5999999999998799              0.8999999999993697              1.6666666666670000              1.6666666666670000
       0.83750000               1.0000475397889574              0.9999999999999996              0.5999999999998802              0.8999999999993702              1.6666666666670000              1.6666666666670000
       0.84250000               1.0000345905211230              0.9999999999999998              0.5999999999998799              0.8999999999993697              1.6666666666670000              1.6666666666670000
       0.84750000               1.0000250429798361              1.0000000000000002              0.5999999999998793              0.8999999999993689              1.6666666666670000              1.6666666666670000
       0.85250000               1.0000180403089176              0.9999999999999998              0.5999999999998802              0.8999999999993703              1.6666666666670000              1.6666666666670000
       0.85750000               1.0000129309676977              0.9999999999999998              0.5999999999998801              0.8999999999993701              1.6666666666670000              1.6666666666670000
       0.86250000               1.0000092224688508              1.0000000000000007              0.5999999999998793              0.8999999999993689              1.6666666666670000              1.6666666666670000
       0.86750000               1.0000065447415787              0.9999999999999996              0.5999999999998805              0.8999999999993707              1.6666666666670000              1.6666666666670000
       0.87250000               1.0000046213298284              1.0000000000000002              0.5999999999998797              0.8999999999993696              1.6666666666670000              1.6666666666670000
       0.87750000               1.0000032469126525              1.0000000000000007              0.5999999999998793              0.8999999999993689              1.6666666666670000              1.6666666666670000
       0.88250000               1.0000022698828426              1.0000000000000007              0.5999999999998794              0.8999999999993691              1.6666666666670000              1.6666666666670000
       0.88750000               1.0000015789395174              0.9999999999999998              0.5999999999998796              0.8999999999993695              1.6666666666670000              1.6666666666670000
       0.89250000               1.0000010928404930              0.9999999999999998              0.5999999999998797              0.8999999999993696              1.6666666666670000              1.6666666666670000
       0.89750000               1.0000007526226975              1.0000000000000000              0.5999999999998802              0.8999999999993702              1.6666666666670000              1.6666666666670000
       0.90250000               1.0000005157355949              0.9999999999999998              0.5999999999998801              0.8999999999993701              1.6666666666670000              1.6666666666670000
       0.90750000               1.0000003516464033              1.0000000000000002              0.5999999999998803              0.8999999999993703              1.6666666666670000              1.6666666666670000
       0.91250000               1.0000002385692919              1.0000000000000000              0.5999999999998801              0.8999999999993702              1.6666666666670000              1.6666666666670000
       0.91750000               1.0000001610468368              1.0000000000000004              0.5999999999998794              0.8999999999993691              1.6666666666670000              1.6666666666670000
       0.92250000               1.0000001081730721              0.9999999999999998              0.5999999999998801              0.8999999999993701              1.6666666666670000              1.6666666666670000
       0.92750000               1.0000000722961950              1.0000000000000004              0.5999999999998796              0.8999999999993694              1.6666666666670000              1.6666666666670000
       0.93250000               1.0000000480774101              1.0000000000000000              0.5999999999998799              0.8999999999993697              1.6666666666670000              1.6666666666670000
       0.93750000               1.0000000318123634              1.0000000000000000              0.5999999999998801              0.8999999999993700              1.6666666666670000              1.6666666666670000
       0.94250000               1.0000000209450020              0.9999999999999993              0.5999999999998807              0.8999999999993712              1.6666666666670000              1.6666666666670000
       0.94750000               1.0000000137212410              1.0000000000000004              0.5999999999998795              0.8999999999993693              1.6666666666670000              1.6666666666670000
       0.95250000               1.0000000089441252              1.0000000000000002              0.5999999999998796              0.8999999999993694              1.6666666666670000              1.6666666666670000
       0.95750000               1.0000000058010481              1.0000000000000004              0.5999999999998799              0.8999999999993697              1.6666666666670000              1.6666666666670000
       0.96250000               1.0000000037438206              0.9999999999999998              0.5999999999998801              0.8999999999993701              1.6666666666670000              1.6666666666670000
       0.96750000               1.0000000024040172              0.9999999999999998              0.5999999999998801              0.8999999999993701              1.6666666666670000              1.6666666666670000
       0.97250000               1.0000000015360095              1.0000000000000004              0.5999999999998796              0.8999999999993695              1.6666666666670000              1.6666666666670000
       0.97750000               1.0000000009766448              1.0000000000000000              0.5999999999998797              0.8999999999993696              1.6666666666670000              1.6666666666670000
       0.98250000               1.0000000006175986              1.0000000000000000              0.5999999999998799              0.8999999999993699              1.6666666666670000              1.6666666666670000
       0.98750000               1.0000000003889014              0.9999999999999998              0.5999999999998801              0.8999999999993700              1.6666666666670000              1.6666666666670000
       0.99250000               1.0000000002436717              1.0000000000000000              0.5999999999998803              0.8999999999993704              1.6666666666670000              1.6666666666670000
       0.99750000               1.0000000001514167              1.0000000000000000              0.5999999999998796              0.8999999999993693              1.6666666666670000              1.6666666666670000
