       0.00250000               1.0267408838798113              0.0313897394906018              1.0377114768494866              2.5942786921237171              1.3999999999999999              1.3999999999999999
       0.00750000               1.0281937859274985              0.0330732712129854              1.0397678357553761              2.5994195893884409              1.3999999999999999              1.3999999999999999
       0.01250000               1.0296703135532521              0.0347790677368255              1.0418582742050195              2.6046456855125490              1.3999999999999999              1.3999999999999999
       0.01750000               1.0311667713422179              0.0365066336472184              1.0439796566190473              2.6099491415476193              1.3999999999999999              1.3999999999999999
       0.02250000               1.0326816153441030              0.0382558199943118              1.0461285652887591              2.6153214132218978              1.3999999999999999              1.3999999999999999
       0.02750000               1.0342141468713331              0.0400255760225599              1.0483028278151763              2.6207570695379410              1.3999999999999999              1.3999999999999999
       0.03250000               1.0357632933330700              0.0418138615600469              1.0505016222391714              2.6262540555979292              1.3999999999999999              1.3999999999999999
       0.03750000               1.0373288131612983              0.0436176664290798              1.0527254541015123              2.6318136352537813              1.3999999999999999              1.3999999999999999
       0.04250000               1.0389114146498211              0.0454329365108200              1.0549762520769954              2.6374406301924891              1.3999999999999999              1.3999999999999999
       0.04750000               1.0405089695377685              0.0472608072163549              1.0572496269862779              2.6431240674656955              1.3999999999999999              1.3999999999999999
       0.05250000               1.0421194776596947              0.0491021059925794              1.0595416409981298              2.6488541024953247              1.3999999999999999              1.3999999999999999
       0.05750000               1.0437410092813468              0.0509565230578526              1.0618498229611502              2.6546245574028760              1.3999999999999999              1.3999999999999999
       0.06250000               1.0453710909742124              0.0528229624161344              1.0641727409449133              2.6604318523622839              1.3999999999999999              1.3999999999999999
       0.06750000               1.0470100704482892              0.0546990532254558              1.0665106015986798              2.6662765039966998              1.3999999999999999              1.3999999999999999
       0.07250000               1.0486604939837381              0.0565816183035928              1.0688646822807042              2.6721617057017610              1.3999999999999999              1.3999999999999999
       0.07750000               1.0503196624964855              0.0584699312009840              1.0712332356835323              2.6780830892088314              1.3999999999999999              1.3999999999999999
       0.08250000               1.0519858358447802              0.0603639825442104              1.0736136091814821              2.6840340229537056              1.3999999999999999              1.3999999999999999
       0.08750000               1.0536584099622988              0.0622632161341442              1.0760038513225136              2.6900096283062847              1.3999999999999999              1.3999999999999999
       0.09250000               1.0553355207949611              0.0641666693829657              1.0784024760180686              2.6960061900451722              1.3999999999999999              1.3999999999999999
       0.09750000               1.0570151242651287              0.0660728772664818              1.0808086371811514              2.7020215929528790              1.3999999999999999              1.3999999999999999
       0.10250000               1.0587017336009885              0.0679788521999814              1.0832233466564329              2.7080583666410831              1.3999999999999999              1.3999999999999999
       0.10750000               1.0603932512762386              0.0698826890050185              1.0856462320668085              2.7141155801670220              1.3999999999999999              1.3999999999999999
       0.11250000               1.0620840968190459              0.0717864787176824              1.0880717704938483              2.7201794262346213              1.3999999999999999              1.3999999999999999
       0.11750000               1.0637740224277437              0.0736909981157198              1.0904959034606454              2.7262397586516145              1.3999999999999999              1.3999999999999999
       0.12250000               1.0654600816289708              0.0755959877201481              1.0929159245786559              2.7322898114466407              1.3999999999999999              1.3999999999999999
       0.12750000               1.0671419762053880              0.0774970770195904              1.0953339525261330              2.7383348813153328              1.3999999999999999              1.3999999999999999
       0.13250000               1.0688254076665471              0.0793889770793538              1.0977535210033931              2.7443838025084832              1.3999999999999999              1.3999999999999999
       0.13750000               1.0705081604581315              0.0812701883398249              1.1001727123875391              2.7504317809688485              1.3999999999999999              1.3999999999999999
       0.14250000               1.0721836423716635              0.0831417727297288              1.1025864146959801              2.7564660367399507              1.3999999999999999              1.3999999999999999
       0.14750000               1.0738524429520753              0.0850040568679839              1.1049900189835917              2.7624750474589801              1.3999999999999999              1.3999999999999999
       0.15250000               1.0755113417151465              0.0868566090546177              1.1073790813506179              2.7684477033765456              1.3999999999999999              1.3999999999999999
       0.15750000               1.0771555507582513              0.0886973988098328              1.1097519918252208              2.7743799795630530              1.3999999999999999              1.3999999999999999
       0.16250000               1.0787895573192543              0.0905200911239637              1.1121100173518352              2.7802750433795889              1.3999999999999999              1.3999999999999999
       0.16750000               1.0804134114878465              0.0923223865556155              1.1144520084269260              2.7861300210673159              1.3999999999999999              1.3999999999999999
       0.17250000               1.0820163512547283              0.0941045695506880              1.1167696307175385              2.7919240767938471              1.3999999999999999              1.3999999999999999
       0.17750000               1.0836000820070149              0.0958661743244638              1.1190598665660461              2.7976496664151158              1.3999999999999999              1.3999999999999999
       0.18250000               1.0851641739958260              0.0976014589845508              1.1213180568179948              2.8032951420449872              1.3999999999999999              1.3999999999999999
       0.18750000               1.0866961300724367              0.0993045900447611              1.1235367111501624              2.8088417778754065              1.3999999999999999              1.3999999999999999
       0.19250000               1.0881936148093581              0.1009683347785947              1.1257070178840571              2.8142675447101437              1.3999999999999999              1.3999999999999999
       0.19750000               1.0896549034685650              0.1025759969990668              1.1278204634687381              2.8195511586718460              1.3999999999999999              1.3999999999999999
       0.20250000               1.0910725859095376              0.1041172590241635              1.1298759987224167              2.8246899968060428              1.3999999999999999              1.3999999999999999
       0.20750000               1.0924542452417041              0.1056376126842250              1.1318863486549664              2.8297158716374167              1.3999999999999999              1.3999999999999999
       0.21250000               1.0939244477351460              0.1072800132424120              1.1340121543178903              2.8350303857947265              1.3999999999999999              1.3999999999999999
       0.21750000               1.0955288532389893              0.1090516377990335              1.1363429033111907              2.8408572582779774              1.3999999999999999              1.3999999999999999
       0.22250000               1.0969857145655411              0.1106488972378348              1.1384655017398673              2.8461637543496692              1.3999999999999999              1.3999999999999999
       0.22750000               1.0977066245750429              0.1114447238509363              1.1395050828191855              2.8487627070479644              1.3999999999999999              1.3999999999999999
       0.23250000               1.0968886889074148              0.1105850344333855              1.1383186268484879              2.8457965671212206              1.3999999999999999              1.3999999999999999
       0.23750000               1.0915340699437766              0.1045567994597760              1.1305585274402670              2.8263963186006680              1.3999999999999999              1.3999999999999999
       0.24250000               1.0783683463137996              0.0901491667106063              1.1114892072455518              2.7787230181138800              1.3999999999999999              1.3999999999999999
       0.24750000               1.0490181482255623              0.0568457219437284              1.0693365184067514              2.6733412960168788              1.3999999999999999              1.3999999999999999
       0.25250000               1.0196363814768947              0.0230225683265942              1.0276000511288199              2.5690001278220502              1.3999999999999999              1.3999999999999999
       0.25750000               1.0066640410304624              0.0078745154245254              1.0093419280772999              2.5233548201932505              1.3999999999999999              1.3999999999999999
       0.26250000               1.0033942348836287              0.0040218269511128              1.0047565667140188              2.5118914167850477              1.3999999999999999              1.3999999999999999
       0.26750000               1.0022121848591339              0.0026260744428375              1.0030994444928663              2.5077486112321661              1.3999999999999999              1.3999999999999999
       0.27250000               1.0016672283861168              0.0019821766146714              1.0023359284981181              2.5058398212452961              1.3999999999999999              1.3999999999999999
       0.27750000               1.0013334948593948              0.0015881024803993              1.0018684576264483              2.5046711440661213              1.3999999999999999              1.3999999999999999
       0.28250000               1.0010723976787403              0.0012799527209483              1.0015027870560074              2.5037569676400189              1.3999999999999999              1.3999999999999999
       0.28750000               1.0008448737757329              0.0010114830798860              1.0011841750720762              2.5029604376801911              1.3999999999999999              1.3999999999999999
       0.29250000               1.0006558903282130              0.0007886024658951              1.0009195653065213              2.5022989132663036              1.3999999999999999              1.3999999999999999
       0.29750000               1.0005106847496485              0.0006176248332440              1.0007162755421835              2.5017906888554591              1.3999999999999999              1.3999999999999999
       0.30250000               1.0004007041784986              0.0004885004733944              1.0005623248052897              2.5014058120132248              1.3999999999999999              1.3999999999999999
       0.30750000               1.0003136712829968              0.0003865708001700              1.0004405144897108              2.5011012862242779              1.3999999999999999              1.3999999999999999
       0.31250000               1.0002429026907602              0.0003036329081842              1.0003414835774442              2.5008537089436111              1.3999999999999999              1.3999999999999999
       0.31750000               1.0001862145026197              0.0002369445008590              1.0002621680825756              2.5006554202064395              1.3999999999999999              1.3999999999999999
       0.32250000               1.0001419535934897              0.0001846403455171              1.0002002587591279              2.5005006468978204              1.3999999999999999              1.3999999999999999
       0.32750000               1.0001076691779607              0.0001439493556765              1.0001523215006118              2.5003808037515300              1.3999999999999999              1.3999999999999999
       0.33250000               1.0000809454050898              0.0001120936051415              1.0001149743277453              2.5002874358193639              1.3999999999999999              1.3999999999999999
       0.33750000               1.0000600776958084              0.0000871189499496              1.0000858261629064              2.5002145654072665              1.3999999999999999              1.3999999999999999
       0.34250000               1.0000439448222567              0.0000676774733644              1.0000633123444607              2.5001582808611524              1.3999999999999999              1.3999999999999999
       0.34750000               1.0000316542230605              0.0000526100074256              1.0000461798212834              2.5001154495532090              1.3999999999999999              1.3999999999999999
       0.35250000               1.0000223607786138              0.0000409136089330              1.0000332491655763              2.5000831229139417              1.3999999999999999              1.3999999999999999
       0.35750000               1.0000152900710806              0.0000318927761528              1.0000234320045762              2.5000585800114408              1.3999999999999999              1.3999999999999999
       0.36250000               1.0000098319795743              0.0000250816448773              1.0000158778997275              2.5000396947493195              1.3999999999999999              1.3999999999999999
       0.36750000               1.0000055801231948              0.0000200691065543              1.0000100156466827              2.5000250391167071              1.3999999999999999              1.3999999999999999
       0.37250000               1.0000022849950181              0.0000164122518674              1.0000055008472406              2.5000137521181021              1.3999999999999999              1.3999999999999999
       0.37750000               0.9999997351614704              0.0000137615267591              1.0000020303120556              2.5000050757801393              1.3999999999999999              1.3999999999999999
       0.38250000               0.9999977867742179              0.0000118157769208              0.9999994057649519              2.4999985144123804              1.3999999999999999              1.3999999999999999
       0.38750000               0.9999963302453048              0.0000103570328367              0.9999974753669866              2.4999936884174669              1.3999999999999999              1.3999999999999999
       0.39250000               0.9999952389408256              0.0000092696911326              0.9999960683453146              2.4999901708632875              1.3999999999999999              1.3999999999999999
       0.39750000               0.9999944113481416              0.0000084810849151              0.9999950307101629              2.4999875767754078              1.3999999999999999              1.3999999999999999
       0.40250000               0.9999937580868232              0.0000079335302230              0.9999942431595936              2.4999856078989846              1.3999999999999999              1.3999999999999999
       0.40750000               0.9999932270233249              0.0000075666317589              0.9999936353623663              2.4999840884059163              1.3999999999999999              1.3999999999999999
       0.41250000               0.9999927967689244              0.0000073152186188              0.9999931800874836              2.4999829502187096              1.3999999999999999              1.3999999999999999
       0.41750000               0.9999924608350866              0.0000071318458759              0.9999928565703062              2.4999821414257659              1.3999999999999999              1.3999999999999999
       0.42250000               0.9999921809107309              0.0000070020867400              0.9999926244057114              2.4999815610142790              1.3999999999999999              1.3999999999999999
       0.42750000               0.9999919271903688              0.0000069266737344              0.9999924397755916              2.4999810994389793              1.3999999999999999              1.3999999999999999
       0.43250000               0.9999916603762181              0.0000069265925732              0.9999922462708200              2.4999806156770505              1.3999999999999999              1.3999999999999999
       0.43750000               0.9999913745052372              0.0000069932498652              0.9999920311978798              2.4999800779946999              1.3999999999999999              1.3999999999999999
       0.44250000               0.9999910976595362              0.0000070674898464              0.9999918480633502              2.4999796201583759              1.3999999999999999              1.3999999999999999
       0.44750000               0.9999908867572819              0.0000070846202661              0.9999917614970562              2.4999794037426408              1.3999999999999999              1.3999999999999999
       0.45250000               0.9999908086124883              0.0000069535049279              0.9999918707458262              2.4999796768645659              1.3999999999999999              1.3999999999999999
       0.45750000               0.9999907906716433              0.0000067488446221              0.9999920812932721              2.4999802032331808              1.3999999999999999              1.3999999999999999
       0.46250000               0.9999907159039312              0.0000066025950151              0.9999922326732852              2.4999805816832139              1.3999999999999999              1.3999999999999999
       0.46750000               0.9999904561162760              0.0000066835334599              0.9999921221369972              2.4999803053424938              1.3999999999999999              1.3999999999999999
       0.47250000               0.9999899862149059              0.0000070013227255              0.9999917361111645              2.4999793402779122              1.3999999999999999              1.3999999999999999
       0.47750000               0.9999895364211879              0.0000072804037763              0.9999913991437799              2.4999784978594501              1.3999999999999999              1.3999999999999999
       0.48250000               0.9999892249740978              0.0000073883161432              0.9999912669253229              2.4999781673133077              1.3999999999999999              1.3999999999999999
       0.48750000               0.9999890162951678              0.0000073701258745              0.9999912854186026              2.4999782135465067              1.3999999999999999              1.3999999999999999
       0.49250000               0.9999888385635297              0.0000072857226759              0.9999913832719457              2.4999784581798647              1.3999999999999999              1.3999999999999999
       0.49750000               0.9999886818237810              0.0000071720109882              0.9999915164856490              2.4999787912141227              1.3999999999999999              1.3999999999999999
       0.50250000               0.9999885210413152              0.0000070618933462              0.9999916459024379              2.4999791147560955              1.3999999999999999              1.3999999999999999
       0.50750000               0.9999883295853867              0.0000069534201651              0.9999917736760016              2.4999794341900046              1.3999999999999999              1.3999999999999999
       0.51250000               0.9999881239063989              0.0000068260909447              0.9999919239599203              2.4999798098998012              1.3999999999999999              1.3999999999999999
       0.51750000               0.9999879241681164              0.0000067103738680              0.9999920606355908              2.4999801515889777              1.3999999999999999              1.3999999999999999
       0.52250000               0.9999876438964067              0.0000066620260101              0.9999921176855534              2.4999802942138842              1.3999999999999999              1.3999999999999999
       0.52750000               0.9999872590331330              0.0000066820536036              0.9999920938892570              2.4999802347231430              1.3999999999999999              1.3999999999999999
       0.53250000               0.9999868528880266              0.0000067326967310              0.9999920339047278              2.4999800847618201              1.3999999999999999              1.3999999999999999
       0.53750000               0.9999864507642116              0.0000067738939944              0.9999919851198453              2.4999799627996140              1.3999999999999999              1.3999999999999999
       0.54250000               0.9999860784779567              0.0000066951798076              0.9999920782293852              2.4999801955734635              1.3999999999999999              1.3999999999999999
       0.54750000               0.9999860256888923              0.0000062363868918              0.9999926210585085              2.4999815526462719              1.3999999999999999              1.3999999999999999
       0.55250000               0.9999860590256650              0.0000056913096059              0.9999932659855856              2.4999831649639646              1.3999999999999999              1.3999999999999999
       0.55750000               0.9999857705915923              0.0000054415519771              0.9999935614932074              2.4999839037330189              1.3999999999999999              1.3999999999999999
       0.56250000               0.9999850945711947              0.0000056004296242              0.9999933735047790              2.4999834337619484              1.3999999999999999              1.3999999999999999
       0.56750000               0.9999842746075609              0.0000059822579474              0.9999929217228918              2.4999823043072298              1.3999999999999999              1.3999999999999999
       0.57250000               0.9999833711880926              0.0000064081075815              0.9999924178574401              2.4999810446436008              1.3999999999999999              1.3999999999999999
       0.57750000               0.9999824494663662              0.0000067102229158              0.9999920603973246              2.4999801509933124              1.3999999999999999              1.3999999999999999
       0.58250000               0.9999816394270120              0.0000068283852635              0.9999919205935551              2.4999798014838883              1.3999999999999999              1.3999999999999999
       0.58750000               0.9999810391908072              0.0000068083458177              0.9999919443140151              2.4999798607850381              1.3999999999999999              1.3999999999999999
       0.59250000               0.9999805425986356              0.0000066681993055              0.9999921101506702              2.4999802753766760              1.3999999999999999              1.3999999999999999
       0.59750000               0.9999798616488746              0.0000064030154183              0.9999924239400089              2.4999810598500227              1.3999999999999999              1.3999999999999999
       0.60250000               0.9999791822917222              0.0000060370049063              0.9999928570407953              2.4999821426019890              1.3999999999999999              1.3999999999999999
       0.60750000               0.9999787723590809              0.0000056573456877              0.9999933063121945              2.4999832657804868              1.3999999999999999              1.3999999999999999
       0.61250000               0.9999783183351402              0.0000054052204433              0.9999936047194781              2.4999840117986958              1.3999999999999999              1.3999999999999999
       0.61750000               0.9999771346299274              0.0000054878586555              0.9999935070879243              2.4999837677198116              1.3999999999999999              1.3999999999999999
       0.62250000               0.9999754775788943              0.0000061616827078              0.9999927100489753              2.4999817751224387              1.3999999999999999              1.3999999999999999
       0.62750000               0.9999741951558342              0.0000068665511419              0.9999918764056542              2.4999796910141363              1.3999999999999999              1.3999999999999999
       0.63250000               0.9999732951566077              0.0000072345106079              0.9999914415847811              2.4999786039619534              1.3999999999999999              1.3999999999999999
       0.63750000               0.9999722280145781              0.0000072270673256              0.9999914512315753              2.4999786280789387              1.3999999999999999              1.3999999999999999
       0.64250000               0.9999714074506419              0.0000070742362844              0.9999916333426657              2.4999790833566649              1.3999999999999999              1.3999999999999999
       0.64750000               0.9999709797102635              0.0000068829630703              0.9999918616034075              2.4999796540085195              1.3999999999999999              1.3999999999999999
       0.65250000               0.9999702998390944              0.0000068435577983              0.9999919111692003              2.4999797779230013              1.3999999999999999              1.3999999999999999
       0.65750000               0.9999689666428943              0.0000070312382993              0.9999916935270959              2.4999792338177405              1.3999999999999999              1.3999999999999999
       0.66250000               0.9999679814249961              0.0000072605345610              0.9999914288318090              2.4999785720795229              1.3999999999999999              1.3999999999999999
       0.66750000               0.9999673349883267              0.0000073522860932              0.9999913300932032              2.4999783252330086              1.3999999999999999              1.3999999999999999
       0.67250000               0.9999661849708218              0.0000074039080416              0.9999912835372810              2.4999782088432028              1.3999999999999999              1.3999999999999999
       0.67750000               0.9999653521186732              0.0000074207439937              0.9999912849783182              2.4999782124457961              1.3999999999999999              1.3999999999999999
       0.68250000               0.9999656629539170              0.0000074375390551              0.9999912963594548              2.4999782408986375              1.3999999999999999              1.3999999999999999
       0.68750000               0.9999661169876294              0.0000074570139940              0.9999913187991791              2.4999782969979485              1.3999999999999999              1.3999999999999999
       0.69250000               0.9999654034680789              0.0000074660309223              0.9999913739693127              2.4999784349232823              1.3999999999999999              1.3999999999999999
       0.69750000               0.9999642621441409              0.0000073293317539              0.9999916305110255              2.4999790762775644              1.3999999999999999              1.3999999999999999
       0.70250000               0.9999642574761882              0.0000068228197741              0.9999923655891186              2.4999809139727973              1.3999999999999999              1.3999999999999999
       0.70750000               0.9999648318567669              0.0000063277255836              0.9999931448168606              2.4999828620421520              1.3999999999999999              1.3999999999999999
       0.71250000               0.9999646125190794              0.0000063855262689              0.9999933505451798              2.4999833763629500              1.3999999999999999              1.3999999999999999
       0.71750000               0.9999627183903799              0.0000076863426830              0.9999921978176104              2.4999804945440265              1.3999999999999999              1.3999999999999999
       0.72250000               0.9999614663805674              0.0000092058472497              0.9999909416961662              2.4999773542404160              1.3999999999999999              1.3999999999999999
       0.72750000               0.9999613358390659              0.0000101447297152              0.9999905863354237              2.4999764658385599              1.3999999999999999              1.3999999999999999
       0.73250000               0.9999616409665770              0.0000105708366113              0.9999911302063553              2.4999778255158889              1.3999999999999999              1.3999999999999999
       0.73750000               0.9999615051292645              0.0000109019902284              0.9999921844500654              2.4999804611251641              1.3999999999999999              1.3999999999999999
       0.74250000               0.9999616054438306              0.0000114126964558              0.9999935647711881              2.4999839119279708              1.3999999999999999              1.3999999999999999
       0.74750000               0.9999620260189558              0.0000123616192402              0.9999951510693229              2.4999878776733078              1.3999999999999999              1.3999999999999999
       0.75250000               0.9999624393281966              0.0000138332851193              0.9999970879098017              2.4999927197745047              1.3999999999999999              1.3999999999999999
       0.75750000               0.9999627827513465              0.0000158775038945              0.9999996360137597              2.4999990900343998              1.3999999999999999              1.3999999999999999
       0.76250000               0.9999636152912759              0.0000186278298748              1.0000030524648509              2.5000076311621275              1.3999999999999999              1.3999999999999999
       0.76750000               0.9999644684660360              0.0000222962923213              1.0000076218923970              2.5000190547309931              1.3999999999999999              1.3999999999999999
       0.77250000               0.9999633216732344              0.0000272304504903              1.0000136192188342              2.5000340480470862              1.3999999999999999              1.3999999999999999
       0.77750000               0.9999663171138929              0.0000340718767741              1.0000211583831549              2.5000528959578880              1.3999999999999999              1.3999999999999999
       0.78250000               0.9999746214899163              0.0000435743349697              1.0000304504519808              2.5000761261299527              1.3999999999999999              1.3999999999999999
       0.78750000               0.9999841404276968              0.0000556743668037              1.0000429531773101              2.5001073829432756              1.3999999999999999              1.3999999999999999
       0.79250000               0.9999968182752728              0.0000702553535363              1.0000605243229113              2.5001513108072788              1.3999999999999999              1.3999999999999999
       0.79750000               1.0000149048583939              0.0000881993144178              1.0000842413113833              2.5002106032784592              1.3999999999999999              1.3999999999999999
       0.80250000               1.0000400217971550              0.0001117035294603              1.0001140969909381              2.5002852424773461              1.3999999999999999              1.3999999999999999
       0.80750000               1.0000668934113719              0.0001427073322463              1.0001509353464513              2.5003773383661287              1.3999999999999999              1.3999999999999999
       0.81250000               1.0000983807360395              0.0001825469178576              1.0001969358755711              2.5004923396889280              1.3999999999999999              1.3999999999999999
       0.81750000               1.0001386816897451              0.0002326398503690              1.0002548766615131              2.5006371916537833              1.3999999999999999              1.3999999999999999
       0.82250000               1.0001901161798807              0.0002948401214711              1.0003277782845592              2.5008194457113984              1.3999999999999999              1.3999999999999999
       0.82750000               1.0002547484333850              0.0003716579421238              1.0004186916928037              2.5010467292320095              1.3999999999999999              1.3999999999999999
       0.83250000               1.0003346879841002              0.0004662639134085              1.0005307164278847              2.5013267910697126              1.3999999999999999              1.3999999999999999
       0.83750000               1.0004322549069413              0.0005819143485599              1.0006676709189943              2.5016691772974866              1.3999999999999999              1.3999999999999999
       0.84250000               1.0005494375031889              0.0007222995478495              1.0008336277983516              2.5020840694958797              1.3999999999999999              1.3999999999999999
       0.84750000               1.0006908369768148              0.0008911610220877              1.0010332669552506              2.5025831673881274              1.3999999999999999              1.3999999999999999
       0.85250000               1.0008607895430437              0.0010921485452809              1.0012718927400441              2.5031797318501106              1.3999999999999999              1.3999999999999999
       0.85750000               1.0010627753367822              0.0013287051236274              1.0015553695908308              2.5038884239770778              1.3999999999999999              1.3999999999999999
       0.86250000               1.0012988487743433              0.0016061287039405              1.0018874338380799              2.5047185845952002              1.3999999999999999              1.3999999999999999
       0.86750000               1.0015731763827571              0.0019297819417871              1.0022715411317513              2.5056788528293787              1.3999999999999999              1.3999999999999999
       0.87250000               1.0018867265306826              0.0023048966217792              1.0027108117897399              2.5067770294743501              1.3999999999999999              1.3999999999999999
       0.87750000               1.0022440992899870              0.0027330421621145              1.0032119451930739              2.5080298629826849              1.3999999999999999              1.3999999999999999
       0.88250000               1.0026507359851846              0.0032155007973939              1.0037809779846674              2.5094524449616689              1.3999999999999999              1.3999999999999999
       0.88750000               1.0031111917408986              0.0037542018808280              1.0044219775851504              2.5110549439628769              1.3999999999999999              1.3999999999999999
       0.89250000               1.0036230815011011              0.0043524558707502              1.0051360287104221              2.5128400717760560              1.3999999999999999              1.3999999999999999
       0.89750000               1.0041839116665241              0.0050125796548145              1.0059239693101611              2.5148099232754033              1.3999999999999999              1.3999999999999999
       0.90250000               1.0047981576991591              0.0057363082187444              1.0067859009754201              2.5169647524385503              1.3999999999999999              1.3999999999999999
       0.90750000               1.0054666872804692              0.0065235286772207              1.0077227426437048              2.5193068566092625              1.3999999999999999              1.3999999999999999
       0.91250000               1.0061884077633807              0.0073737668919228              1.0087345652990678              2.5218364132476703              1.3999999999999999              1.3999999999999999
       0.91750000               1.0069622427490592              0.0082854985471017              1.0098215411931164              2.5245538529827916              1.3999999999999999              1.3999999999999999
       0.92250000               1.0077883502520191              0.0092575651673206              1.0109824160935192              2.5274560402337984              1.3999999999999999              1.3999999999999999
       0.92750000               1.0086650974503881              0.0102891948174885              1.0122146431043373              2.5305366077608440              1.3999999999999999              1.3999999999999999
       0.93250000               1.0095904996024625              0.0113787311898935              1.0135160627480229              2.5337901568700576              1.3999999999999999              1.3999999999999999
       0.93750000               1.0105631961444688              0.0125239671753015              1.0148846624609449              2.5372116561523623              1.3999999999999999              1.3999999999999999
       0.94250000               1.0115823892005817              0.0137221433379625              1.0163187235037281              2.5407968087593207              1.3999999999999999              1.3999999999999999
       0.94750000               1.0126472082760756              0.0149695216388552              1.0178174601066043              2.5445436502665109              1.3999999999999999              1.3999999999999999
       0.95250000               1.0137554573532510              0.0162633055732477              1.0193788245528108              2.5484470613820274              1.3999999999999999              1.3999999999999999
       0.95750000               1.0149044356558157              0.0176035025432757              1.0209973406639439              2.5524933516598600              1.3999999999999999              1.3999999999999999
       0.96250000               1.0160913743865589              0.0189891053473681              1.0226687580407599              2.5566718951019003              1.3999999999999999              1.3999999999999999
       0.96750000               1.0173127564642992              0.0204183178066154              1.0243898411218004              2.5609746028045017              1.3999999999999999              1.3999999999999999
       0.97250000               1.0185665508757427              0.0218878196313220              1.0261593051237745              2.5653982628094369              1.3999999999999999              1.3999999999999999
       0.97750000               1.0198539908560182              0.0233935897750561              1.0279768684693207              2.5699421711733019              1.3999999999999999              1.3999999999999999
       0.98250000               1.0211751992507281              0.0249316906123069              1.0298423332637752              2.5746058331594384              1.3999999999999999              1.3999999999999999
       0.98750000               1.0225269789200861              0.0265014900529947              1.0317516754090441              2.5793791885226107              1.3999999999999999              1.3999999999999999
       0.99250000               1.0239066504338197              0.0281020018039206              1.0337014770903763              2.5842536927259414              1.3999999999999999              1.3999999999999999
       0.99750000               1.0253115911471540              0.0297319632730025              1.0356888337212204              2.5892220843030516              1.3999999999999999              1.3999999999999999
