       0.00250000               1.3716862718447917              0.9999999999999993              0.5999999999998804              0.8999999999993705              1.6666666666670000              1.6666666666670000
       0.00750000               1.4095400519865153              1.0000000000000000              0.5999999999998796              0.8999999999993694              1.6666666666670000              1.6666666666670000
       0.01250000               1.4489957287039383              1.0000000000000007              0.5999999999998791              0.8999999999993685              1.6666666666670000              1.6666666666670000
       0.01750000               1.4897949488686577              1.0000000000000007              0.5999999999998782              0.8999999999993672              1.6666666666670000              1.6666666666670000
       0.02250000               1.5316343313810914              1.0000000000000013              0.5999999999998781              0.8999999999993671              1.6666666666670000              1.6666666666670000
       0.02750000               1.5741677302592403              1.0000000000000009              0.5999999999998783              0.8999999999993675              1.6666666666670000              1.6666666666670000
       0.03250000               1.6170097597724025              1.0000000000000009              0.5999999999998781              0.8999999999993671              1.6666666666670000              1.6666666666670000
       0.03750000               1.6597405672671255              1.0000000000000016              0.5999999999998780              0.8999999999993671              1.6666666666670000              1.6666666666670000
       0.04250000               1.7019118253343113              1.0000000000000011              0.5999999999998783              0.8999999999993675              1.6666666666670000              1.6666666666670000
       0.04750000               1.7430539045915612              1.0000000000000002              0.5999999999998790              0.8999999999993684              1.6666666666670000              1.6666666666670000
       0.05250000               1.7826841619359433              1.0000000000000007              0.5999999999998783              0.8999999999993675              1.6666666666670000              1.6666666666670000
       0.05750000               1.8203162180682948              1.0000000000000002              0.5999999999998793              0.8999999999993690              1.6666666666670000              1.6666666666670000
       0.06250000               1.8554699966901127              1.0000000000000002              0.5999999999998792              0.8999999999993687              1.6666666666670000              1.6666666666670000
       0.06750000               1.8876821710174487              0.9999999999999996              0.5999999999998799              0.8999999999993699              1.6666666666670000              1.6666666666670000
       0.07250000               1.9165165457773834              1.0000000000000002              0.5999999999998796              0.8999999999993693              1.6666666666670000              1.6666666666670000
       0.07750000               1.9415738385951411              0.9999999999999998              0.5999999999998799              0.8999999999993696              1.6666666666670000              1.6666666666670000
       0.08250000               1.9625003526653513              0.9999999999999993              0.5999999999998807              0.8999999999993712              1.6666666666670000              1.6666666666670000
       0.08750000               1.9789951795469032              0.9999999999999993              0.5999999999998811              0.8999999999993716              1.6666666666670000              1.6666666666670000
       0.09250000               1.9908158671497089              0.9999999999999992              0.5999999999998807              0.8999999999993711              1.6666666666670000              1.6666666666670000
       0.09750000               1.9977830462389059              0.9999999999999992              0.5999999999998809              0.8999999999993712              1.6666666666670000              1.6666666666670000
       0.10250000               1.9997856508214764              0.9999999999999997              0.5999999999998807              0.8999999999993711              1.6666666666670000              1.6666666666670000
       0.10750000               1.9967893351865835              0.9999999999999999              0.5999999999998795              0.8999999999993693              1.6666666666670000              1.6666666666670000
       0.11250000               1.9888426110168154              0.9999999999999996              0.5999999999998804              0.8999999999993704              1.6666666666670000              1.6666666666670000
       0.11750000               1.9760703209189199              0.9999999999999994              0.5999999999998805              0.8999999999993706              1.6666666666670000              1.6666666666670000
       0.12250000               1.9586655958206844              0.9999999999999997              0.5999999999998800              0.8999999999993699              1.6666666666670000              1.6666666666670000
       0.12750000               1.9368842059126106              0.9999999999999990              0.5999999999998803              0.8999999999993703              1.6666666666670000              1.6666666666670000
       0.13250000               1.9110392345861813              0.9999999999999984              0.5999999999998819              0.8999999999993727              1.6666666666670000              1.6666666666670000
       0.13750000               1.8814947982029404              0.9999999999999992              0.5999999999998807              0.8999999999993711              1.6666666666670000              1.6666666666670000
       0.14250000               1.8486584539854689              0.9999999999999993              0.5999999999998804              0.8999999999993706              1.6666666666670000              1.6666666666670000
       0.14750000               1.8129723667804813              0.9999999999999996              0.5999999999998803              0.8999999999993705              1.6666666666670000              1.6666666666670000
       0.15250000               1.7749035598769380              1.0000000000000004              0.5999999999998797              0.8999999999993695              1.6666666666670000              1.6666666666670000
       0.15750000               1.7349336903915178              0.9999999999999998              0.5999999999998799              0.8999999999993697              1.6666666666670000              1.6666666666670000
       0.16250000               1.6935488086787285              1.0000000000000002              0.5999999999998799              0.8999999999993697              1.6666666666670000              1.6666666666670000
       0.16750000               1.6512295137466491              1.0000000000000004              0.5999999999998795              0.8999999999993693              1.6666666666670000              1.6666666666670000
       0.17250000               1.6084418336334960              0.9999999999999998              0.5999999999998802              0.8999999999993702              1.6666666666670000              1.6666666666670000
       0.17750000               1.5656290691617043              0.9999999999999997              0.5999999999998813              0.8999999999993719              1.6666666666670000              1.6666666666670000
       0.18250000               1.5232047599064544              0.9999999999999987              0.5999999999998816              0.8999999999993724              1.6666666666670000              1.6666666666670000
       0.18750000               1.4815468700903105              0.9999999999999997              0.5999999999998797              0.8999999999993696              1.6666666666670000              1.6666666666670000
       0.19250000               1.4409932475760125              0.9999999999999996              0.5999999999998805              0.8999999999993707              1.6666666666670000              1.6666666666670000
       0.19750000               1.4018383744598584              1.0000000000000002              0.5999999999998800              0.8999999999993699              1.6666666666670000              1.6666666666670000
       0.20250000               1.3643313960706651              1.0000000000000002              0.5999999999998801              0.8999999999993702              1.6666666666670000              1.6666666666670000
       0.20750000               1.3286753825152593              0.9999999999999997              0.5999999999998810              0.8999999999993714              1.6666666666670000              1.6666666666670000
       0.21250000               1.2950277431561588              0.9999999999999998              0.5999999999998805              0.8999999999993707              1.6666666666670000              1.6666666666670000
       0.21750000               1.2635016822247407              1.0000000000000013              0.5999999999998791              0.8999999999993685              1.6666666666670000              1.6666666666670000
       0.22250000               1.2341685567459004              0.9999999999999997              0.5999999999998795              0.8999999999993693              1.6666666666670000              1.6666666666670000
       0.22750000               1.2070609789005711              0.9999999999999992              0.5999999999998804              0.8999999999993706              1.6666666666670000              1.6666666666670000
       0.23250000               1.1821764950797924              1.0000000000000002              0.5999999999998800              0.8999999999993700              1.6666666666670000              1.6666666666670000
       0.23750000               1.1594816727812249              0.9999999999999997              0.5999999999998795              0.8999999999993692              1.6666666666670000              1.6666666666670000
       0.24250000               1.1389164327294523              0.9999999999999994              0.5999999999998804              0.8999999999993706              1.6666666666670000              1.6666666666670000
       0.24750000               1.1203984753945926              1.0000000000000018              0.5999999999998776              0.8999999999993665              1.6666666666670000              1.6666666666670000
       0.25250000               1.1038276668282065              0.9999999999999986              0.5999999999998806              0.8999999999993710              1.6666666666670000              1.6666666666670000
       0.25750000               1.0890902671588953              0.9999999999999992              0.5999999999998805              0.8999999999993707              1.6666666666670000              1.6666666666670000
       0.26250000               1.0760629052017598              1.0000000000000011              0.5999999999998786              0.8999999999993680              1.6666666666670000              1.6666666666670000
       0.26750000               1.0646162235794321              0.9999999999999983              0.5999999999998811              0.8999999999993716              1.6666666666670000              1.6666666666670000
       0.27250000               1.0546181397012049              0.9999999999999953              0.5999999999998837              0.8999999999993755              1.6666666666670000              1.6666666666670000
       0.27750000               1.0459366880866146              0.9999999999999993              0.5999999999998799              0.8999999999993697              1.6666666666670000              1.6666666666670000
       0.28250000               1.0384424281064126              1.0000000000000007              0.5999999999998792              0.8999999999993687              1.6666666666670000              1.6666666666670000
       0.28750000               1.0320104176498108              0.9999999999999961              0.5999999999998832              0.8999999999993749              1.6666666666670000              1.6666666666670000
       0.29250000               1.0265217671129827              1.0000000000000002              0.5999999999998797              0.8999999999993695              1.6666666666670000              1.6666666666670000
       0.29750000               1.0218647992468848              1.0000000000000002              0.5999999999998793              0.8999999999993690              1.6666666666670000              1.6666666666670000
       0.30250000               1.0179358487889323              0.9999999999999991              0.5999999999998810              0.8999999999993714              1.6666666666670000              1.6666666666670000
       0.30750000               1.0146397415561832              1.0000000000000020              0.5999999999998780              0.8999999999993670              1.6666666666670000              1.6666666666670000
       0.31250000               1.0118899960146635              1.0000000000000007              0.5999999999998785              0.8999999999993679              1.6666666666670000              1.6666666666670000
       0.31750000               1.0096087915428136              0.9999999999999964              0.5999999999998831              0.8999999999993746              1.6666666666670000              1.6666666666670000
       0.32250000               1.0077267469999762              0.9999999999999987              0.5999999999998807              0.8999999999993710              1.6666666666670000              1.6666666666670000
       0.32750000               1.0061825511392175              1.0000000000000022              0.5999999999998780              0.8999999999993670              1.6666666666670000              1.6666666666670000
       0.33250000               1.0049224832187056              0.9999999999999987              0.5999999999998809              0.8999999999993713              1.6666666666670000              1.6666666666670000
       0.33750000               1.0038998582063032              0.9999999999999996              0.5999999999998809              0.8999999999993712              1.6666666666670000              1.6666666666670000
       0.34250000               1.0030744265482434              0.9999999999999940              0.5999999999998861              0.8999999999993792              1.6666666666670000              1.6666666666670000
       0.34750000               1.0024117538558608              1.0000000000000004              0.5999999999998803              0.8999999999993704              1.6666666666670000              1.6666666666670000
       0.35250000               1.0018826012802533              0.9999999999999978              0.5999999999998830              0.8999999999993744              1.6666666666670000              1.6666666666670000
       0.35750000               1.0014623229698436              1.0000000000000013              0.5999999999998800              0.8999999999993699              1.6666666666670000              1.6666666666670000
       0.36250000               1.0011302929728079              1.0000000000000007              0.5999999999998804              0.8999999999993705              1.6666666666670000              1.6666666666670000
       0.36750000               1.0008693703419369              0.9999999999999973              0.5999999999998834              0.8999999999993751              1.6666666666670000              1.6666666666670000
       0.37250000               1.0006654080759747              0.9999999999999998              0.5999999999998810              0.8999999999993714              1.6666666666670000              1.6666666666670000
       0.37750000               1.0005068089060396              0.9999999999999991              0.5999999999998824              0.8999999999993735              1.6666666666670000              1.6666666666670000
       0.38250000               1.0003841288010569              1.0000000000000011              0.5999999999998791              0.8999999999993686              1.6666666666670000              1.6666666666670000
       0.38750000               1.0002897273949167              0.9999999999999980              0.5999999999998824              0.8999999999993735              1.6666666666670000              1.6666666666670000
       0.39250000               1.0002174632876204              0.9999999999999998              0.5999999999998814              0.8999999999993722              1.6666666666670000              1.6666666666670000
       0.39750000               1.0001624312935995              0.9999999999999996              0.5999999999998812              0.8999999999993717              1.6666666666670000              1.6666666666670000
       0.40250000               1.0001207381466977              1.0000000000000011              0.5999999999998797              0.8999999999993696              1.6666666666670000              1.6666666666670000
       0.40750000               1.0000893128687089              1.0000000000000013              0.5999999999998801              0.8999999999993701              1.6666666666670000              1.6666666666670000
       0.41250000               1.0000657479132375              1.0000000000000031              0.5999999999998771              0.8999999999993656              1.6666666666670000              1.6666666666670000
       0.41750000               1.0000481672608752              0.9999999999999978              0.5999999999998830              0.8999999999993745              1.6666666666670000              1.6666666666670000
       0.42250000               1.0000351178215896              1.0000000000000007              0.5999999999998797              0.8999999999993696              1.6666666666670000              1.6666666666670000
       0.42750000               1.0000254807593665              0.9999999999999998              0.5999999999998800              0.8999999999993700              1.6666666666670000              1.6666666666670000
       0.43250000               1.0000183996602070              1.0000000000000013              0.5999999999998794              0.8999999999993691              1.6666666666670000              1.6666666666670000
       0.43750000               1.0000132227942331              1.0000000000000009              0.5999999999998796              0.8999999999993694              1.6666666666670000              1.6666666666670000
       0.44250000               1.0000094570556823              0.9999999999999996              0.5999999999998809              0.8999999999993712              1.6666666666670000              1.6666666666670000
       0.44750000               1.0000067314885488              0.9999999999999978              0.5999999999998825              0.8999999999993737              1.6666666666670000              1.6666666666670000
       0.45250000               1.0000047686103983              0.9999999999999991              0.5999999999998814              0.8999999999993721              1.6666666666670000              1.6666666666670000
       0.45750000               1.0000033620262161              0.9999999999999993              0.5999999999998803              0.8999999999993704              1.6666666666670000              1.6666666666670000
       0.46250000               1.0000023590739835              0.9999999999999973              0.5999999999998831              0.8999999999993745              1.6666666666670000              1.6666666666670000
       0.46750000               1.0000016474626339              1.0000000000000002              0.5999999999998799              0.8999999999993697              1.6666666666670000              1.6666666666670000
       0.47250000               1.0000011450521737              0.9999999999999964              0.5999999999998834              0.8999999999993752              1.6666666666670000              1.6666666666670000
       0.47750000               1.0000007920873180              1.0000000000000013              0.5999999999998787              0.8999999999993682              1.6666666666670000              1.6666666666670000
       0.48250000               1.0000005453332772              1.0000000000000016              0.5999999999998790              0.8999999999993684              1.6666666666670000              1.6666666666670000
       0.48750000               1.0000003736762475              0.9999999999999953              0.5999999999998844              0.8999999999993765              1.6666666666670000              1.6666666666670000
       0.49250000               1.0000002548446967              0.9999999999999998              0.5999999999998805              0.8999999999993707              1.6666666666670000              1.6666666666670000
       0.49750000               1.0000001729820054              0.9999999999999998              0.5999999999998807              0.8999999999993710              1.6666666666670000              1.6666666666670000
       0.50250000               1.0000001168601427              1.0000000000000000              0.5999999999998797              0.8999999999993694              1.6666666666670000              1.6666666666670000
       0.50750000               1.0000000785720506              0.9999999999999987              0.5999999999998811              0.8999999999993715              1.6666666666670000              1.6666666666670000
       0.51250000               1.0000000525789801              0.9999999999999984              0.5999999999998817              0.8999999999993727              1.6666666666670000              1.6666666666670000
       0.51750000               1.0000000350204548              0.9999999999999980              0.5999999999998821              0.8999999999993732              1.6666666666670000              1.6666666666670000
       0.52250000               1.0000000232182444              0.9999999999999996              0.5999999999998804              0.8999999999993705              1.6666666666670000              1.6666666666670000
       0.52750000               1.0000000153231263              1.0000000000000011              0.5999999999998790              0.8999999999993684              1.6666666666670000              1.6666666666670000
       0.53250000               1.0000000100653232              0.9999999999999996              0.5999999999998804              0.8999999999993706              1.6666666666670000              1.6666666666670000
       0.53750000               1.0000000065787467              0.9999999999999991              0.5999999999998803              0.8999999999993703              1.6666666666670000              1.6666666666670000
       0.54250000               1.0000000042769710              0.9999999999999996              0.5999999999998794              0.8999999999993692              1.6666666666670000              1.6666666666670000
       0.54750000               1.0000000027653897              0.9999999999999996              0.5999999999998801              0.8999999999993700              1.6666666666670000              1.6666666666670000
       0.55250000               1.0000000017792907              1.0000000000000011              0.5999999999998787              0.8999999999993681              1.6666666666670000              1.6666666666670000
       0.55750000               1.0000000011409622              1.0000000000000002              0.5999999999998794              0.8999999999993692              1.6666666666670000              1.6666666666670000
       0.56250000               1.0000000007307952              0.9999999999999984              0.5999999999998814              0.8999999999993721              1.6666666666670000              1.6666666666670000
       0.56750000               1.0000000004683707              0.9999999999999980              0.5999999999998821              0.8999999999993731              1.6666666666670000              1.6666666666670000
       0.57250000               1.0000000003001650              1.0000000000000009              0.5999999999998797              0.8999999999993694              1.6666666666670000              1.6666666666670000
       0.57750000               1.0000000001913112              0.9999999999999967              0.5999999999998826              0.8999999999993739              1.6666666666670000              1.6666666666670000
       0.58250000               1.0000000001197962              0.9999999999999996              0.5999999999998797              0.8999999999993695              1.6666666666670000              1.6666666666670000
       0.58750000               1.0000000000723839              1.0000000000000029              0.5999999999998770              0.8999999999993653              1.6666666666670000              1.6666666666670000
       0.59250000               1.0000000000416678              1.0000000000000002              0.5999999999998799              0.8999999999993696              1.6666666666670000              1.6666666666670000
       0.59750000               1.0000000000239808              1.0000000000000007              0.5999999999998800              0.8999999999993700              1.6666666666670000              1.6666666666670000
       0.60250000               1.0000000000179206              0.9999999999999998              0.5999999999998802              0.8999999999993703              1.6666666666670000              1.6666666666670000
       0.60750000               1.0000000000233011              0.9999999999999976              0.5999999999998834              0.8999999999993750              1.6666666666670000              1.6666666666670000
       0.61250000               1.0000000000407530              1.0000000000000002              0.5999999999998794              0.8999999999993692              1.6666666666670000              1.6666666666670000
       0.61750000               1.0000000000722127              0.9999999999999987              0.5999999999998815              0.8999999999993723              1.6666666666670000              1.6666666666670000
       0.62250000               1.0000000001218727              1.0000000000000000              0.5999999999998799              0.8999999999993697              1.6666666666670000              1.6666666666670000
       0.62750000               1.0000000001976646              1.0000000000000027              0.5999999999998772              0.8999999999993658              1.6666666666670000              1.6666666666670000
       0.63250000               1.0000000003133052              0.9999999999999987              0.5999999999998805              0.8999999999993707              1.6666666666670000              1.6666666666670000
       0.63750000               1.0000000004912577              0.9999999999999996              0.5999999999998796              0.8999999999993693              1.6666666666670000              1.6666666666670000
       0.64250000               1.0000000007671510              1.0000000000000013              0.5999999999998783              0.8999999999993674              1.6666666666670000              1.6666666666670000
       0.64750000               1.0000000011961454              1.0000000000000040              0.5999999999998759              0.8999999999993638              1.6666666666670000              1.6666666666670000
       0.65250000               1.0000000018622626              1.0000000000000000              0.5999999999998790              0.8999999999993685              1.6666666666670000              1.6666666666670000
       0.65750000               1.0000000028920237              1.0000000000000024              0.5999999999998770              0.8999999999993654              1.6666666666670000              1.6666666666670000
       0.66250000               1.0000000044746817              1.0000000000000002              0.5999999999998799              0.8999999999993696              1.6666666666670000              1.6666666666670000
       0.66750000               1.0000000068921306              1.0000000000000002              0.5999999999998803              0.8999999999993703              1.6666666666670000              1.6666666666670000
       0.67250000               1.0000000105631115              1.0000000000000009              0.5999999999998796              0.8999999999993694              1.6666666666670000              1.6666666666670000
       0.67750000               1.0000000161077203              0.9999999999999998              0.5999999999998799              0.8999999999993696              1.6666666666670000              1.6666666666670000
       0.68250000               1.0000000244405272              0.9999999999999989              0.5999999999998805              0.8999999999993707              1.6666666666670000              1.6666666666670000
       0.68750000               1.0000000369036388              0.9999999999999998              0.5999999999998802              0.8999999999993702              1.6666666666670000              1.6666666666670000
       0.69250000               1.0000000554555264              0.9999999999999998              0.5999999999998794              0.8999999999993691              1.6666666666670000              1.6666666666670000
       0.69750000               1.0000000829376368              0.9999999999999998              0.5999999999998802              0.8999999999993702              1.6666666666670000              1.6666666666670000
       0.70250000               1.0000001234493283              0.9999999999999989              0.5999999999998805              0.8999999999993707              1.6666666666670000              1.6666666666670000
       0.70750000               1.0000001828727367              1.0000000000000031              0.5999999999998763              0.8999999999993643              1.6666666666670000              1.6666666666670000
       0.71250000               1.0000002696035111              0.9999999999999976              0.5999999999998822              0.8999999999993733              1.6666666666670000              1.6666666666670000
       0.71750000               1.0000003955617405              0.9999999999999984              0.5999999999998807              0.8999999999993710              1.6666666666670000              1.6666666666670000
       0.72250000               1.0000005775815934              0.9999999999999989              0.5999999999998803              0.8999999999993705              1.6666666666670000              1.6666666666670000
       0.72750000               1.0000008393089850              0.9999999999999998              0.5999999999998799              0.8999999999993697              1.6666666666670000              1.6666666666670000
       0.73250000               1.0000012137770307              0.9999999999999978              0.5999999999998816              0.8999999999993723              1.6666666666670000              1.6666666666670000
       0.73750000               1.0000017468798361              0.9999999999999993              0.5999999999998801              0.8999999999993701              1.6666666666670000              1.6666666666670000
       0.74250000               1.0000025020291172              0.9999999999999973              0.5999999999998824              0.8999999999993735              1.6666666666670000              1.6666666666670000
       0.74750000               1.0000035663569453              0.9999999999999976              0.5999999999998816              0.8999999999993724              1.6666666666670000              1.6666666666670000
       0.75250000               1.0000050589247718              0.9999999999999987              0.5999999999998813              0.8999999999993719              1.6666666666670000              1.6666666666670000
       0.75750000               1.0000071415161207              0.9999999999999984              0.5999999999998812              0.8999999999993717              1.6666666666670000              1.6666666666670000
       0.76250000               1.0000100327316370              1.0000000000000011              0.5999999999998782              0.8999999999993673              1.6666666666670000              1.6666666666670000
       0.76750000               1.0000140262727326              0.9999999999999973              0.5999999999998831              0.8999999999993746              1.6666666666670000              1.6666666666670000
       0.77250000               1.0000195144959796              1.0000000000000004              0.5999999999998793              0.8999999999993689              1.6666666666670000              1.6666666666670000
       0.77750000               1.0000270185462754              1.0000000000000000              0.5999999999998796              0.8999999999993693              1.6666666666670000              1.6666666666670000
       0.78250000               1.0000372266319932              1.0000000000000018              0.5999999999998785              0.8999999999993679              1.6666666666670000              1.6666666666670000
       0.78750000               1.0000510422895517              1.0000000000000000              0.5999999999998793              0.8999999999993690              1.6666666666670000              1.6666666666670000
       0.79250000               1.0000696447930275              1.0000000000000011              0.5999999999998787              0.8999999999993681              1.6666666666670000              1.6666666666670000
       0.79750000               1.0000945641906416              0.9999999999999996              0.5999999999998795              0.8999999999993691              1.6666666666670000              1.6666666666670000
       0.80250000               1.0001277737827519              1.0000000000000018              0.5999999999998783              0.8999999999993674              1.6666666666670000              1.6666666666670000
       0.80750000               1.0001718031813813              1.0000000000000002              0.5999999999998797              0.8999999999993695              1.6666666666670000              1.6666666666670000
       0.81250000               1.0002298753891583              0.9999999999999993              0.5999999999998797              0.8999999999993696              1.6666666666670000              1.6666666666670000
       0.81750000               1.0003060715804291              0.9999999999999998              0.5999999999998800              0.8999999999993699              1.6666666666670000              1.6666666666670000
       0.82250000               1.0004055274259298              0.9999999999999982              0.5999999999998819              0.8999999999993726              1.6666666666670000              1.6666666666670000
       0.82750000               1.0005346648359712              0.9999999999999991              0.5999999999998804              0.8999999999993706              1.6666666666670000              1.6666666666670000
       0.83250000               1.0007014628620208              0.9999999999999993              0.5999999999998802              0.8999999999993703              1.6666666666670000              1.6666666666670000
       0.83750000               1.0009157711453045              0.9999999999999991              0.5999999999998804              0.8999999999993706              1.6666666666670000              1.6666666666670000
       0.84250000               1.0011896686816562              0.9999999999999987              0.5999999999998809              0.8999999999993712              1.6666666666670000              1.6666666666670000
       0.84750000               1.0015378697262030              0.9999999999999996              0.5999999999998802              0.8999999999993702              1.6666666666670000              1.6666666666670000
       0.85250000               1.0019781773314294              0.9999999999999993              0.5999999999998806              0.8999999999993709              1.6666666666670000              1.6666666666670000
       0.85750000               1.0025319832476991              0.9999999999999996              0.5999999999998796              0.8999999999993695              1.6666666666670000              1.6666666666670000
       0.86250000               1.0032248106832895              0.9999999999999998              0.5999999999998804              0.8999999999993705              1.6666666666670000              1.6666666666670000
       0.86750000               1.0040868937056666              0.9999999999999998              0.5999999999998804              0.8999999999993705              1.6666666666670000              1.6666666666670000
       0.87250000               1.0051537838638358              1.0000000000000002              0.5999999999998800              0.8999999999993699              1.6666666666670000              1.6666666666670000
       0.87750000               1.0064669709329948              1.0000000000000011              0.5999999999998786              0.8999999999993679              1.6666666666670000              1.6666666666670000
       0.88250000               1.0080745005684977              0.9999999999999993              0.5999999999998803              0.8999999999993703              1.6666666666670000              1.6666666666670000
       0.88750000               1.0100315672045777              0.9999999999999998              0.5999999999998797              0.8999999999993695              1.6666666666670000              1.6666666666670000
       0.89250000               1.0124010559132306              0.9999999999999998              0.5999999999998795              0.8999999999993693              1.6666666666670000              1.6666666666670000
       0.89750000               1.0152540023684191              0.9999999999999991              0.5999999999998805              0.8999999999993707              1.6666666666670000              1.6666666666670000
       0.90250000               1.0186699357697442              0.9999999999999993              0.5999999999998802              0.8999999999993703              1.6666666666670000              1.6666666666670000
       0.90750000               1.0227370657893271              1.0000000000000002              0.5999999999998799              0.8999999999993697              1.6666666666670000              1.6666666666670000
       0.91250000               1.0275522715656744              0.9999999999999982              0.5999999999998812              0.8999999999993717              1.6666666666670000              1.6666666666670000
       0.91750000               1.0332208488221488              0.9999999999999993              0.5999999999998803              0.8999999999993705              1.6666666666670000              1.6666666666670000
       0.92250000               1.0398559707929973              0.9999999999999996              0.5999999999998795              0.8999999999993691              1.6666666666670000              1.6666666666670000
       0.92750000               1.0475778202830077              0.9999999999999979              0.5999999999998817              0.8999999999993726              1.6666666666670000              1.6666666666670000
       0.93250000               1.0565123542184853              0.9999999999999983              0.5999999999998811              0.8999999999993715              1.6666666666670000              1.6666666666670000
       0.93750000               1.0667896685655720              0.9999999999999981              0.5999999999998809              0.8999999999993712              1.6666666666670000              1.6666666666670000
       0.94250000               1.0785419404030108              0.9999999999999993              0.5999999999998800              0.8999999999993699              1.6666666666670000              1.6666666666670000
       0.94750000               1.0919009351803537              0.9999999999999988              0.5999999999998799              0.8999999999993696              1.6666666666670000              1.6666666666670000
       0.95250000               1.1069950809441833              0.9999999999999994              0.5999999999998797              0.8999999999993695              1.6666666666670000              1.6666666666670000
       0.95750000               1.1239461279090837              1.0000000000000000              0.5999999999998800              0.8999999999993699              1.6666666666670000              1.6666666666670000
       0.96250000               1.1428654312588680              0.9999999999999989              0.5999999999998811              0.8999999999993715              1.6666666666670000              1.6666666666670000
       0.96750000               1.1638499167774587              0.9999999999999992              0.5999999999998799              0.8999999999993697              1.6666666666670000              1.6666666666670000
       0.97250000               1.1869778111844969              0.9999999999999989              0.5999999999998805              0.8999999999993706              1.6666666666670000              1.6666666666670000
       0.97750000               1.2123042398352299              0.9999999999999992              0.5999999999998803              0.8999999999993704              1.6666666666670000              1.6666666666670000
       0.98250000               1.2398568122897322              0.9999999999999998              0.5999999999998799              0.8999999999993699              1.6666666666670000              1.6666666666670000
       0.98750000               1.2696313311177856              1.0000000000000000              0.5999999999998794              0.8999999999993691              1.6666666666670000              1.6666666666670000
       0.99250000               1.3015877723378670              0.9999999999999997              0.5999999999998801              0.8999999999993701              1.6666666666670000              1.6666666666670000
       0.99750000               1.3356466980361124              0.9999999999999996              0.5999999999998800              0.8999999999993700              1.6666666666670000              1.6666666666670000
