       0.00250000               1.9588199311192538              1.0000000000000004              0.5999999999998797              0.8999999999993695              1.6666666666670000              1.6666666666670000
       0.00750000               1.9370219364671746              0.9999999999999993              0.5999999999998803              0.8999999999993704              1.6666666666670000              1.6666666666670000
       0.01250000               1.9111533737046051              0.9999999999999998              0.5999999999998806              0.8999999999993709              1.6666666666670000              1.6666666666670000
       0.01750000               1.8815803446662986              0.9999999999999998              0.5999999999998803              0.8999999999993704              1.6666666666670000              1.6666666666670000
       0.02250000               1.8487130243363208              0.9999999999999997              0.5999999999998804              0.8999999999993705              1.6666666666670000              1.6666666666670000
       0.02750000               1.8129959894649210              1.0000000000000000              0.5999999999998805              0.8999999999993706              1.6666666666670000              1.6666666666670000
       0.03250000               1.7748980100735758              1.0000000000000000              0.5999999999998801              0.8999999999993701              1.6666666666670000              1.6666666666670000
       0.03750000               1.7349017766839401              1.0000000000000000              0.5999999999998805              0.8999999999993706              1.6666666666670000              1.6666666666670000
       0.04250000               1.6934938598216018              0.9999999999999996              0.5999999999998804              0.8999999999993706              1.6666666666670000              1.6666666666670000
       0.04750000               1.6511551133986595              1.0000000000000004              0.5999999999998795              0.8999999999993692              1.6666666666670000              1.6666666666670000
       0.05250000               1.6083517232330264              0.9999999999999999              0.5999999999998800              0.8999999999993700              1.6666666666670000              1.6666666666670000
       0.05750000               1.5655271089129938              0.9999999999999996              0.5999999999998805              0.8999999999993707              1.6666666666670000              1.6666666666670000
       0.06250000               1.5230948712690611              0.9999999999999994              0.5999999999998801              0.8999999999993701              1.6666666666670000              1.6666666666670000
       0.06750000               1.4814329335409815              0.9999999999999997              0.5999999999998801              0.8999999999993701              1.6666666666670000              1.6666666666670000
       0.07250000               1.4408789666672126              1.0000000000000002              0.5999999999998789              0.8999999999993683              1.6666666666670000              1.6666666666670000
       0.07750000               1.4017271329611913              0.9999999999999997              0.5999999999998805              0.8999999999993707              1.6666666666670000              1.6666666666670000
       0.08250000               1.3642261340435111              0.9999999999999999              0.5999999999998797              0.8999999999993695              1.6666666666670000              1.6666666666670000
       0.08750000               1.3285785079022669              1.0000000000000000              0.5999999999998793              0.8999999999993689              1.6666666666670000              1.6666666666670000
       0.09250000               1.2949410846616047              1.0000000000000007              0.5999999999998787              0.8999999999993681              1.6666666666670000              1.6666666666670000
       0.09750000               1.2634264808744149              0.9999999999999997              0.5999999999998801              0.8999999999993700              1.6666666666670000              1.6666666666670000
       0.10250000               1.2341054889913654              0.9999999999999993              0.5999999999998803              0.8999999999993703              1.6666666666670000              1.6666666666670000
       0.10750000               1.2070102030911631              0.9999999999999981              0.5999999999998821              0.8999999999993731              1.6666666666670000              1.6666666666670000
       0.11250000               1.1821377141707972              0.9999999999999992              0.5999999999998806              0.8999999999993709              1.6666666666670000              1.6666666666670000
       0.11750000               1.1594542077459098              0.9999999999999992              0.5999999999998814              0.8999999999993721              1.6666666666670000              1.6666666666670000
       0.12250000               1.1388993023000449              0.9999999999999987              0.5999999999998806              0.8999999999993709              1.6666666666670000              1.6666666666670000
       0.12750000               1.1203904782327232              1.0000000000000013              0.5999999999998780              0.8999999999993670              1.6666666666670000              1.6666666666670000
       0.13250000               1.1038274623156992              0.9999999999999992              0.5999999999998802              0.8999999999993703              1.6666666666670000              1.6666666666670000
       0.13750000               1.0890964511436578              0.9999999999999993              0.5999999999998800              0.8999999999993700              1.6666666666670000              1.6666666666670000
       0.14250000               1.0760740775046238              1.0000000000000020              0.5999999999998781              0.8999999999993670              1.6666666666670000              1.6666666666670000
       0.14750000               1.0646310448842284              1.0000000000000009              0.5999999999998789              0.8999999999993684              1.6666666666670000              1.6666666666670000
       0.15250000               1.0546353764523058              1.0000000000000004              0.5999999999998794              0.8999999999993692              1.6666666666670000              1.6666666666670000
       0.15750000               1.0459552450037708              0.9999999999999996              0.5999999999998800              0.8999999999993700              1.6666666666670000              1.6666666666670000
       0.16250000               1.0384613687520234              1.0000000000000029              0.5999999999998773              0.8999999999993659              1.6666666666670000              1.6666666666670000
       0.16750000               1.0320289740934940              0.9999999999999993              0.5999999999998802              0.8999999999993703              1.6666666666670000              1.6666666666670000
       0.17250000               1.0265393401430607              1.0000000000000016              0.5999999999998780              0.8999999999993670              1.6666666666670000              1.6666666666670000
       0.17750000               1.0218809508164788              0.9999999999999991              0.5999999999998814              0.8999999999993722              1.6666666666670000              1.6666666666670000
       0.18250000               1.0179502884903338              1.0000000000000020              0.5999999999998775              0.8999999999993662              1.6666666666670000              1.6666666666670000
       0.18750000               1.0146523089134987              1.0000000000000002              0.5999999999998800              0.8999999999993700              1.6666666666670000              1.6666666666670000
       0.19250000               1.0119006402854700              0.9999999999999998              0.5999999999998797              0.8999999999993696              1.6666666666670000              1.6666666666670000
       0.19750000               1.0096175505405625              0.9999999999999998              0.5999999999998810              0.8999999999993713              1.6666666666670000              1.6666666666670000
       0.20250000               1.0077337262104329              0.9999999999999987              0.5999999999998812              0.8999999999993719              1.6666666666670000              1.6666666666670000
       0.20750000               1.0061879041327144              0.9999999999999989              0.5999999999998803              0.8999999999993703              1.6666666666670000              1.6666666666670000
       0.21250000               1.0049263940810806              0.9999999999999996              0.5999999999998800              0.8999999999993701              1.6666666666670000              1.6666666666670000
       0.21750000               1.0039025264466335              0.9999999999999996              0.5999999999998802              0.8999999999993702              1.6666666666670000              1.6666666666670000
       0.22250000               1.0030760547060349              0.9999999999999987              0.5999999999998816              0.8999999999993724              1.6666666666670000              1.6666666666670000
       0.22750000               1.0024125378331274              1.0000000000000022              0.5999999999998776              0.8999999999993664              1.6666666666670000              1.6666666666670000
       0.23250000               1.0018827232683789              0.9999999999999984              0.5999999999998815              0.8999999999993723              1.6666666666670000              1.6666666666670000
       0.23750000               1.0014619467279076              0.9999999999999991              0.5999999999998807              0.8999999999993711              1.6666666666670000              1.6666666666670000
       0.24250000               1.0011295611405175              1.0000000000000016              0.5999999999998782              0.8999999999993672              1.6666666666670000              1.6666666666670000
       0.24750000               1.0008684034325437              1.0000000000000016              0.5999999999998786              0.8999999999993679              1.6666666666670000              1.6666666666670000
       0.25250000               1.0006643047867163              1.0000000000000009              0.5999999999998792              0.8999999999993689              1.6666666666670000              1.6666666666670000
       0.25750000               1.0005056473994063              0.9999999999999982              0.5999999999998819              0.8999999999993727              1.6666666666670000              1.6666666666670000
       0.26250000               1.0003829686429595              1.0000000000000011              0.5999999999998795              0.8999999999993694              1.6666666666670000              1.6666666666670000
       0.26750000               1.0002886118790546              0.9999999999999991              0.5999999999998812              0.8999999999993719              1.6666666666670000              1.6666666666670000
       0.27250000               1.0002164219238305              1.0000000000000024              0.5999999999998777              0.8999999999993666              1.6666666666670000              1.6666666666670000
       0.27750000               1.0001614822870644              1.0000000000000011              0.5999999999998789              0.8999999999993682              1.6666666666670000              1.6666666666670000
       0.28250000               1.0001198907414017              1.0000000000000002              0.5999999999998795              0.8999999999993693              1.6666666666670000              1.6666666666670000
       0.28750000               1.0000885694703228              1.0000000000000004              0.5999999999998802              0.8999999999993702              1.6666666666670000              1.6666666666670000
       0.29250000               1.0000651059422951              1.0000000000000009              0.5999999999998793              0.8999999999993689              1.6666666666670000              1.6666666666670000
       0.29750000               1.0000476207160751              0.9999999999999969              0.5999999999998835              0.8999999999993752              1.6666666666670000              1.6666666666670000
       0.30250000               1.0000346585551132              0.9999999999999991              0.5999999999998802              0.8999999999993703              1.6666666666670000              1.6666666666670000
       0.30750000               1.0000250994813193              1.0000000000000007              0.5999999999998802              0.8999999999993703              1.6666666666670000              1.6666666666670000
       0.31250000               1.0000180866992157              1.0000000000000007              0.5999999999998793              0.8999999999993689              1.6666666666670000              1.6666666666670000
       0.31750000               1.0000129686468502              1.0000000000000018              0.5999999999998787              0.8999999999993680              1.6666666666670000              1.6666666666670000
       0.32250000               1.0000092527596527              1.0000000000000009              0.5999999999998794              0.8999999999993691              1.6666666666670000              1.6666666666670000
       0.32750000               1.0000065688545705              0.9999999999999984              0.5999999999998813              0.8999999999993720              1.6666666666670000              1.6666666666670000
       0.33250000               1.0000046403444778              1.0000000000000033              0.5999999999998769              0.8999999999993652              1.6666666666670000              1.6666666666670000
       0.33750000               1.0000032617707737              0.9999999999999980              0.5999999999998819              0.8999999999993727              1.6666666666670000              1.6666666666670000
       0.34250000               1.0000022813908731              0.9999999999999984              0.5999999999998819              0.8999999999993729              1.6666666666670000              1.6666666666670000
       0.34750000               1.0000015877767161              1.0000000000000013              0.5999999999998792              0.8999999999993687              1.6666666666670000              1.6666666666670000
       0.35250000               1.0000010995703899              0.9999999999999980              0.5999999999998823              0.8999999999993733              1.6666666666670000              1.6666666666670000
       0.35750000               1.0000007577061403              1.0000000000000016              0.5999999999998783              0.8999999999993674              1.6666666666670000              1.6666666666670000
       0.36250000               1.0000005195446995              1.0000000000000004              0.5999999999998789              0.8999999999993683              1.6666666666670000              1.6666666666670000
       0.36750000               1.0000003544783669              1.0000000000000011              0.5999999999998787              0.8999999999993681              1.6666666666670000              1.6666666666670000
       0.37250000               1.0000002406589283              1.0000000000000007              0.5999999999998793              0.8999999999993689              1.6666666666670000              1.6666666666670000
       0.37750000               1.0000001625773087              0.9999999999999980              0.5999999999998815              0.8999999999993721              1.6666666666670000              1.6666666666670000
       0.38250000               1.0000001092854867              1.0000000000000013              0.5999999999998783              0.8999999999993674              1.6666666666670000              1.6666666666670000
       0.38750000               1.0000000730985514              0.9999999999999991              0.5999999999998805              0.8999999999993707              1.6666666666670000              1.6666666666670000
       0.39250000               1.0000000486521059              1.0000000000000004              0.5999999999998795              0.8999999999993693              1.6666666666670000              1.6666666666670000
       0.39750000               1.0000000322215679              0.9999999999999984              0.5999999999998820              0.8999999999993727              1.6666666666670000              1.6666666666670000
       0.40250000               1.0000000212344335              1.0000000000000031              0.5999999999998773              0.8999999999993659              1.6666666666670000              1.6666666666670000
       0.40750000               1.0000000139240692              0.9999999999999984              0.5999999999998811              0.8999999999993716              1.6666666666670000              1.6666666666670000
       0.41250000               1.0000000090847603              1.0000000000000004              0.5999999999998792              0.8999999999993687              1.6666666666670000              1.6666666666670000
       0.41750000               1.0000000058982306              0.9999999999999998              0.5999999999998800              0.8999999999993699              1.6666666666670000              1.6666666666670000
       0.42250000               1.0000000038111825              0.9999999999999998              0.5999999999998801              0.8999999999993700              1.6666666666670000              1.6666666666670000
       0.42750000               1.0000000024507889              0.9999999999999987              0.5999999999998812              0.8999999999993717              1.6666666666670000              1.6666666666670000
       0.43250000               1.0000000015676511              0.9999999999999993              0.5999999999998812              0.8999999999993716              1.6666666666670000              1.6666666666670000
       0.43750000               1.0000000009969185              1.0000000000000013              0.5999999999998786              0.8999999999993680              1.6666666666670000              1.6666666666670000
       0.44250000               1.0000000006306060              1.0000000000000002              0.5999999999998802              0.8999999999993703              1.6666666666670000              1.6666666666670000
       0.44750000               1.0000000003976259              1.0000000000000009              0.5999999999998793              0.8999999999993689              1.6666666666670000              1.6666666666670000
       0.45250000               1.0000000002504896              1.0000000000000013              0.5999999999998791              0.8999999999993685              1.6666666666670000              1.6666666666670000
       0.45750000               1.0000000001574312              0.9999999999999984              0.5999999999998815              0.8999999999993723              1.6666666666670000              1.6666666666670000
       0.46250000               1.0000000000979046              1.0000000000000009              0.5999999999998793              0.8999999999993690              1.6666666666670000              1.6666666666670000
       0.46750000               1.0000000000594886              1.0000000000000002              0.5999999999998793              0.8999999999993690              1.6666666666670000              1.6666666666670000
       0.47250000               1.0000000000352935              1.0000000000000000              0.5999999999998809              0.8999999999993711              1.6666666666670000              1.6666666666670000
       0.47750000               1.0000000000219391              1.0000000000000002              0.5999999999998796              0.8999999999993694              1.6666666666670000              1.6666666666670000
       0.48250000               1.0000000000180798              0.9999999999999982              0.5999999999998821              0.8999999999993731              1.6666666666670000              1.6666666666670000
       0.48750000               1.0000000000234213              1.0000000000000011              0.5999999999998794              0.8999999999993691              1.6666666666670000              1.6666666666670000
       0.49250000               1.0000000000384246              1.0000000000000007              0.5999999999998796              0.8999999999993694              1.6666666666670000              1.6666666666670000
       0.49750000               1.0000000000647931              0.9999999999999989              0.5999999999998805              0.8999999999993709              1.6666666666670000              1.6666666666670000
       0.50250000               1.0000000001065643              1.0000000000000009              0.5999999999998789              0.8999999999993683              1.6666666666670000              1.6666666666670000
       0.50750000               1.0000000001715892              0.9999999999999989              0.5999999999998810              0.8999999999993714              1.6666666666670000              1.6666666666670000
       0.51250000               1.0000000002734406              1.0000000000000002              0.5999999999998796              0.8999999999993694              1.6666666666670000              1.6666666666670000
       0.51750000               1.0000000004340155              0.9999999999999989              0.5999999999998803              0.8999999999993704              1.6666666666670000              1.6666666666670000
       0.52250000               1.0000000006871648              0.9999999999999993              0.5999999999998803              0.8999999999993703              1.6666666666670000              1.6666666666670000
       0.52750000               1.0000000010842693              1.0000000000000018              0.5999999999998780              0.8999999999993670              1.6666666666670000              1.6666666666670000
       0.53250000               1.0000000017030677              1.0000000000000007              0.5999999999998792              0.8999999999993687              1.6666666666670000              1.6666666666670000
       0.53750000               1.0000000026613285              0.9999999999999993              0.5999999999998806              0.8999999999993709              1.6666666666670000              1.6666666666670000
       0.54250000               1.0000000041372861              1.0000000000000029              0.5999999999998767              0.8999999999993651              1.6666666666670000              1.6666666666670000
       0.54750000               1.0000000063994021              0.9999999999999987              0.5999999999998806              0.8999999999993710              1.6666666666670000              1.6666666666670000
       0.55250000               1.0000000098493451              1.0000000000000020              0.5999999999998776              0.8999999999993663              1.6666666666670000              1.6666666666670000
       0.55750000               1.0000000150844084              0.9999999999999989              0.5999999999998807              0.8999999999993711              1.6666666666670000              1.6666666666670000
       0.56250000               1.0000000229877217              1.0000000000000011              0.5999999999998789              0.8999999999993683              1.6666666666670000              1.6666666666670000
       0.56750000               1.0000000348582230              0.9999999999999998              0.5999999999998803              0.8999999999993704              1.6666666666670000              1.6666666666670000
       0.57250000               1.0000000525962383              0.9999999999999989              0.5999999999998803              0.8999999999993705              1.6666666666670000              1.6666666666670000
       0.57750000               1.0000000789668366              1.0000000000000002              0.5999999999998795              0.8999999999993693              1.6666666666670000              1.6666666666670000
       0.58250000               1.0000001179711644              1.0000000000000007              0.5999999999998791              0.8999999999993686              1.6666666666670000              1.6666666666670000
       0.58750000               1.0000001753670558              1.0000000000000016              0.5999999999998783              0.8999999999993674              1.6666666666670000              1.6666666666670000
       0.59250000               1.0000002593945780              1.0000000000000022              0.5999999999998784              0.8999999999993676              1.6666666666670000              1.6666666666670000
       0.59750000               1.0000003817809331              1.0000000000000007              0.5999999999998800              0.8999999999993700              1.6666666666670000              1.6666666666670000
       0.60250000               1.0000005591235610              1.0000000000000018              0.5999999999998781              0.8999999999993672              1.6666666666670000              1.6666666666670000
       0.60750000               1.0000008147818575              1.0000000000000002              0.5999999999998795              0.8999999999993693              1.6666666666670000              1.6666666666670000
       0.61250000               1.0000011814481264              0.9999999999999982              0.5999999999998819              0.8999999999993726              1.6666666666670000              1.6666666666670000
       0.61750000               1.0000017046194996              1.0000000000000004              0.5999999999998799              0.8999999999993696              1.6666666666670000              1.6666666666670000
       0.62250000               1.0000024472563112              0.9999999999999991              0.5999999999998814              0.8999999999993721              1.6666666666670000              1.6666666666670000
       0.62750000               1.0000034959916073              0.9999999999999993              0.5999999999998800              0.8999999999993697              1.6666666666670000              1.6666666666670000
       0.63250000               1.0000049693538748              1.0000000000000029              0.5999999999998769              0.8999999999993652              1.6666666666670000              1.6666666666670000
       0.63750000               1.0000070285829585              0.9999999999999976              0.5999999999998819              0.8999999999993727              1.6666666666670000              1.6666666666670000
       0.64250000               1.0000098917608773              1.0000000000000004              0.5999999999998795              0.8999999999993692              1.6666666666670000              1.6666666666670000
       0.64750000               1.0000138521471227              0.9999999999999998              0.5999999999998803              0.8999999999993704              1.6666666666670000              1.6666666666670000
       0.65250000               1.0000193018036638              0.9999999999999993              0.5999999999998803              0.8999999999993704              1.6666666666670000              1.6666666666670000
       0.65750000               1.0000267618206808              1.0000000000000000              0.5999999999998796              0.8999999999993695              1.6666666666670000              1.6666666666670000
       0.66250000               1.0000369207088189              1.0000000000000002              0.5999999999998793              0.8999999999993690              1.6666666666670000              1.6666666666670000
       0.66750000               1.0000506828066855              0.9999999999999991              0.5999999999998809              0.8999999999993712              1.6666666666670000              1.6666666666670000
       0.67250000               1.0000692288591559              1.0000000000000011              0.5999999999998791              0.8999999999993686              1.6666666666670000              1.6666666666670000
       0.67750000               1.0000940912459124              1.0000000000000007              0.5999999999998793              0.8999999999993689              1.6666666666670000              1.6666666666670000
       0.68250000               1.0001272466697850              0.9999999999999993              0.5999999999998804              0.8999999999993706              1.6666666666670000              1.6666666666670000
       0.68750000               1.0001712294362572              1.0000000000000000              0.5999999999998803              0.8999999999993703              1.6666666666670000              1.6666666666670000
       0.69250000               1.0002292687485985              1.0000000000000009              0.5999999999998794              0.8999999999993691              1.6666666666670000              1.6666666666670000
       0.69750000               1.0003054536820160              0.9999999999999984              0.5999999999998816              0.8999999999993724              1.6666666666670000              1.6666666666670000
       0.70250000               1.0004049296530180              1.0000000000000007              0.5999999999998799              0.8999999999993696              1.6666666666670000              1.6666666666670000
       0.70750000               1.0005341302293222              0.9999999999999980              0.5999999999998824              0.8999999999993736              1.6666666666670000              1.6666666666670000
       0.71250000               1.0007010479871612              1.0000000000000009              0.5999999999998790              0.8999999999993684              1.6666666666670000              1.6666666666670000
       0.71750000               1.0009155477679177              0.9999999999999996              0.5999999999998807              0.8999999999993711              1.6666666666670000              1.6666666666670000
       0.72250000               1.0011897250612394              0.9999999999999998              0.5999999999998801              0.8999999999993701              1.6666666666670000              1.6666666666670000
       0.72750000               1.0015383112947027              1.0000000000000002              0.5999999999998805              0.8999999999993707              1.6666666666670000              1.6666666666670000
       0.73250000               1.0019791264861564              1.0000000000000013              0.5999999999998790              0.8999999999993683              1.6666666666670000              1.6666666666670000
       0.73750000               1.0025335779653926              1.0000000000000004              0.5999999999998800              0.8999999999993697              1.6666666666670000              1.6666666666670000
       0.74250000               1.0032272016587189              1.0000000000000000              0.5999999999998803              0.8999999999993704              1.6666666666670000              1.6666666666670000
       0.74750000               1.0040902397320806              1.0000000000000000              0.5999999999998796              0.8999999999993694              1.6666666666670000              1.6666666666670000
       0.75250000               1.0051582451989651              0.9999999999999993              0.5999999999998804              0.8999999999993705              1.6666666666670000              1.6666666666670000
       0.75750000               1.0064727004387743              0.9999999999999982              0.5999999999998814              0.8999999999993721              1.6666666666670000              1.6666666666670000
       0.76250000               1.0080816325017088              1.0000000000000004              0.5999999999998796              0.8999999999993694              1.6666666666670000              1.6666666666670000
       0.76750000               1.0100402036966172              0.9999999999999993              0.5999999999998801              0.8999999999993701              1.6666666666670000              1.6666666666670000
       0.77250000               1.0124112513949215              0.9999999999999996              0.5999999999998804              0.8999999999993706              1.6666666666670000              1.6666666666670000
       0.77750000               1.0152657464128805              1.0000000000000004              0.5999999999998800              0.8999999999993699              1.6666666666670000              1.6666666666670000
       0.78250000               1.0186831350062235              1.0000000000000000              0.5999999999998794              0.8999999999993690              1.6666666666670000              1.6666666666670000
       0.78750000               1.0227515257097468              1.0000000000000002              0.5999999999998797              0.8999999999993695              1.6666666666670000              1.6666666666670000
       0.79250000               1.0275676792524990              1.0000000000000011              0.5999999999998780              0.8999999999993671              1.6666666666670000              1.6666666666670000
       0.79750000               1.0332367578979365              0.9999999999999993              0.5999999999998805              0.8999999999993706              1.6666666666670000              1.6666666666670000
       0.80250000               1.0398717902173102              1.0000000000000007              0.5999999999998784              0.8999999999993676              1.6666666666670000              1.6666666666670000
       0.80750000               1.0475928088858415              0.9999999999999998              0.5999999999998799              0.8999999999993699              1.6666666666670000              1.6666666666670000
       0.81250000               1.0565256228007240              0.9999999999999996              0.5999999999998799              0.8999999999993697              1.6666666666670000              1.6666666666670000
       0.81750000               1.0668001908592812              0.9999999999999998              0.5999999999998800              0.8999999999993699              1.6666666666670000              1.6666666666670000
       0.82250000               1.0785485734910694              1.0000000000000013              0.5999999999998782              0.8999999999993672              1.6666666666670000              1.6666666666670000
       0.82750000               1.0919024497481729              0.9999999999999996              0.5999999999998799              0.8999999999993697              1.6666666666670000              1.6666666666670000
       0.83250000               1.1069902020666291              0.9999999999999990              0.5999999999998802              0.8999999999993701              1.6666666666670000              1.6666666666670000
       0.83750000               1.1239335871906768              1.0000000000000009              0.5999999999998787              0.8999999999993680              1.6666666666670000              1.6666666666670000
       0.84250000               1.1428440302946752              0.9999999999999992              0.5999999999998800              0.8999999999993699              1.6666666666670000              1.6666666666670000
       0.84750000               1.1638186002033253              0.9999999999999998              0.5999999999998801              0.8999999999993701              1.6666666666670000              1.6666666666670000
       0.85250000               1.1869357454939582              1.0000000000000000              0.5999999999998794              0.8999999999993692              1.6666666666670000              1.6666666666670000
       0.85750000               1.2122508918580317              1.0000000000000007              0.5999999999998789              0.8999999999993682              1.6666666666670000              1.6666666666670000
       0.86250000               1.2397920198477246              0.9999999999999998              0.5999999999998796              0.8999999999993694              1.6666666666670000              1.6666666666670000
       0.86750000               1.2695553605634822              0.9999999999999998              0.5999999999998796              0.8999999999993694              1.6666666666670000              1.6666666666670000
       0.87250000               1.3015013641644571              0.9999999999999983              0.5999999999998813              0.8999999999993719              1.6666666666670000              1.6666666666670000
       0.87750000               1.3355511067807637              0.9999999999999986              0.5999999999998812              0.8999999999993716              1.6666666666670000              1.6666666666670000
       0.88250000               1.3715833014511885              0.9999999999999997              0.5999999999998800              0.8999999999993699              1.6666666666670000              1.6666666666670000
       0.88750000               1.4094320730098313              0.9999999999999993              0.5999999999998803              0.8999999999993705              1.6666666666670000              1.6666666666670000
       0.89250000               1.4488856532458874              1.0000000000000000              0.5999999999998791              0.8999999999993686              1.6666666666670000              1.6666666666670000
       0.89750000               1.4896861463002984              0.9999999999999997              0.5999999999998794              0.8999999999993690              1.6666666666670000              1.6666666666670000
       0.90250000               1.5315304875589610              1.0000000000000004              0.5999999999998792              0.8999999999993687              1.6666666666670000              1.6666666666670000
       0.90750000               1.5740726675103236              0.9999999999999994              0.5999999999998802              0.8999999999993702              1.6666666666670000              1.6666666666670000
       0.91250000               1.6169272416072862              0.9999999999999996              0.5999999999998802              0.8999999999993702              1.6666666666670000              1.6666666666670000
       0.91750000               1.6596741285875340              1.0000000000000000              0.5999999999998800              0.8999999999993699              1.6666666666670000              1.6666666666670000
       0.92250000               1.7018646965747961              0.9999999999999993              0.5999999999998802              0.8999999999993703              1.6666666666670000              1.6666666666670000
       0.92750000               1.7430290856979256              1.0000000000000002              0.5999999999998800              0.8999999999993699              1.6666666666670000              1.6666666666670000
       0.93250000               1.7826845884006319              1.0000000000000002              0.5999999999998793              0.8999999999993689              1.6666666666670000              1.6666666666670000
       0.93750000               1.8203447809237960              0.9999999999999999              0.5999999999998799              0.8999999999993696              1.6666666666670000              1.6666666666670000
       0.94250000               1.8555291030681651              0.9999999999999998              0.5999999999998797              0.8999999999993696              1.6666666666670000              1.6666666666670000
       0.94750000               1.8877727423998052              0.9999999999999994              0.5999999999998805              0.8999999999993707              1.6666666666670000              1.6666666666670000
       0.95250000               1.9166368167831904              0.9999999999999996              0.5999999999998810              0.8999999999993715              1.6666666666670000              1.6666666666670000
       0.95750000               1.9417187189175833              0.9999999999999993              0.5999999999998804              0.8999999999993705              1.6666666666670000              1.6666666666670000
       0.96250000               1.9626620497055298              0.9999999999999994              0.5999999999998807              0.8999999999993711              1.6666666666670000              1.6666666666670000
       0.96750000               1.9791651399522250              0.9999999999999996              0.5999999999998805              0.8999999999993706              1.6666666666670000              1.6666666666670000
       0.97250000               1.9909872426747479              0.9999999999999998              0.5999999999998799              0.8999999999993697              1.6666666666670000              1.6666666666670000
       0.97750000               1.9979524261234682              1.0000000000000004              0.5999999999998802              0.8999999999993702              1.6666666666670000              1.6666666666670000
       0.98250000               1.9999530673709331              1.0000000000000004              0.5999999999998795              0.8999999999993692              1.6666666666670000              1.6666666666670000
       0.98750000               1.9969563189971873              1.0000000000000000              0.5999999999998802              0.8999999999993702              1.6666666666670000              1.6666666666670000
       0.99250000               1.9890093233273067              1.0000000000000002              0.5999999999998802              0.8999999999993703              1.6666666666670000              1.6666666666670000
       0.99750000               1.9762338164147182              1.0000000000000004              0.5999999999998794              0.8999999999993691              1.6666666666670000              1.6666666666670000
