       0.00250000               1.0010203780873541              0.0013164115285305              1.0017017293697468              1.5025525940538689              1.6666666666670000              1.6666666666670000
       0.00750000               1.0012495715761665              0.0016122928231362              1.0020840244346572              1.5031260366512340              1.6666666666670000              1.6666666666670000
       0.01250000               1.0015206142281159              0.0019625022995916              1.0025361954010921              1.5038042931008861              1.6666666666670000              1.6666666666670000
       0.01750000               1.0018388771236204              0.0023735590146702              1.0030672382877726              1.5046008574309064              1.6666666666670000              1.6666666666670000
       0.02250000               1.0022097223442532              0.0028521762365307              1.0036861634152514              1.5055292451221243              1.6666666666670000              1.6666666666670000
       0.02750000               1.0026384819707712              0.0034049955533903              1.0044019369590740              1.5066029054378578              1.6666666666670000              1.6666666666670000
       0.03250000               1.0031302231256036              0.0040385477849005              1.0052231000337903              1.5078346500499313              1.6666666666670000              1.6666666666670000
       0.03750000               1.0036897225353831              0.0047589460302842              1.0061577316263153              1.5092365974387185              1.6666666666670000              1.6666666666670000
       0.04250000               1.0043215134025258              0.0055714934835351              1.0072135460796043              1.5108203191186511              1.6666666666670000              1.6666666666670000
       0.04750000               1.0050290773994974              0.0064814661951565              1.0083965155798282              1.5125947733689860              1.6666666666670000              1.6666666666670000
       0.05250000               1.0058153645984753              0.0074932085298608              1.0097117502468669              1.5145676253695430              1.6666666666670000              1.6666666666670000
       0.05750000               1.0066833368093395              0.0086092758354700              1.0111644089552303              1.5167466134320871              1.6666666666670000              1.6666666666670000
       0.06250000               1.0076346096289099              0.0098320815774759              1.0127574457008093              1.5191361685504541              1.6666666666670000              1.6666666666670000
       0.06750000               1.0086704973346752              0.0111625596299763              1.0144933237335627              1.5217399855995830              1.6666666666670000              1.6666666666670000
       0.07250000               1.0097918723489709              0.0126003881112154              1.0163737940877153              1.5245606911308107              1.6666666666670000              1.6666666666670000
       0.07750000               1.0109974645513087              0.0141462675886089              1.0183970368121527              1.5275955552174654              1.6666666666670000              1.6666666666670000
       0.08250000               1.0122868663224698              0.0157981953899974              1.0205627168201359              1.5308440752294383              1.6666666666670000              1.6666666666670000
       0.08750000               1.0136586786562793              0.0175540444150781              1.0228688348899990              1.5343032523342313              1.6666666666670000              1.6666666666670000
       0.09250000               1.0151106736305189              0.0194115184636760              1.0253120122566950              1.5379680183842734              1.6666666666670000              1.6666666666670000
       0.09750000               1.0166412390819755              0.0213665033323076              1.0278899110033670              1.5418348665042796              1.6666666666670000              1.6666666666670000
       0.10250000               1.0182471437924625              0.0234160836083473              1.0305974926608177              1.5458962389904534              1.6666666666670000              1.6666666666670000
       0.10750000               1.0199255537962864              0.0255561686022307              1.0334303642883236              1.5501455464317102              1.6666666666670000              1.6666666666670000
       0.11250000               1.0216735852246637              0.0277822011326740              1.0363840506769364              1.5545760760146270              1.6666666666670000              1.6666666666670000
       0.11750000               1.0234877720988573              0.0300899747863557              1.0394530789148329              1.5591796183714695              1.6666666666670000              1.6666666666670000
       0.12250000               1.0253649033150636              0.0324746635395633              1.0426324186143592              1.5639486279207568              1.6666666666670000              1.6666666666670000
       0.12750000               1.0273013414561023              0.0349318170021224              1.0459162766813679              1.5688744150212672              1.6666666666670000              1.6666666666670000
       0.13250000               1.0292936869943567              0.0374565662804058              1.0492992544212187              1.5739488816310412              1.6666666666670000              1.6666666666670000
       0.13750000               1.0313384577789746              0.0400441022946346              1.0527757850599828              1.5791636775891844              1.6666666666670000              1.6666666666670000
       0.14250000               1.0334320267109411              0.0426897700670022              1.0563400584364546              1.5845100876538893              1.6666666666670000              1.6666666666670000
       0.14750000               1.0355707913652301              0.0453889228164417              1.0599862511776856              1.5899793767657335              1.6666666666670000              1.6666666666670000
       0.15250000               1.0377511387484837              0.0481369495245778              1.0637085075135888              1.5955627612695853              1.6666666666670000              1.6666666666670000
       0.15750000               1.0399695223772079              0.0509291975550728              1.0675010485963552              1.6012515728937320              1.6666666666670000              1.6666666666670000
       0.16250000               1.0422224579261026              0.0537609483492284              1.0713581976179243              1.6070372964260831              1.6666666666670000              1.6666666666670000
       0.16750000               1.0445065502640956              0.0566274142780498              1.0752743654778840              1.6129115482160195              1.6666666666670000              1.6666666666670000
       0.17250000               1.0468182164146991              0.0595240231782383              1.0792436303690613              1.6188654455527824              1.6666666666670000              1.6666666666670000
       0.17750000               1.0491536787821201              0.0624464191305474              1.0832596898918974              1.6248895348370336              1.6666666666670000              1.6666666666670000
       0.18250000               1.0515092425635344              0.0653900488620555              1.0873163752327206              1.6309745628482655              1.6666666666670000              1.6666666666670000
       0.18750000               1.0538814714892253              0.0683499504014695              1.0914078856919784              1.6371118285371489              1.6666666666670000              1.6666666666670000
       0.19250000               1.0562668203708618              0.0713211112064126              1.0955282265874908              1.6432923398804145              1.6666666666670000              1.6666666666670000
       0.19750000               1.0586612578677390              0.0742989101831324              1.0996705073178006              1.6495057609758759              1.6666666666670000              1.6666666666670000
       0.20250000               1.0610605735066896              0.0772786260240668              1.1038275188522060              1.6557412782774812              1.6666666666670000              1.6666666666670000
       0.20750000               1.0634607075471312              0.0802550100792890              1.1079922178435277              1.6619883267644604              1.6666666666670000              1.6666666666670000
       0.21250000               1.0658575265500425              0.0832224055572380              1.1121574352363268              1.6682361528536560              1.6666666666670000              1.6666666666670000
       0.21750000               1.0682464237423537              0.0861751887167260              1.1163151017932946              1.6744726526891049              1.6666666666670000              1.6666666666670000
       0.22250000               1.0706222158267455              0.0891077114379142              1.1204561410674634              1.6806842116003546              1.6666666666670000              1.6666666666670000
       0.22750000               1.0729794546704454              0.0920138434337838              1.1245708922140591              1.6868563383202451              1.6666666666670000              1.6666666666670000
       0.23250000               1.0753124329571846              0.0948866910979969              1.1286492543841300              1.6929738815753483              1.6666666666670000              1.6666666666670000
       0.23750000               1.0776153755166165              0.0977182302304100              1.1326808972645857              1.6990213458960288              1.6666666666670000              1.6666666666670000
       0.24250000               1.0798818079126169              0.1004997369908805              1.1366542728718358              1.7049814093069013              1.6666666666670000              1.6666666666670000
       0.24750000               1.0821037762168946              0.1032225183065008              1.1405550879856670              1.7108326319776450              1.6666666666670000              1.6666666666670000
       0.25250000               1.0842721255743837              0.1058770377373017              1.1443669579641638              1.7165504369453872              1.6666666666670000              1.6666666666670000
       0.25750000               1.0863771683340984              0.1084517211461010              1.1480724008446315              1.7221086012660860              1.6666666666670000              1.6666666666670000
       0.26250000               1.0884084694700356              0.1109324959191833              1.1516526240567544              1.7274789360842679              1.6666666666670000              1.6666666666670000
       0.26750000               1.0903535102695436              0.1133037532769647              1.1550849905259029              1.7326274857879878              1.6666666666670000              1.6666666666670000
       0.27250000               1.0921965859274898              0.1155485241538523              1.1583412396504935              1.7375118594748715              1.6666666666670000              1.6666666666670000
       0.27750000               1.0939197978370705              0.1176457330808936              1.1613890451397026              1.7420835677086828              1.6666666666670000              1.6666666666670000
       0.28250000               1.0955020524856154              0.1195687318224317              1.1641904271195063              1.7462856406783864              1.6666666666670000              1.6666666666670000
       0.28750000               1.0969164968858567              0.1212846505452246              1.1666970113716271              1.7500455170565654              1.6666666666670000              1.6666666666670000
       0.29250000               1.0981275327814122              0.1227524641868703              1.1688449183500704              1.7532673775242289              1.6666666666670000              1.6666666666670000
       0.29750000               1.0990875490954373              0.1239192201727927              1.1705488116082172              1.7558232174114479              1.6666666666670000              1.6666666666670000
       0.30250000               1.0997396204578767              0.1247107896840541              1.1717068678740852              1.7575603018102488              1.6666666666670000              1.6666666666670000
       0.30750000               1.1000137015531803              0.1250422320863978              1.1721939831332837              1.7582909746990465              1.6666666666670000              1.6666666666670000
       0.31250000               1.0998202679401590              0.1248078264014420              1.1718509060739402              1.7577763591100315              1.6666666666670000              1.6666666666670000
       0.31750000               1.0989892676597390              0.1238078156747138              1.1703760478232388              1.7555640717339802              1.6666666666670000              1.6666666666670000
       0.32250000               1.0971984709063560              0.1216258239212655              1.1671998904157621              1.7507998356227674              1.6666666666670000              1.6666666666670000
       0.32750000               1.0937938005389256              0.1174810280557635              1.1611704472462190              1.7417556708684576              1.6666666666670000              1.6666666666670000
       0.33250000               1.0876344527117225              0.1100316091915720              1.1502939710954787              1.7254409566423554              1.6666666666670000              1.6666666666670000
       0.33750000               1.0773130729276805              0.0973061737275587              1.1321572845541652              1.6982359268303988              1.6666666666670000              1.6666666666670000
       0.34250000               1.0628477633796365              0.0795057365735905              1.1069293897964350              1.6603940846938219              1.6666666666670000              1.6666666666670000
       0.34750000               1.0470871257857881              0.0598711199736615              1.0797037065766988              1.6195555598642384              1.6666666666670000              1.6666666666670000
       0.35250000               1.0334754155783128              0.0427036728122601              1.0564103007404104              1.5846154511098232              1.6666666666670000              1.6666666666670000
       0.35750000               1.0240895905484186              0.0308580438121003              1.0404694667307866              1.5607042000953997              1.6666666666670000              1.6666666666670000
       0.36250000               1.0185435353710905              0.0237874346837999              1.0310963328057754              1.5466444992078898              1.6666666666670000              1.6666666666670000
       0.36750000               1.0149090923449731              0.0191532806279228              1.0249717636415996              1.5374576454616307              1.6666666666670000              1.6666666666670000
       0.37250000               1.0121105582317000              0.0155705559325853              1.0202656038828937              1.5303984058235753              1.6666666666670000              1.6666666666670000
       0.37750000               1.0097877210796733              0.0125950929004780              1.0163659694687521              1.5245489542023660              1.6666666666670000              1.6666666666670000
       0.38250000               1.0078894882794476              0.0101578628875755              1.0131836312316704              1.5197754468467457              1.6666666666670000              1.6666666666670000
       0.38750000               1.0063821922287941              0.0082218872625765              1.0106595459876013              1.5159893189806439              1.6666666666670000              1.6666666666670000
       0.39250000               1.0051880614855424              0.0066860160150125              1.0086616682982437              1.5129925024466089              1.6666666666670000              1.6666666666670000
       0.39750000               1.0042232553095818              0.0054445528995818              1.0070486215375036              1.5105729323055002              1.6666666666670000              1.6666666666670000
       0.40250000               1.0034323705815795              0.0044260839562160              1.0057271219314139              1.5085906828963667              1.6666666666670000              1.6666666666670000
       0.40750000               1.0027828114051791              0.0035893184017756              1.0046422860869668              1.5069634291296967              1.6666666666670000              1.6666666666670000
       0.41250000               1.0022515064216586              0.0029044909094072              1.0037552985995342              1.5056329478985486              1.6666666666670000              1.6666666666670000
       0.41750000               1.0018178525807788              0.0023454499603044              1.0030315700578969              1.5045473550860933              1.6666666666670000              1.6666666666670000
       0.42250000               1.0014640047895236              0.0018890907553318              1.0024411883621787              1.5036617825425160              1.6666666666670000              1.6666666666670000
       0.42750000               1.0011753378265453              0.0015167707239010              1.0019596649453046              1.5029394974172054              1.6666666666670000              1.6666666666670000
       0.43250000               1.0009403235656298              0.0012135862952816              1.0015677111445824              1.5023515667161225              1.6666666666670000              1.6666666666670000
       0.43750000               1.0007495579892420              0.0009674652882081              1.0012496035525833              1.5018744053281239              1.6666666666670000              1.6666666666670000
       0.44250000               1.0005952208400661              0.0007683376408430              1.0009922743095447              1.5014884114635660              1.6666666666670000              1.6666666666670000
       0.44750000               1.0004707851975567              0.0006077670874104              1.0007848227783738              1.5011772341668101              1.6666666666670000              1.6666666666670000
       0.45250000               1.0003708105728464              0.0004787647818577              1.0006181656972564              1.5009272485451342              1.6666666666670000              1.6666666666670000
       0.45750000               1.0002908110490718              0.0003755217096752              1.0004848167759797              1.5007272251632191              1.6666666666670000              1.6666666666670000
       0.46250000               1.0002270605260692              0.0002932483679973              1.0003785582170035              1.5005678373247548              1.6666666666670000              1.6666666666670000
       0.46750000               1.0001764843071801              0.0002279703575935              1.0002942617694581              1.5004413926534368              1.6666666666670000              1.6666666666670000
       0.47250000               1.0001365411622012              0.0001764131030833              1.0002276880208536              1.5003415320305302              1.6666666666670000              1.6666666666670000
       0.47750000               1.0001051421686122              0.0001358819005590              1.0001753550333035              1.5002630325492050              1.6666666666670000              1.6666666666670000
       0.48250000               1.0000805784306306              0.0001041708749117              1.0001344120096696              1.5002016180137543              1.6666666666670000              1.6666666666670000
       0.48750000               1.0000614537698138              0.0000794818740673              1.0001025349865489              1.5001538024790730              1.6666666666670000              1.6666666666670000
       0.49250000               1.0000466382614048              0.0000603570894985              1.0000778362947780              1.5001167544414169              1.6666666666670000              1.6666666666670000
       0.49750000               1.0000352155864465              0.0000456163701693              1.0000587954420954              1.5000881931623931              1.6666666666670000              1.6666666666670000
       0.50250000               1.0000264565468344              0.0000343102676987              1.0000441928809154              1.5000662893206229              1.6666666666670000              1.6666666666670000
       0.50750000               1.0000197786242540              0.0000256797368670              1.0000330548532879              1.5000495822791817              1.6666666666670000              1.6666666666670000
       0.51250000               1.0000147136579851              0.0000191251604478              1.0000246031535529              1.5000369047295792              1.6666666666670000              1.6666666666670000
       0.51750000               1.0000108853179945              0.0000141745133658              1.0000182206941117              1.5000273310404177              1.6666666666670000              1.6666666666670000
       0.52250000               1.0000080018970354              0.0000104580067262              1.0000134213726133              1.5000201320581696              1.6666666666670000              1.6666666666670000
       0.52750000               1.0000058386401147              0.0000076848150599              1.0000098280996546              1.5000147421487318              1.6666666666670000              1.6666666666670000
       0.53250000               1.0000042331335859              0.0000056238574585              1.0000071548367628              1.5000107322543943              1.6666666666670000              1.6666666666670000
       0.53750000               1.0000030517053287              0.0000040968347704              1.0000051806451415              1.5000077709669624              1.6666666666670000              1.6666666666670000
       0.54250000               1.0000021855090613              0.0000029710286756              1.0000037306358796              1.5000055959530694              1.6666666666670000              1.6666666666670000
       0.54750000               1.0000015479057542              0.0000021454475209              1.0000026710183001              1.5000040065267000              1.6666666666670000              1.6666666666670000
       0.55250000               1.0000010821019778              0.0000015441056462              1.0000018995051247              1.5000028492569368              1.6666666666670000              1.6666666666670000
       0.55750000               1.0000007425483661              0.0000011089253571              1.0000013399599768              1.5000020099392151              1.6666666666670000              1.6666666666670000
       0.56250000               1.0000004950117525              0.0000007955376366              1.0000009363664284              1.5000014045488927              1.6666666666670000              1.6666666666670000
       0.56750000               1.0000003113989675              0.0000005708199298              1.0000006470344562              1.5000009705509343              1.6666666666670000              1.6666666666670000
       0.57250000               1.0000001791691693              0.0000004102861022              1.0000004409891967              1.5000006614830448              1.6666666666670000              1.6666666666670000
       0.57750000               1.0000000854278999              0.0000002952314559              1.0000002962625503              1.5000004443930754              1.6666666666670000              1.6666666666670000
       0.58250000               1.0000000183130109              0.0000002126584606              1.0000001958492006              1.5000002937730508              1.6666666666670000              1.6666666666670000
       0.58750000               0.9999999666146731              0.0000001540905071              1.0000001260822136              1.5000001891225703              1.6666666666670000              1.6666666666670000
       0.59250000               0.9999999307643492              0.0000001126121558              1.0000000780643423              1.5000001170957633              1.6666666666670000              1.6666666666670000
       0.59750000               0.9999999080303643              0.0000000821507889              1.0000000467978041              1.5000000701959559              1.6666666666670000              1.6666666666670000
       0.60250000               0.9999998960189137              0.0000000554584529              1.0000000324463072              1.5000000486687106              1.6666666666670000              1.6666666666670000
       0.60750000               0.9999998973040614              0.0000000205431980              1.0000000439447030              1.5000000659163044              1.6666666666670000              1.6666666666670000
       0.61250000               0.9999999121420504             -0.0000000199903279              1.0000000732945420              1.5000001099410629              1.6666666666670000              1.6666666666670000
       0.61750000               0.9999999292331173             -0.0000000537587404              1.0000001012444908              1.5000001518659862              1.6666666666670000              1.6666666666670000
       0.62250000               0.9999999352904257             -0.0000000693754338              1.0000001108085492              1.5000001662120737              1.6666666666670000              1.6666666666670000
       0.62750000               0.9999999099471566             -0.0000000447994005              1.0000000719400244              1.5000001079092862              1.6666666666670000              1.6666666666670000
       0.63250000               0.9999998612940605              0.0000000144381836              0.9999999906772132              1.4999999860150699              1.6666666666670000              1.6666666666670000
       0.63750000               0.9999998165408599              0.0000000733400047              0.9999999114421907              1.4999998671625359              1.6666666666670000              1.6666666666670000
       0.64250000               0.9999997906340070              0.0000001076387781              0.9999998650438359              1.4999997975650039              1.6666666666670000              1.6666666666670000
       0.64750000               0.9999997819819983              0.0000001168080915              0.9999998518075213              1.4999997777105318              1.6666666666670000              1.6666666666670000
       0.65250000               0.9999997863229867              0.0000001113676276              0.9999998579124473              1.4999997868679207              1.6666666666670000              1.6666666666670000
       0.65750000               0.9999998001897121              0.0000000970878063              0.9999998757473529              1.4999998136202792              1.6666666666670000              1.6666666666670000
       0.66250000               0.9999998163244084              0.0000000781779021              0.9999998997697090              1.4999998496538134              1.6666666666670000              1.6666666666670000
       0.66750000               0.9999998326452187              0.0000000556168556              0.9999999286434682              1.4999998929644522              1.6666666666670000              1.6666666666670000
       0.67250000               0.9999998574001434              0.0000000234775914              0.9999999699726150              1.4999999549581724              1.6666666666670000              1.6666666666670000
       0.67750000               0.9999998989358718             -0.0000000269293826              1.0000000349437632              1.5000000524148949              1.6666666666670000              1.6666666666670000
       0.68250000               0.9999999505309904             -0.0000000924994875              1.0000001195282739              1.5000001792916609              1.6666666666670000              1.6666666666670000
       0.68750000               1.0000000008265515             -0.0000001597431469              1.0000002062976301              1.5000003094456953              1.6666666666670000              1.6666666666670000
       0.69250000               1.0000000410177292             -0.0000002128695767              1.0000002748571175              1.5000004122849262              1.6666666666670000              1.6666666666670000
       0.69750000               1.0000000622936791             -0.0000002379784632              1.0000003072557677              1.5000004608829016              1.6666666666670000              1.6666666666670000
       0.70250000               1.0000000505913533             -0.0000002227587301              1.0000002875965035              1.5000004313940054              1.6666666666670000              1.6666666666670000
       0.70750000               1.0000000038721080             -0.0000001655647359              1.0000002137528021              1.5000003206284529              1.6666666666670000              1.6666666666670000
       0.71250000               0.9999999333131558             -0.0000000764995567              1.0000000987667064              1.5000001481493097              1.6666666666670000              1.6666666666670000
       0.71750000               0.9999998529521380              0.0000000289648935              0.9999999626120452              1.4999999439173177              1.6666666666670000              1.6666666666670000
       0.72250000               0.9999997745835293              0.0000001296646163              0.9999998326114367              1.4999997489164048              1.6666666666670000              1.6666666666670000
       0.72750000               0.9999997134486872              0.0000002049360529              0.9999997354417087              1.4999996031618130              1.6666666666670000              1.6666666666670000
       0.73250000               0.9999996790326333              0.0000002469177789              0.9999996812526744              1.4999995218782616              1.6666666666670000              1.6666666666670000
       0.73750000               0.9999996681336981              0.0000002623107425              0.9999996613950038              1.4999994920917559              1.6666666666670000              1.6666666666670000
       0.74250000               0.9999996714217050              0.0000002572569159              0.9999996679422721              1.4999995019126582              1.6666666666670000              1.6666666666670000
       0.74750000               0.9999996869260890              0.0000002332433006              0.9999996989795147              1.4999995484685218              1.6666666666670000              1.6666666666670000
       0.75250000               0.9999997177294244              0.0000001907677778              0.9999997538715931              1.4999996308066397              1.6666666666670000              1.6666666666670000
       0.75750000               0.9999997617439912              0.0000001350491188              0.9999998258929927              1.4999997388387389              1.6666666666670000              1.6666666666670000
       0.76250000               0.9999998042641939              0.0000000791662447              0.9999998981771405              1.4999998472649607              1.6666666666670000              1.6666666666670000
       0.76750000               0.9999998298085653              0.0000000420439834              0.9999999463199412              1.4999999194791618              1.6666666666670000              1.6666666666670000
       0.77250000               0.9999998239332059              0.0000000468893955              0.9999999404032824              1.4999999106041737              1.6666666666670000              1.6666666666670000
       0.77750000               0.9999997966737946              0.0000000832615318              0.9999998939699600              1.4999998409541899              1.6666666666670000              1.6666666666670000
       0.78250000               0.9999997582670065              0.0000001320776804              0.9999998317513951              1.4999997476263425              1.6666666666670000              1.6666666666670000
       0.78750000               0.9999997256122863              0.0000001705825713              0.9999997832679350              1.4999996749011526              1.6666666666670000              1.6666666666670000
       0.79250000               0.9999997225996573              0.0000001726422174              0.9999997824720085              1.4999996737072627              1.6666666666670000              1.6666666666670000
       0.79750000               0.9999997667625617              0.0000001183253463              0.9999998554110283              1.4999997831157923              1.6666666666670000              1.6666666666670000
       0.80250000               0.9999998217488880              0.0000000489177675              0.9999999492508113              1.4999999238754669              1.6666666666670000              1.6666666666670000
       0.80750000               0.9999998532647383              0.0000000082314179              1.0000000081118872              1.5000000121670809              1.6666666666670000              1.6666666666670000
       0.81250000               0.9999998216885074              0.0000000526964477              0.9999999601353320              1.4999999402022479              1.6666666666670000              1.6666666666670000
       0.81750000               0.9999997532546826              0.0000001520872655              0.9999998457784525              1.4999997686669286              1.6666666666670000              1.6666666666670000
       0.82250000               0.9999997030480027              0.0000002307331118              0.9999997647993709              1.4999996471983061              1.6666666666670000              1.6666666666670000
       0.82750000               0.9999997158615054              0.0000002322828478              0.9999997929068696              1.4999996893595542              1.6666666666670000              1.6666666666670000
       0.83250000               0.9999997730150879              0.0000001884924544              0.9999998933172831              1.4999998399751744              1.6666666666670000              1.6666666666670000
       0.83750000               0.9999998353789068              0.0000001571757065              0.9999999973566378              1.4999999960342068              1.6666666666670000              1.6666666666670000
       0.84250000               0.9999998852450440              0.0000001613140858              1.0000000837486023              1.5000001256221536              1.6666666666670000              1.6666666666670000
       0.84750000               0.9999999303351901              0.0000001994378300              1.0000001661352298              1.5000002492020945              1.6666666666670000              1.6666666666670000
       0.85250000               0.9999999873051109              0.0000002669352910              1.0000002668117050              1.5000004002168073              1.6666666666670000              1.6666666666670000
       0.85750000               1.0000000705031058              0.0000003656062543              1.0000004060621792              1.5000006090925186              1.6666666666670000              1.6666666666670000
       0.86250000               1.0000001920529389              0.0000004973157965              1.0000006125753975              1.5000009188623462              1.6666666666670000              1.6666666666670000
       0.86750000               1.0000003897372298              0.0000006458031175              1.0000009498697062              1.5000014248038094              1.6666666666670000              1.6666666666670000
       0.87250000               1.0000006678430573              0.0000008544535444              1.0000014197526008              1.5000021296281509              1.6666666666670000              1.6666666666670000
       0.87750000               1.0000010145160210              0.0000012020112300              1.0000019987149962              1.5000029980717442              1.6666666666670000              1.6666666666670000
       0.88250000               1.0000014097495600              0.0000017889108658              1.0000026621052294              1.5000039931570941              1.6666666666670000              1.6666666666670000
       0.88750000               1.0000018751231154              0.0000026956618792              1.0000034462506577              1.5000051693752365              1.6666666666670000              1.6666666666670000
       0.89250000               1.0000025551362355              0.0000038840537488              1.0000045867194640              1.5000068800784461              1.6666666666670000              1.6666666666670000
       0.89750000               1.0000035942514436              0.0000053609267475              1.0000063204712135              1.5000094807060702              1.6666666666670000              1.6666666666670000
       0.90250000               1.0000051052708021              0.0000072235386006              1.0000088443544621              1.5000132665309429              1.6666666666670000              1.6666666666670000
       0.90750000               1.0000071718095715              0.0000096893258665              1.0000122979588604              1.5000184469375406              1.6666666666670000              1.6666666666670000
       0.91250000               1.0000099058132277              0.0000130395710214              1.0000168626349100              1.5000252939516150              1.6666666666670000              1.6666666666670000
       0.91750000               1.0000134846080682              0.0000175912222985              1.0000228300818219              1.5000342451219828              1.6666666666670000              1.6666666666670000
       0.92250000               1.0000181832449162              0.0000236765189454              1.0000306677258834              1.5000460015880750              1.6666666666670000              1.6666666666670000
       0.92750000               1.0000243605449306              0.0000317141931728              1.0000409737167519              1.5000614605743776              1.6666666666670000              1.6666666666670000
       0.93250000               1.0000324620171517              0.0000422460258262              1.0000544854461531              1.5000817281684795              1.6666666666670000              1.6666666666670000
       0.93750000               1.0000430415927366              0.0000559543626548              1.0000721222811246              1.5001081834209369              1.6666666666670000              1.6666666666670000
       0.94250000               1.0000567637060220              0.0000737087998410              1.0000950008989569              1.5001425013476852              1.6666666666670000              1.6666666666670000
       0.94750000               1.0000744514260171              0.0000965879932108              1.0001244932599571              1.5001867398891853              1.6666666666670000              1.6666666666670000
       0.95250000               1.0000971235166456              0.0001259032796461              1.0001622924902016              1.5002434387345522              1.6666666666670000              1.6666666666670000
       0.95750000               1.0001260233378277              0.0001632382175734              1.0002104674211560              1.5003157011309838              1.6666666666670000              1.6666666666670000
       0.96250000               1.0001626562524071              0.0002104780639755              1.0002715372871134              1.5004073059299201              1.6666666666670000              1.6666666666670000
       0.96750000               1.0002087862974689              0.0002699221880446              1.0003484431795822              1.5005226647686227              1.6666666666670000              1.6666666666670000
       0.97250000               1.0002664733876783              0.0003443214580970              1.0004446153493265              1.5006669230232392              1.6666666666670000              1.6666666666670000
       0.97750000               1.0003381671620177              0.0004368362113250              1.0005641355423089              1.5008462033127128              1.6666666666670000              1.6666666666670000
       0.98250000               1.0004266992023196              0.0005511073612158              1.0007117373723919              1.5010676060578374              1.6666666666670000              1.6666666666670000
       0.98750000               1.0005353329342164              0.0006912613049589              1.0008928664066115              1.5013392996091663              1.6666666666670000              1.6666666666670000
       0.99250000               1.0006677777279795              0.0008619097328447              1.0011137099569145              1.5016705649346209              1.6666666666670000              1.6666666666670000
       0.99750000               1.0008280034815447              0.0010683691765694              1.0013808944350544              1.5020713416518305              1.6666666666670000              1.6666666666670000
