       0.00250000               1.0000000000179279              1.0000000000000004              0.5999999999998792              0.8999999999993689              1.6666666666670000              1.6666666666670000
       0.00750000               1.0000000000233193              0.9999999999999993              0.5999999999998802              0.8999999999993703              1.6666666666670000              1.6666666666670000
       0.01250000               1.0000000000410894              0.9999999999999993              0.5999999999998804              0.8999999999993706              1.6666666666670000              1.6666666666670000
       0.01750000               1.0000000000731717              1.0000000000000013              0.5999999999998782              0.8999999999993673              1.6666666666670000              1.6666666666670000
       0.02250000               1.0000000001237999              0.9999999999999998              0.5999999999998796              0.8999999999993694              1.6666666666670000              1.6666666666670000
       0.02750000               1.0000000002009406              0.9999999999999991              0.5999999999998800              0.8999999999993700              1.6666666666670000              1.6666666666670000
       0.03250000               1.0000000003183798              1.0000000000000009              0.5999999999998786              0.8999999999993679              1.6666666666670000              1.6666666666670000
       0.03750000               1.0000000004987286              1.0000000000000027              0.5999999999998769              0.8999999999993653              1.6666666666670000              1.6666666666670000
       0.04250000               1.0000000007778422              1.0000000000000000              0.5999999999998790              0.8999999999993684              1.6666666666670000              1.6666666666670000
       0.04750000               1.0000000012112602              1.0000000000000016              0.5999999999998783              0.8999999999993674              1.6666666666670000              1.6666666666670000
       0.05250000               1.0000000018836335              1.0000000000000029              0.5999999999998765              0.8999999999993648              1.6666666666670000              1.6666666666670000
       0.05750000               1.0000000029224834              1.0000000000000024              0.5999999999998772              0.8999999999993656              1.6666666666670000              1.6666666666670000
       0.06250000               1.0000000045184803              1.0000000000000002              0.5999999999998790              0.8999999999993684              1.6666666666670000              1.6666666666670000
       0.06750000               1.0000000069554509              1.0000000000000020              0.5999999999998776              0.8999999999993664              1.6666666666670000              1.6666666666670000
       0.07250000               1.0000000106546176              1.0000000000000009              0.5999999999998784              0.8999999999993675              1.6666666666670000              1.6666666666670000
       0.07750000               1.0000000162391869              1.0000000000000007              0.5999999999998787              0.8999999999993682              1.6666666666670000              1.6666666666670000
       0.08250000               1.0000000246276977              0.9999999999999991              0.5999999999998802              0.8999999999993702              1.6666666666670000              1.6666666666670000
       0.08750000               1.0000000371674780              1.0000000000000011              0.5999999999998777              0.8999999999993666              1.6666666666670000              1.6666666666670000
       0.09250000               1.0000000558240434              0.9999999999999993              0.5999999999998805              0.8999999999993707              1.6666666666670000              1.6666666666670000
       0.09750000               1.0000000834483307              1.0000000000000000              0.5999999999998797              0.8999999999993694              1.6666666666670000              1.6666666666670000
       0.10250000               1.0000001241522565              1.0000000000000002              0.5999999999998795              0.8999999999993693              1.6666666666670000              1.6666666666670000
       0.10750000               1.0000001838340813              0.9999999999999967              0.5999999999998830              0.8999999999993744              1.6666666666670000              1.6666666666670000
       0.11250000               1.0000002709095768              1.0000000000000013              0.5999999999998794              0.8999999999993690              1.6666666666670000              1.6666666666670000
       0.11750000               1.0000003973235874              1.0000000000000011              0.5999999999998790              0.8999999999993684              1.6666666666670000              1.6666666666670000
       0.12250000               1.0000005799402980              0.9999999999999984              0.5999999999998813              0.8999999999993720              1.6666666666670000              1.6666666666670000
       0.12750000               1.0000008424417972              0.9999999999999996              0.5999999999998801              0.8999999999993702              1.6666666666670000              1.6666666666670000
       0.13250000               1.0000012179043141              1.0000000000000004              0.5999999999998796              0.8999999999993694              1.6666666666670000              1.6666666666670000
       0.13750000               1.0000017522724591              0.9999999999999978              0.5999999999998816              0.8999999999993724              1.6666666666670000              1.6666666666670000
       0.14250000               1.0000025090156566              1.0000000000000000              0.5999999999998805              0.8999999999993706              1.6666666666670000              1.6666666666670000
       0.14750000               1.0000035753299743              0.9999999999999987              0.5999999999998809              0.8999999999993713              1.6666666666670000              1.6666666666670000
       0.15250000               1.0000050703452013              1.0000000000000013              0.5999999999998784              0.8999999999993676              1.6666666666670000              1.6666666666670000
       0.15750000               1.0000071559145609              0.9999999999999989              0.5999999999998817              0.8999999999993726              1.6666666666670000              1.6666666666670000
       0.16250000               1.0000100507052734              1.0000000000000009              0.5999999999998800              0.8999999999993700              1.6666666666670000              1.6666666666670000
       0.16750000               1.0000140484758349              1.0000000000000011              0.5999999999998793              0.8999999999993690              1.6666666666670000              1.6666666666670000
       0.17250000               1.0000195416215090              0.9999999999999989              0.5999999999998812              0.8999999999993717              1.6666666666670000              1.6666666666670000
       0.17750000               1.0000270512955536              1.0000000000000009              0.5999999999998804              0.8999999999993705              1.6666666666670000              1.6666666666670000
       0.18250000               1.0000372656693721              1.0000000000000007              0.5999999999998799              0.8999999999993697              1.6666666666670000              1.6666666666670000
       0.18750000               1.0000510881788018              1.0000000000000007              0.5999999999998803              0.8999999999993703              1.6666666666670000              1.6666666666670000
       0.19250000               1.0000696979123080              0.9999999999999971              0.5999999999998835              0.8999999999993752              1.6666666666670000              1.6666666666670000
       0.19750000               1.0000946246227471              1.0000000000000022              0.5999999999998781              0.8999999999993671              1.6666666666670000              1.6666666666670000
       0.20250000               1.0001278411778978              0.9999999999999996              0.5999999999998811              0.8999999999993716              1.6666666666670000              1.6666666666670000
       0.20750000               1.0001718765910368              0.9999999999999998              0.5999999999998809              0.8999999999993712              1.6666666666670000              1.6666666666670000
       0.21250000               1.0002299530721492              1.0000000000000004              0.5999999999998807              0.8999999999993711              1.6666666666670000              1.6666666666670000
       0.21750000               1.0003061507848769              1.0000000000000016              0.5999999999998792              0.8999999999993687              1.6666666666670000              1.6666666666670000
       0.22250000               1.0004056041528360              0.9999999999999989              0.5999999999998816              0.8999999999993724              1.6666666666670000              1.6666666666670000
       0.22750000               1.0005347335926353              1.0000000000000004              0.5999999999998797              0.8999999999993694              1.6666666666670000              1.6666666666670000
       0.23250000               1.0007015164182445              1.0000000000000013              0.5999999999998790              0.8999999999993684              1.6666666666670000              1.6666666666670000
       0.23750000               1.0009158003128993              1.0000000000000004              0.5999999999998801              0.8999999999993701              1.6666666666670000              1.6666666666670000
       0.24250000               1.0011896621455558              0.9999999999999989              0.5999999999998820              0.8999999999993729              1.6666666666670000              1.6666666666670000
       0.24750000               1.0015378139592537              0.9999999999999993              0.5999999999998812              0.8999999999993717              1.6666666666670000              1.6666666666670000
       0.25250000               1.0019780566238787              0.9999999999999989              0.5999999999998822              0.8999999999993731              1.6666666666670000              1.6666666666670000
       0.25750000               1.0025317798814133              0.9999999999999976              0.5999999999998832              0.8999999999993747              1.6666666666670000              1.6666666666670000
       0.26250000               1.0032245052863500              1.0000000000000000              0.5999999999998803              0.8999999999993704              1.6666666666670000              1.6666666666670000
       0.26750000               1.0040864658336355              1.0000000000000002              0.5999999999998801              0.8999999999993701              1.6666666666670000              1.6666666666670000
       0.27250000               1.0051532128571352              0.9999999999999993              0.5999999999998811              0.8999999999993716              1.6666666666670000              1.6666666666670000
       0.27750000               1.0064662370822732              0.9999999999999987              0.5999999999998813              0.8999999999993719              1.6666666666670000              1.6666666666670000
       0.28250000               1.0080735865833612              1.0000000000000007              0.5999999999998800              0.8999999999993699              1.6666666666670000              1.6666666666670000
       0.28750000               1.0100304599485046              0.9999999999999991              0.5999999999998811              0.8999999999993715              1.6666666666670000              1.6666666666670000
       0.29250000               1.0123997483627760              1.0000000000000018              0.5999999999998785              0.8999999999993678              1.6666666666670000              1.6666666666670000
       0.29750000               1.0152524957741564              0.9999999999999982              0.5999999999998816              0.8999999999993725              1.6666666666670000              1.6666666666670000
       0.30250000               1.0186682419981667              1.0000000000000000              0.5999999999998795              0.8999999999993693              1.6666666666670000              1.6666666666670000
       0.30750000               1.0227352097645304              0.9999999999999998              0.5999999999998794              0.8999999999993690              1.6666666666670000              1.6666666666670000
       0.31250000               1.0275502936112186              0.9999999999999993              0.5999999999998803              0.8999999999993704              1.6666666666670000              1.6666666666670000
       0.31750000               1.0332188066029264              0.9999999999999987              0.5999999999998809              0.8999999999993713              1.6666666666670000              1.6666666666670000
       0.32250000               1.0398539405694904              1.0000000000000004              0.5999999999998784              0.8999999999993676              1.6666666666670000              1.6666666666670000
       0.32750000               1.0475758973357037              1.0000000000000004              0.5999999999998792              0.8999999999993686              1.6666666666670000              1.6666666666670000
       0.33250000               1.0565106524676848              0.9999999999999990              0.5999999999998805              0.8999999999993707              1.6666666666670000              1.6666666666670000
       0.33750000               1.0667883194247010              0.9999999999999996              0.5999999999998803              0.8999999999993703              1.6666666666670000              1.6666666666670000
       0.34250000               1.0785410906810970              0.9999999999999986              0.5999999999998809              0.8999999999993712              1.6666666666670000              1.6666666666670000
       0.34750000               1.0919007435371204              0.9999999999999980              0.5999999999998816              0.8999999999993724              1.6666666666670000              1.6666666666670000
       0.35250000               1.1069957123228482              0.9999999999999988              0.5999999999998814              0.8999999999993722              1.6666666666670000              1.6666666666670000
       0.35750000               1.1239477457800329              0.9999999999999992              0.5999999999998812              0.8999999999993716              1.6666666666670000              1.6666666666670000
       0.36250000               1.1428681883029250              0.9999999999999998              0.5999999999998802              0.8999999999993703              1.6666666666670000              1.6666666666670000
       0.36750000               1.1638539453138266              0.9999999999999992              0.5999999999998810              0.8999999999993715              1.6666666666670000              1.6666666666670000
       0.37250000               1.1869832145964214              1.0000000000000007              0.5999999999998795              0.8999999999993693              1.6666666666670000              1.6666666666670000
       0.37750000               1.2123110852707186              0.9999999999999994              0.5999999999998810              0.8999999999993715              1.6666666666670000              1.6666666666670000
       0.38250000               1.2398651235692519              1.0000000000000000              0.5999999999998805              0.8999999999993707              1.6666666666670000              1.6666666666670000
       0.38750000               1.2696410801691751              0.9999999999999998              0.5999999999998804              0.8999999999993706              1.6666666666670000              1.6666666666670000
       0.39250000               1.3015988685075404              0.9999999999999987              0.5999999999998812              0.8999999999993717              1.6666666666670000              1.6666666666670000
       0.39750000               1.3356589771650855              0.9999999999999989              0.5999999999998812              0.8999999999993717              1.6666666666670000              1.6666666666670000
       0.40250000               1.3716994896024575              0.9999999999999981              0.5999999999998815              0.8999999999993722              1.6666666666670000              1.6666666666670000
       0.40750000               1.4095538865443005              0.9999999999999984              0.5999999999998814              0.8999999999993721              1.6666666666670000              1.6666666666670000
       0.41250000               1.4490097950822312              0.9999999999999983              0.5999999999998821              0.8999999999993731              1.6666666666670000              1.6666666666670000
       0.41750000               1.4898088218871732              0.9999999999999983              0.5999999999998811              0.8999999999993716              1.6666666666670000              1.6666666666670000
       0.42250000               1.5316475689168578              0.9999999999999989              0.5999999999998804              0.8999999999993705              1.6666666666670000              1.6666666666670000
       0.42750000               1.5741798870949439              0.9999999999999991              0.5999999999998800              0.8999999999993700              1.6666666666670000              1.6666666666670000
       0.43250000               1.6170203868580355              0.9999999999999992              0.5999999999998800              0.8999999999993697              1.6666666666670000              1.6666666666670000
       0.43750000               1.6597492005640433              0.9999999999999991              0.5999999999998800              0.8999999999993699              1.6666666666670000              1.6666666666670000
       0.44250000               1.7019179779963465              0.9999999999999992              0.5999999999998792              0.8999999999993689              1.6666666666670000              1.6666666666670000
       0.44750000               1.7430570801486083              0.9999999999999991              0.5999999999998802              0.8999999999993703              1.6666666666670000              1.6666666666670000
       0.45250000               1.7826839004476958              0.9999999999999992              0.5999999999998792              0.8999999999993687              1.6666666666670000              1.6666666666670000
       0.45750000               1.8203121727047638              0.9999999999999998              0.5999999999998784              0.8999999999993675              1.6666666666670000              1.6666666666670000
       0.46250000               1.8554620208185901              1.0000000000000002              0.5999999999998785              0.8999999999993678              1.6666666666670000              1.6666666666670000
       0.46750000               1.8876703842636657              0.9999999999999996              0.5999999999998785              0.8999999999993678              1.6666666666670000              1.6666666666670000
       0.47250000               1.9165013487046698              1.0000000000000002              0.5999999999998787              0.8999999999993680              1.6666666666670000              1.6666666666670000
       0.47750000               1.9415558611099208              1.0000000000000000              0.5999999999998791              0.8999999999993686              1.6666666666670000              1.6666666666670000
       0.48250000               1.9624803455933524              0.9999999999999994              0.5999999999998796              0.8999999999993695              1.6666666666670000              1.6666666666670000
       0.48750000               1.9789738817443749              0.9999999999999988              0.5999999999998805              0.8999999999993707              1.6666666666670000              1.6666666666670000
       0.49250000               1.9907938915857708              0.9999999999999983              0.5999999999998810              0.8999999999993714              1.6666666666670000              1.6666666666670000
       0.49750000               1.9977608226066250              0.9999999999999986              0.5999999999998814              0.8999999999993722              1.6666666666670000              1.6666666666670000
       0.50250000               1.9997634438922387              0.9999999999999987              0.5999999999998804              0.8999999999993706              1.6666666666670000              1.6666666666670000
       0.50750000               1.9967673386782834              0.9999999999999988              0.5999999999998810              0.8999999999993713              1.6666666666670000              1.6666666666670000
       0.51250000               1.9888210795314392              0.9999999999999987              0.5999999999998805              0.8999999999993707              1.6666666666670000              1.6666666666670000
       0.51750000               1.9760496590696137              0.9999999999999992              0.5999999999998803              0.8999999999993704              1.6666666666670000              1.6666666666670000
       0.52250000               1.9586463720409937              0.9999999999999992              0.5999999999998801              0.8999999999993701              1.6666666666670000              1.6666666666670000
       0.52750000               1.9368670966291077              0.9999999999999993              0.5999999999998792              0.8999999999993689              1.6666666666670000              1.6666666666670000
       0.53250000               1.9110249222988236              0.9999999999999990              0.5999999999998801              0.8999999999993700              1.6666666666670000              1.6666666666670000
       0.53750000               1.8814838581945186              0.9999999999999987              0.5999999999998810              0.8999999999993715              1.6666666666670000              1.6666666666670000
       0.54250000               1.8486512639715400              0.9999999999999990              0.5999999999998805              0.8999999999993707              1.6666666666670000              1.6666666666670000
       0.54750000               1.8129690617823244              0.9999999999999989              0.5999999999998811              0.8999999999993715              1.6666666666670000              1.6666666666670000
       0.55250000               1.7749040369381093              0.9999999999999984              0.5999999999998816              0.8999999999993724              1.6666666666670000              1.6666666666670000
       0.55750000               1.7349376518644097              0.9999999999999998              0.5999999999998799              0.8999999999993697              1.6666666666670000              1.6666666666670000
       0.56250000               1.6935558241244963              0.9999999999999992              0.5999999999998802              0.8999999999993702              1.6666666666670000              1.6666666666670000
       0.56750000               1.6512390806023887              0.9999999999999996              0.5999999999998794              0.8999999999993691              1.6666666666670000              1.6666666666670000
       0.57250000               1.6084534235651764              0.9999999999999989              0.5999999999998803              0.8999999999993703              1.6666666666670000              1.6666666666670000
       0.57750000               1.5656421562416996              0.9999999999999990              0.5999999999998810              0.8999999999993714              1.6666666666670000              1.6666666666670000
       0.58250000               1.5232188343286734              0.9999999999999988              0.5999999999998804              0.8999999999993706              1.6666666666670000              1.6666666666670000
       0.58750000               1.4815614446877421              0.9999999999999991              0.5999999999998803              0.8999999999993704              1.6666666666670000              1.6666666666670000
       0.59250000               1.4410078638069825              0.9999999999999988              0.5999999999998809              0.8999999999993712              1.6666666666670000              1.6666666666670000
       0.59750000               1.4018526113494860              1.0000000000000002              0.5999999999998783              0.8999999999993674              1.6666666666670000              1.6666666666670000
       0.60250000               1.3643448819773074              0.9999999999999999              0.5999999999998791              0.8999999999993686              1.6666666666670000              1.6666666666670000
       0.60750000               1.3286878071982131              0.9999999999999983              0.5999999999998813              0.8999999999993720              1.6666666666670000              1.6666666666670000
       0.61250000               1.2950388670754167              0.9999999999999991              0.5999999999998802              0.8999999999993702              1.6666666666670000              1.6666666666670000
       0.61750000               1.2635113409526757              0.9999999999999972              0.5999999999998825              0.8999999999993737              1.6666666666670000              1.6666666666670000
       0.62250000               1.2341766599466812              0.9999999999999988              0.5999999999998813              0.8999999999993719              1.6666666666670000              1.6666666666670000
       0.62750000               1.2070675046954766              1.0000000000000007              0.5999999999998791              0.8999999999993684              1.6666666666670000              1.6666666666670000
       0.63250000               1.1821814813058948              0.9999999999999991              0.5999999999998802              0.8999999999993702              1.6666666666670000              1.6666666666670000
       0.63750000               1.1594852066560977              1.0000000000000000              0.5999999999998797              0.8999999999993695              1.6666666666670000              1.6666666666670000
       0.64250000               1.1389186400348235              1.0000000000000024              0.5999999999998767              0.8999999999993651              1.6666666666670000              1.6666666666670000
       0.64750000               1.1203995098242678              1.0000000000000047              0.5999999999998752              0.8999999999993629              1.6666666666670000              1.6666666666670000
       0.65250000               1.1038276998306615              0.9999999999999994              0.5999999999998803              0.8999999999993705              1.6666666666670000              1.6666666666670000
       0.65750000               1.0890894784915575              1.0000000000000022              0.5999999999998772              0.8999999999993658              1.6666666666670000              1.6666666666670000
       0.66250000               1.0760614744267871              1.0000000000000007              0.5999999999998797              0.8999999999993696              1.6666666666670000              1.6666666666670000
       0.66750000               1.0646143227598384              0.9999999999999991              0.5999999999998811              0.8999999999993715              1.6666666666670000              1.6666666666670000
       0.67250000               1.0546159275286568              1.0000000000000009              0.5999999999998789              0.8999999999993683              1.6666666666670000              1.6666666666670000
       0.67750000               1.0459343055758605              1.0000000000000002              0.5999999999998800              0.8999999999993700              1.6666666666670000              1.6666666666670000
       0.68250000               1.0384399958598427              1.0000000000000011              0.5999999999998780              0.8999999999993670              1.6666666666670000              1.6666666666670000
       0.68750000               1.0320080345737310              0.9999999999999984              0.5999999999998814              0.8999999999993721              1.6666666666670000              1.6666666666670000
       0.69250000               1.0265195103838460              0.9999999999999991              0.5999999999998810              0.8999999999993714              1.6666666666670000              1.6666666666670000
       0.69750000               1.0218627252872876              1.0000000000000004              0.5999999999998792              0.8999999999993689              1.6666666666670000              1.6666666666670000
       0.70250000               1.0179339950082376              0.9999999999999998              0.5999999999998806              0.8999999999993707              1.6666666666670000              1.6666666666670000
       0.70750000               1.0146381286235220              1.0000000000000029              0.5999999999998769              0.8999999999993652              1.6666666666670000              1.6666666666670000
       0.71250000               1.0118886304521588              0.9999999999999980              0.5999999999998822              0.8999999999993731              1.6666666666670000              1.6666666666670000
       0.71750000               1.0096076684499307              1.0000000000000000              0.5999999999998804              0.8999999999993705              1.6666666666670000              1.6666666666670000
       0.72250000               1.0077258527467721              0.9999999999999991              0.5999999999998806              0.8999999999993709              1.6666666666670000              1.6666666666670000
       0.72750000               1.0061818658972110              0.9999999999999984              0.5999999999998815              0.8999999999993722              1.6666666666670000              1.6666666666670000
       0.73250000               1.0049219832327878              0.9999999999999976              0.5999999999998822              0.8999999999993732              1.6666666666670000              1.6666666666670000
       0.73750000               1.0038995177459280              0.9999999999999978              0.5999999999998819              0.8999999999993729              1.6666666666670000              1.6666666666670000
       0.74250000               1.0030742195080864              0.9999999999999971              0.5999999999998832              0.8999999999993747              1.6666666666670000              1.6666666666670000
       0.74750000               1.0024116550029734              0.9999999999999976              0.5999999999998826              0.8999999999993739              1.6666666666670000              1.6666666666670000
       0.75250000               1.0018825871650126              1.0000000000000013              0.5999999999998786              0.8999999999993679              1.6666666666670000              1.6666666666670000
       0.75750000               1.0014623725327456              0.9999999999999980              0.5999999999998815              0.8999999999993722              1.6666666666670000              1.6666666666670000
       0.76250000               1.0011303878880664              1.0000000000000007              0.5999999999998787              0.8999999999993682              1.6666666666670000              1.6666666666670000
       0.76750000               1.0008694951439898              0.9999999999999967              0.5999999999998835              0.8999999999993752              1.6666666666670000              1.6666666666670000
       0.77250000               1.0006655501157447              1.0000000000000009              0.5999999999998792              0.8999999999993686              1.6666666666670000              1.6666666666670000
       0.77750000               1.0005069581820392              1.0000000000000009              0.5999999999998784              0.8999999999993675              1.6666666666670000              1.6666666666670000
       0.78250000               1.0003842777061094              1.0000000000000016              0.5999999999998780              0.8999999999993670              1.6666666666670000              1.6666666666670000
       0.78750000               1.0002898704136494              1.0000000000000002              0.5999999999998792              0.8999999999993687              1.6666666666670000              1.6666666666670000
       0.79250000               1.0002175966736204              1.0000000000000013              0.5999999999998791              0.8999999999993686              1.6666666666670000              1.6666666666670000
       0.79750000               1.0001625527485964              1.0000000000000009              0.5999999999998784              0.8999999999993676              1.6666666666670000              1.6666666666670000
       0.80250000               1.0001208465180700              1.0000000000000011              0.5999999999998790              0.8999999999993683              1.6666666666670000              1.6666666666670000
       0.80750000               1.0000894078760456              1.0000000000000027              0.5999999999998772              0.8999999999993656              1.6666666666670000              1.6666666666670000
       0.81250000               1.0000658299100667              0.9999999999999996              0.5999999999998804              0.8999999999993704              1.6666666666670000              1.6666666666670000
       0.81750000               1.0000482370339190              0.9999999999999993              0.5999999999998803              0.8999999999993703              1.6666666666670000              1.6666666666670000
       0.82250000               1.0000351764274535              0.9999999999999984              0.5999999999998819              0.8999999999993726              1.6666666666670000              1.6666666666670000
       0.82750000               1.0000255293963387              0.9999999999999982              0.5999999999998812              0.8999999999993717              1.6666666666670000              1.6666666666670000
       0.83250000               1.0000184395717604              0.9999999999999996              0.5999999999998806              0.8999999999993710              1.6666666666670000              1.6666666666670000
       0.83750000               1.0000132551996452              0.9999999999999980              0.5999999999998822              0.8999999999993732              1.6666666666670000              1.6666666666670000
       0.84250000               1.0000094831029822              0.9999999999999996              0.5999999999998797              0.8999999999993696              1.6666666666670000              1.6666666666670000
       0.84750000               1.0000067522252261              1.0000000000000018              0.5999999999998792              0.8999999999993686              1.6666666666670000              1.6666666666670000
       0.85250000               1.0000047849679248              0.9999999999999996              0.5999999999998803              0.8999999999993705              1.6666666666670000              1.6666666666670000
       0.85750000               1.0000033748151909              0.9999999999999982              0.5999999999998813              0.8999999999993720              1.6666666666670000              1.6666666666670000
       0.86250000               1.0000023689870496              0.9999999999999989              0.5999999999998810              0.8999999999993713              1.6666666666670000              1.6666666666670000
       0.86750000               1.0000016550824924              0.9999999999999998              0.5999999999998804              0.8999999999993706              1.6666666666670000              1.6666666666670000
       0.87250000               1.0000011508622251              0.9999999999999984              0.5999999999998814              0.8999999999993722              1.6666666666670000              1.6666666666670000
       0.87750000               1.0000007964832194              1.0000000000000000              0.5999999999998797              0.8999999999993695              1.6666666666670000              1.6666666666670000
       0.88250000               1.0000005486344234              0.9999999999999989              0.5999999999998812              0.8999999999993719              1.6666666666670000              1.6666666666670000
       0.88750000               1.0000003761369882              1.0000000000000016              0.5999999999998780              0.8999999999993669              1.6666666666670000              1.6666666666670000
       0.89250000               1.0000002566652375              1.0000000000000013              0.5999999999998789              0.8999999999993682              1.6666666666670000              1.6666666666670000
       0.89750000               1.0000001743185807              1.0000000000000002              0.5999999999998797              0.8999999999993696              1.6666666666670000              1.6666666666670000
       0.90250000               1.0000001178340023              1.0000000000000004              0.5999999999998796              0.8999999999993694              1.6666666666670000              1.6666666666670000
       0.90750000               1.0000000792767372              0.9999999999999989              0.5999999999998814              0.8999999999993720              1.6666666666670000              1.6666666666670000
       0.91250000               1.0000000530859217              1.0000000000000004              0.5999999999998792              0.8999999999993687              1.6666666666670000              1.6666666666670000
       0.91750000               1.0000000353833152              0.9999999999999976              0.5999999999998825              0.8999999999993739              1.6666666666670000              1.6666666666670000
       0.92250000               1.0000000234765765              1.0000000000000016              0.5999999999998786              0.8999999999993679              1.6666666666670000              1.6666666666670000
       0.92750000               1.0000000155057125              0.9999999999999989              0.5999999999998810              0.8999999999993714              1.6666666666670000              1.6666666666670000
       0.93250000               1.0000000101930879              0.9999999999999953              0.5999999999998843              0.8999999999993765              1.6666666666670000              1.6666666666670000
       0.93750000               1.0000000066671018              0.9999999999999980              0.5999999999998820              0.8999999999993730              1.6666666666670000              1.6666666666670000
       0.94250000               1.0000000043374320              0.9999999999999989              0.5999999999998809              0.8999999999993712              1.6666666666670000              1.6666666666670000
       0.94750000               1.0000000028065430              0.9999999999999993              0.5999999999998804              0.8999999999993706              1.6666666666670000              1.6666666666670000
       0.95250000               1.0000000018073885              0.9999999999999969              0.5999999999998826              0.8999999999993740              1.6666666666670000              1.6666666666670000
       0.95750000               1.0000000011603418              0.9999999999999993              0.5999999999998810              0.8999999999993714              1.6666666666670000              1.6666666666670000
       0.96250000               1.0000000007443273              0.9999999999999998              0.5999999999998807              0.8999999999993711              1.6666666666670000              1.6666666666670000
       0.96750000               1.0000000004778817              0.9999999999999996              0.5999999999998801              0.8999999999993700              1.6666666666670000              1.6666666666670000
       0.97250000               1.0000000003068108              0.9999999999999971              0.5999999999998827              0.8999999999993741              1.6666666666670000              1.6666666666670000
       0.97750000               1.0000000001958327              0.9999999999999978              0.5999999999998819              0.8999999999993729              1.6666666666670000              1.6666666666670000
       0.98250000               1.0000000001227225              0.9999999999999984              0.5999999999998819              0.8999999999993727              1.6666666666670000              1.6666666666670000
       0.98750000               1.0000000000741114              1.0000000000000000              0.5999999999998799              0.8999999999993697              1.6666666666670000              1.6666666666670000
       0.99250000               1.0000000000425227              1.0000000000000002              0.5999999999998796              0.8999999999993694              1.6666666666670000              1.6666666666670000
       0.99750000               1.0000000000242668              1.0000000000000004              0.5999999999998791              0.8999999999993686              1.6666666666670000              1.6666666666670000
