       0.00250000               1.0000001222198827              0.9999999999999996              0.5999999999998809              0.8999999999993711              1.6666666666670000              1.6666666666670000
       0.00750000               1.0000001811902022              1.0000000000000000              0.5999999999998796              0.8999999999993694              1.6666666666670000              1.6666666666670000
       0.01250000               1.0000002673164461              1.0000000000000000              0.5999999999998802              0.8999999999993701              1.6666666666670000              1.6666666666670000
       0.01750000               1.0000003924756216              1.0000000000000002              0.5999999999998797              0.8999999999993696              1.6666666666670000              1.6666666666670000
       0.02250000               1.0000005734493622              1.0000000000000004              0.5999999999998800              0.8999999999993700              1.6666666666670000              1.6666666666670000
       0.02750000               1.0000008338200312              1.0000000000000009              0.5999999999998784              0.8999999999993678              1.6666666666670000              1.6666666666670000
       0.03250000               1.0000012065448700              0.9999999999999991              0.5999999999998811              0.8999999999993716              1.6666666666670000              1.6666666666670000
       0.03750000               1.0000017374292163              0.9999999999999996              0.5999999999998803              0.8999999999993703              1.6666666666670000              1.6666666666670000
       0.04250000               1.0000024897835860              0.9999999999999973              0.5999999999998828              0.8999999999993742              1.6666666666670000              1.6666666666670000
       0.04750000               1.0000035506281151              0.9999999999999982              0.5999999999998825              0.8999999999993737              1.6666666666670000              1.6666666666670000
       0.05250000               1.0000050389047581              0.9999999999999978              0.5999999999998819              0.8999999999993727              1.6666666666670000              1.6666666666670000
       0.05750000               1.0000071162751398              0.9999999999999991              0.5999999999998809              0.8999999999993713              1.6666666666670000              1.6666666666670000
       0.06250000               1.0000100012234683              1.0000000000000011              0.5999999999998790              0.8999999999993685              1.6666666666670000              1.6666666666670000
       0.06750000               1.0000139873515139              0.9999999999999991              0.5999999999998809              0.8999999999993713              1.6666666666670000              1.6666666666670000
       0.07250000               1.0000194669486595              0.9999999999999984              0.5999999999998813              0.8999999999993719              1.6666666666670000              1.6666666666670000
       0.07750000               1.0000269611457253              1.0000000000000009              0.5999999999998797              0.8999999999993695              1.6666666666670000              1.6666666666670000
       0.08250000               1.0000371582165353              0.9999999999999993              0.5999999999998802              0.8999999999993702              1.6666666666670000              1.6666666666670000
       0.08750000               1.0000509618747231              1.0000000000000004              0.5999999999998804              0.8999999999993707              1.6666666666670000              1.6666666666670000
       0.09250000               1.0000695517212350              1.0000000000000011              0.5999999999998794              0.8999999999993690              1.6666666666670000              1.6666666666670000
       0.09750000               1.0000944583236413              0.9999999999999998              0.5999999999998812              0.8999999999993719              1.6666666666670000              1.6666666666670000
       0.10250000               1.0001276557411631              1.0000000000000013              0.5999999999998792              0.8999999999993689              1.6666666666670000              1.6666666666670000
       0.10750000               1.0001716746341363              0.9999999999999996              0.5999999999998810              0.8999999999993714              1.6666666666670000              1.6666666666670000
       0.11250000               1.0002297393927162              1.0000000000000011              0.5999999999998800              0.8999999999993699              1.6666666666670000              1.6666666666670000
       0.11750000               1.0003059329622195              1.0000000000000009              0.5999999999998804              0.8999999999993706              1.6666666666670000              1.6666666666670000
       0.12250000               1.0004053931997339              0.9999999999999989              0.5999999999998816              0.8999999999993724              1.6666666666670000              1.6666666666670000
       0.12750000               1.0005345446311218              1.0000000000000004              0.5999999999998805              0.8999999999993707              1.6666666666670000              1.6666666666670000
       0.13250000               1.0007013693433382              1.0000000000000018              0.5999999999998785              0.8999999999993679              1.6666666666670000              1.6666666666670000
       0.13750000               1.0009157203936798              0.9999999999999991              0.5999999999998813              0.8999999999993720              1.6666666666670000              1.6666666666670000
       0.14250000               1.0011896804927054              1.0000000000000007              0.5999999999998799              0.8999999999993697              1.6666666666670000              1.6666666666670000
       0.14750000               1.0015379677692380              0.9999999999999998              0.5999999999998806              0.8999999999993709              1.6666666666670000              1.6666666666670000
       0.15250000               1.0019783891015643              0.9999999999999991              0.5999999999998813              0.8999999999993719              1.6666666666670000              1.6666666666670000
       0.15750000               1.0025323397469281              1.0000000000000011              0.5999999999998791              0.8999999999993685              1.6666666666670000              1.6666666666670000
       0.16250000               1.0032253457758984              0.9999999999999987              0.5999999999998813              0.8999999999993719              1.6666666666670000              1.6666666666670000
       0.16750000               1.0040876430943872              0.9999999999999996              0.5999999999998807              0.8999999999993711              1.6666666666670000              1.6666666666670000
       0.17250000               1.0051547836202186              0.9999999999999993              0.5999999999998803              0.8999999999993704              1.6666666666670000              1.6666666666670000
       0.17750000               1.0064682555073354              1.0000000000000011              0.5999999999998783              0.8999999999993674              1.6666666666670000              1.6666666666670000
       0.18250000               1.0080761002340624              0.9999999999999989              0.5999999999998812              0.8999999999993717              1.6666666666670000              1.6666666666670000
       0.18750000               1.0100335049664741              1.0000000000000004              0.5999999999998805              0.8999999999993707              1.6666666666670000              1.6666666666670000
       0.19250000               1.0124033439945668              0.9999999999999996              0.5999999999998807              0.8999999999993710              1.6666666666670000              1.6666666666670000
       0.19750000               1.0152566384145489              0.9999999999999989              0.5999999999998809              0.8999999999993712              1.6666666666670000              1.6666666666670000
       0.20250000               1.0186728988725360              1.0000000000000000              0.5999999999998803              0.8999999999993704              1.6666666666670000              1.6666666666670000
       0.20750000               1.0227403124029808              0.9999999999999989              0.5999999999998815              0.8999999999993721              1.6666666666670000              1.6666666666670000
       0.21250000               1.0275557314741099              1.0000000000000002              0.5999999999998792              0.8999999999993687              1.6666666666670000              1.6666666666670000
       0.21750000               1.0332244215443758              0.9999999999999998              0.5999999999998804              0.8999999999993705              1.6666666666670000              1.6666666666670000
       0.22250000               1.0398595230287397              1.0000000000000009              0.5999999999998789              0.8999999999993682              1.6666666666670000              1.6666666666670000
       0.22750000               1.0475811849819621              0.9999999999999998              0.5999999999998799              0.8999999999993699              1.6666666666670000              1.6666666666670000
       0.23250000               1.0565153315268492              0.9999999999999996              0.5999999999998802              0.8999999999993702              1.6666666666670000              1.6666666666670000
       0.23750000               1.0667920284941546              0.9999999999999996              0.5999999999998805              0.8999999999993706              1.6666666666670000              1.6666666666670000
       0.24250000               1.0785434269859890              1.0000000000000000              0.5999999999998806              0.8999999999993709              1.6666666666670000              1.6666666666670000
       0.24750000               1.0919012723647115              0.9999999999999996              0.5999999999998804              0.8999999999993706              1.6666666666670000              1.6666666666670000
       0.25250000               1.1069939811424330              1.0000000000000000              0.5999999999998805              0.8999999999993707              1.6666666666670000              1.6666666666670000
       0.25750000               1.1239433043038576              1.0000000000000002              0.5999999999998803              0.8999999999993704              1.6666666666670000              1.6666666666670000
       0.26250000               1.1428606139870858              0.9999999999999998              0.5999999999998799              0.8999999999993697              1.6666666666670000              1.6666666666670000
       0.26750000               1.1638428713337086              0.9999999999999997              0.5999999999998804              0.8999999999993705              1.6666666666670000              1.6666666666670000
       0.27250000               1.1869683560260795              1.0000000000000007              0.5999999999998799              0.8999999999993697              1.6666666666670000              1.6666666666670000
       0.27750000               1.2122922606470601              1.0000000000000004              0.5999999999998793              0.8999999999993690              1.6666666666670000              1.6666666666670000
       0.28250000               1.2398422729247747              0.9999999999999993              0.5999999999998800              0.8999999999993699              1.6666666666670000              1.6666666666670000
       0.28750000               1.2696142842543694              1.0000000000000004              0.5999999999998796              0.8999999999993694              1.6666666666670000              1.6666666666670000
       0.29250000               1.3015683736638339              0.9999999999999998              0.5999999999998800              0.8999999999993700              1.6666666666670000              1.6666666666670000
       0.29750000               1.3356252244887477              1.0000000000000009              0.5999999999998794              0.8999999999993692              1.6666666666670000              1.6666666666670000
       0.30250000               1.3716631382086752              1.0000000000000007              0.5999999999998792              0.8999999999993687              1.6666666666670000              1.6666666666670000
       0.30750000               1.4095158151352798              1.0000000000000000              0.5999999999998799              0.8999999999993696              1.6666666666670000              1.6666666666670000
       0.31250000               1.4489710698111418              0.9999999999999989              0.5999999999998812              0.8999999999993716              1.6666666666670000              1.6666666666670000
       0.31750000               1.4897706328261162              0.9999999999999991              0.5999999999998807              0.8999999999993711              1.6666666666670000              1.6666666666670000
       0.32250000               1.5316111557567731              0.9999999999999987              0.5999999999998817              0.8999999999993726              1.6666666666670000              1.6666666666670000
       0.32750000               1.5741464852256570              0.9999999999999988              0.5999999999998807              0.8999999999993711              1.6666666666670000              1.6666666666670000
       0.33250000               1.6169912175824206              0.9999999999999981              0.5999999999998823              0.8999999999993733              1.6666666666670000              1.6666666666670000
       0.33750000               1.6597255031285496              0.9999999999999996              0.5999999999998813              0.8999999999993720              1.6666666666670000              1.6666666666670000
       0.34250000               1.7019010480786578              0.9999999999999991              0.5999999999998810              0.8999999999993713              1.6666666666670000              1.6666666666670000
       0.34750000               1.7430482590252834              0.9999999999999993              0.5999999999998806              0.8999999999993709              1.6666666666670000              1.6666666666670000
       0.35250000               1.7826844679437954              0.9999999999999997              0.5999999999998804              0.8999999999993705              1.6666666666670000              1.6666666666670000
       0.35750000               1.8203231378210989              0.9999999999999989              0.5999999999998810              0.8999999999993714              1.6666666666670000              1.6666666666670000
       0.36250000               1.8554838607777617              0.9999999999999987              0.5999999999998813              0.8999999999993721              1.6666666666670000              1.6666666666670000
       0.36750000               1.8877028273107657              0.9999999999999993              0.5999999999998809              0.8999999999993712              1.6666666666670000              1.6666666666670000
       0.37250000               1.9165433018285776              1.0000000000000002              0.5999999999998795              0.8999999999993693              1.6666666666670000              1.6666666666670000
       0.37750000               1.9416055411803190              1.0000000000000004              0.5999999999998794              0.8999999999993692              1.6666666666670000              1.6666666666670000
       0.38250000               1.9625355955735417              1.0000000000000004              0.5999999999998793              0.8999999999993690              1.6666666666670000              1.6666666666670000
       0.38750000               1.9790325759794734              1.0000000000000004              0.5999999999998790              0.8999999999993683              1.6666666666670000              1.6666666666670000
       0.39250000               1.9908542922713821              1.0000000000000004              0.5999999999998791              0.8999999999993685              1.6666666666670000              1.6666666666670000
       0.39750000               1.9978217635786746              0.9999999999999999              0.5999999999998792              0.8999999999993686              1.6666666666670000              1.6666666666670000
       0.40250000               1.9998242757441553              0.9999999999999988              0.5999999999998810              0.8999999999993713              1.6666666666670000              1.6666666666670000
       0.40750000               1.9968276341209565              0.9999999999999989              0.5999999999998806              0.8999999999993710              1.6666666666670000              1.6666666666670000
       0.41250000               1.9888802187015475              0.9999999999999992              0.5999999999998806              0.8999999999993709              1.6666666666670000              1.6666666666670000
       0.41750000               1.9761065511662133              0.9999999999999997              0.5999999999998800              0.8999999999993700              1.6666666666670000              1.6666666666670000
       0.42250000               1.9586994153599719              0.9999999999999997              0.5999999999998792              0.8999999999993689              1.6666666666670000              1.6666666666670000
       0.42750000               1.9369143558707393              0.9999999999999992              0.5999999999998805              0.8999999999993706              1.6666666666670000              1.6666666666670000
       0.43250000               1.9110644442318589              0.9999999999999989              0.5999999999998805              0.8999999999993707              1.6666666666670000              1.6666666666670000
       0.43750000               1.8815140134752248              0.9999999999999998              0.5999999999998797              0.8999999999993696              1.6666666666670000              1.6666666666670000
       0.44250000               1.8486710087799181              0.9999999999999996              0.5999999999998800              0.8999999999993699              1.6666666666670000              1.6666666666670000
       0.44750000               1.8129780554498329              1.0000000000000002              0.5999999999998800              0.8999999999993700              1.6666666666670000              1.6666666666670000
       0.45250000               1.7749026093590436              1.0000000000000000              0.5999999999998800              0.8999999999993699              1.6666666666670000              1.6666666666670000
       0.45750000               1.7349266626919684              0.9999999999999992              0.5999999999998809              0.8999999999993711              1.6666666666670000              1.6666666666670000
       0.46250000               1.6935364782960189              0.9999999999999992              0.5999999999998807              0.8999999999993711              1.6666666666670000              1.6666666666670000
       0.46750000               1.6512127590123842              0.9999999999999993              0.5999999999998805              0.8999999999993706              1.6666666666670000              1.6666666666670000
       0.47250000               1.6084215629548961              0.9999999999999987              0.5999999999998814              0.8999999999993721              1.6666666666670000              1.6666666666670000
       0.47750000               1.5656061831606600              0.9999999999999984              0.5999999999998821              0.8999999999993731              1.6666666666670000              1.6666666666670000
       0.48250000               1.5231801368932860              0.9999999999999991              0.5999999999998814              0.8999999999993721              1.6666666666670000              1.6666666666670000
       0.48750000               1.4815213586273548              1.0000000000000004              0.5999999999998790              0.8999999999993683              1.6666666666670000              1.6666666666670000
       0.49250000               1.4409676543968792              1.0000000000000004              0.5999999999998794              0.8999999999993691              1.6666666666670000              1.6666666666670000
       0.49750000               1.4018134440986003              1.0000000000000004              0.5999999999998803              0.8999999999993704              1.6666666666670000              1.6666666666670000
       0.50250000               1.3643077855413217              0.9999999999999993              0.5999999999998806              0.8999999999993710              1.6666666666670000              1.6666666666670000
       0.50750000               1.3286536375869507              1.0000000000000002              0.5999999999998790              0.8999999999993683              1.6666666666670000              1.6666666666670000
       0.51250000               1.2950082820539752              0.9999999999999997              0.5999999999998797              0.8999999999993695              1.6666666666670000              1.6666666666670000
       0.51750000               1.2634847895782217              0.9999999999999982              0.5999999999998817              0.8999999999993725              1.6666666666670000              1.6666666666670000
       0.52250000               1.2341543873689789              0.9999999999999993              0.5999999999998809              0.8999999999993712              1.6666666666670000              1.6666666666670000
       0.52750000               1.2070495689390091              0.9999999999999991              0.5999999999998810              0.8999999999993714              1.6666666666670000              1.6666666666670000
       0.53250000               1.1821677775699768              0.9999999999999991              0.5999999999998807              0.8999999999993711              1.6666666666670000              1.6666666666670000
       0.53750000               1.1594754952661257              0.9999999999999998              0.5999999999998795              0.8999999999993692              1.6666666666670000              1.6666666666670000
       0.54250000               1.1389125755180645              1.0000000000000029              0.5999999999998772              0.8999999999993659              1.6666666666670000              1.6666666666670000
       0.54750000               1.1203966697533549              1.0000000000000018              0.5999999999998775              0.8999999999993663              1.6666666666670000              1.6666666666670000
       0.55250000               1.1038276126618203              0.9999999999999996              0.5999999999998797              0.8999999999993695              1.6666666666670000              1.6666666666670000
       0.55750000               1.0890916496958216              1.0000000000000011              0.5999999999998784              0.8999999999993675              1.6666666666670000              1.6666666666670000
       0.56250000               1.0760654100870128              1.0000000000000036              0.5999999999998760              0.8999999999993639              1.6666666666670000              1.6666666666670000
       0.56750000               1.0646195497758055              1.0000000000000022              0.5999999999998783              0.8999999999993673              1.6666666666670000              1.6666666666670000
       0.57250000               1.0546220097564472              0.9999999999999990              0.5999999999998806              0.8999999999993709              1.6666666666670000              1.6666666666670000
       0.57750000               1.0459408555774585              0.9999999999999972              0.5999999999998821              0.8999999999993731              1.6666666666670000              1.6666666666670000
       0.58250000               1.0384466823255585              1.0000000000000009              0.5999999999998791              0.8999999999993684              1.6666666666670000              1.6666666666670000
       0.58750000               1.0320145857914167              1.0000000000000004              0.5999999999998790              0.8999999999993685              1.6666666666670000              1.6666666666670000
       0.59250000               1.0265257143176747              1.0000000000000004              0.5999999999998795              0.8999999999993693              1.6666666666670000              1.6666666666670000
       0.59750000               1.0218684269076868              1.0000000000000016              0.5999999999998775              0.8999999999993663              1.6666666666670000              1.6666666666670000
       0.60250000               1.0179390915238131              0.9999999999999993              0.5999999999998812              0.8999999999993717              1.6666666666670000              1.6666666666670000
       0.60750000               1.0146425632406546              0.9999999999999982              0.5999999999998810              0.8999999999993714              1.6666666666670000              1.6666666666670000
       0.61250000               1.0118923852458617              0.9999999999999987              0.5999999999998811              0.8999999999993716              1.6666666666670000              1.6666666666670000
       0.61750000               1.0096107568724004              0.9999999999999996              0.5999999999998805              0.8999999999993707              1.6666666666670000              1.6666666666670000
       0.62250000               1.0077283122254366              1.0000000000000024              0.5999999999998769              0.8999999999993652              1.6666666666670000              1.6666666666670000
       0.62750000               1.0061837508840976              1.0000000000000000              0.5999999999998800              0.8999999999993700              1.6666666666670000              1.6666666666670000
       0.63250000               1.0049233589683728              1.0000000000000013              0.5999999999998785              0.8999999999993679              1.6666666666670000              1.6666666666670000
       0.63750000               1.0039004549039985              0.9999999999999984              0.5999999999998816              0.8999999999993725              1.6666666666670000              1.6666666666670000
       0.64250000               1.0030747898013592              0.9999999999999969              0.5999999999998824              0.8999999999993735              1.6666666666670000              1.6666666666670000
       0.64750000               1.0024119277577277              0.9999999999999993              0.5999999999998802              0.8999999999993703              1.6666666666670000              1.6666666666670000
       0.65250000               1.0018826268176984              0.9999999999999951              0.5999999999998846              0.8999999999993769              1.6666666666670000              1.6666666666670000
       0.65750000               1.0014622369617316              1.0000000000000011              0.5999999999998786              0.8999999999993680              1.6666666666670000              1.6666666666670000
       0.66250000               1.0011301274681079              0.9999999999999962              0.5999999999998833              0.8999999999993749              1.6666666666670000              1.6666666666670000
       0.66750000               1.0008691523970634              0.9999999999999947              0.5999999999998853              0.8999999999993779              1.6666666666670000              1.6666666666670000
       0.67250000               1.0006651598293306              1.0000000000000000              0.5999999999998799              0.8999999999993696              1.6666666666670000              1.6666666666670000
       0.67750000               1.0005065478710689              1.0000000000000004              0.5999999999998790              0.8999999999993683              1.6666666666670000              1.6666666666670000
       0.68250000               1.0003838683067459              0.9999999999999984              0.5999999999998814              0.8999999999993720              1.6666666666670000              1.6666666666670000
       0.68750000               1.0002894771125370              1.0000000000000011              0.5999999999998789              0.8999999999993682              1.6666666666670000              1.6666666666670000
       0.69250000               1.0002172297936520              1.0000000000000002              0.5999999999998800              0.8999999999993699              1.6666666666670000              1.6666666666670000
       0.69750000               1.0001622186296082              0.9999999999999976              0.5999999999998825              0.8999999999993737              1.6666666666670000              1.6666666666670000
       0.70250000               1.0001205483476736              1.0000000000000058              0.5999999999998742              0.8999999999993612              1.6666666666670000              1.6666666666670000
       0.70750000               1.0000891464408863              0.9999999999999984              0.5999999999998813              0.8999999999993719              1.6666666666670000              1.6666666666670000
       0.71250000               1.0000656042505234              0.9999999999999991              0.5999999999998810              0.8999999999993714              1.6666666666670000              1.6666666666670000
       0.71750000               1.0000480449958158              1.0000000000000000              0.5999999999998794              0.8999999999993692              1.6666666666670000              1.6666666666670000
       0.72250000               1.0000350151114239              1.0000000000000018              0.5999999999998780              0.8999999999993670              1.6666666666670000              1.6666666666670000
       0.72750000               1.0000253955108560              1.0000000000000013              0.5999999999998782              0.8999999999993671              1.6666666666670000              1.6666666666670000
       0.73250000               1.0000183296992990              0.9999999999999964              0.5999999999998837              0.8999999999993756              1.6666666666670000              1.6666666666670000
       0.73750000               1.0000131659879239              1.0000000000000000              0.5999999999998802              0.8999999999993702              1.6666666666670000              1.6666666666670000
       0.74250000               1.0000094113945310              0.9999999999999989              0.5999999999998813              0.8999999999993719              1.6666666666670000              1.6666666666670000
       0.74750000               1.0000066951379425              1.0000000000000007              0.5999999999998796              0.8999999999993694              1.6666666666670000              1.6666666666670000
       0.75250000               1.0000047399378602              0.9999999999999998              0.5999999999998807              0.8999999999993710              1.6666666666670000              1.6666666666670000
       0.75750000               1.0000033396104826              1.0000000000000002              0.5999999999998796              0.8999999999993694              1.6666666666670000              1.6666666666670000
       0.76250000               1.0000023417005750              0.9999999999999987              0.5999999999998810              0.8999999999993714              1.6666666666670000              1.6666666666670000
       0.76750000               1.0000016341101441              0.9999999999999991              0.5999999999998805              0.8999999999993709              1.6666666666670000              1.6666666666670000
       0.77250000               1.0000011348733679              1.0000000000000002              0.5999999999998802              0.8999999999993703              1.6666666666670000              1.6666666666670000
       0.77750000               1.0000007843885055              0.9999999999999969              0.5999999999998822              0.8999999999993732              1.6666666666670000              1.6666666666670000
       0.78250000               1.0000005395539435              0.9999999999999982              0.5999999999998814              0.8999999999993721              1.6666666666670000              1.6666666666670000
       0.78750000               1.0000003693696666              1.0000000000000009              0.5999999999998786              0.8999999999993679              1.6666666666670000              1.6666666666670000
       0.79250000               1.0000002516593642              1.0000000000000007              0.5999999999998785              0.8999999999993679              1.6666666666670000              1.6666666666670000
       0.79750000               1.0000001706439929              1.0000000000000004              0.5999999999998796              0.8999999999993694              1.6666666666670000              1.6666666666670000
       0.80250000               1.0000001151572659              0.9999999999999998              0.5999999999998800              0.8999999999993700              1.6666666666670000              1.6666666666670000
       0.80750000               1.0000000773407127              1.0000000000000022              0.5999999999998771              0.8999999999993656              1.6666666666670000              1.6666666666670000
       0.81250000               1.0000000516940961              1.0000000000000018              0.5999999999998787              0.8999999999993680              1.6666666666670000              1.6666666666670000
       0.81750000               1.0000000343877851              0.9999999999999978              0.5999999999998824              0.8999999999993735              1.6666666666670000              1.6666666666670000
       0.82250000               1.0000000227681731              0.9999999999999996              0.5999999999998806              0.8999999999993709              1.6666666666670000              1.6666666666670000
       0.82750000               1.0000000150050863              0.9999999999999982              0.5999999999998819              0.8999999999993727              1.6666666666670000              1.6666666666670000
       0.83250000               1.0000000098427146              1.0000000000000013              0.5999999999998789              0.8999999999993682              1.6666666666670000              1.6666666666670000
       0.83750000               1.0000000064247920              0.9999999999999971              0.5999999999998835              0.8999999999993752              1.6666666666670000              1.6666666666670000
       0.84250000               1.0000000041717032              1.0000000000000009              0.5999999999998789              0.8999999999993683              1.6666666666670000              1.6666666666670000
       0.84750000               1.0000000026938920              0.9999999999999976              0.5999999999998827              0.8999999999993741              1.6666666666670000              1.6666666666670000
       0.85250000               1.0000000017306285              1.0000000000000020              0.5999999999998776              0.8999999999993664              1.6666666666670000              1.6666666666670000
       0.85750000               1.0000000011074988              0.9999999999999971              0.5999999999998824              0.8999999999993736              1.6666666666670000              1.6666666666670000
       0.86250000               1.0000000007074610              0.9999999999999989              0.5999999999998812              0.8999999999993719              1.6666666666670000              1.6666666666670000
       0.86750000               1.0000000004519682              1.0000000000000007              0.5999999999998789              0.8999999999993682              1.6666666666670000              1.6666666666670000
       0.87250000               1.0000000002887048              0.9999999999999987              0.5999999999998810              0.8999999999993714              1.6666666666670000              1.6666666666670000
       0.87750000               1.0000000001834926              1.0000000000000007              0.5999999999998793              0.8999999999993690              1.6666666666670000              1.6666666666670000
       0.88250000               1.0000000001147373              1.0000000000000009              0.5999999999998794              0.8999999999993690              1.6666666666670000              1.6666666666670000
       0.88750000               1.0000000000694083              1.0000000000000004              0.5999999999998795              0.8999999999993692              1.6666666666670000              1.6666666666670000
       0.89250000               1.0000000000402010              1.0000000000000000              0.5999999999998796              0.8999999999993694              1.6666666666670000              1.6666666666670000
       0.89750000               1.0000000000235030              1.0000000000000007              0.5999999999998793              0.8999999999993689              1.6666666666670000              1.6666666666670000
       0.90250000               1.0000000000179241              0.9999999999999989              0.5999999999998812              0.8999999999993716              1.6666666666670000              1.6666666666670000
       0.90750000               1.0000000000232701              0.9999999999999991              0.5999999999998800              0.8999999999993699              1.6666666666670000              1.6666666666670000
       0.91250000               1.0000000000401716              0.9999999999999991              0.5999999999998804              0.8999999999993705              1.6666666666670000              1.6666666666670000
       0.91750000               1.0000000000705274              0.9999999999999976              0.5999999999998824              0.8999999999993736              1.6666666666670000              1.6666666666670000
       0.92250000               1.0000000001184948              0.9999999999999984              0.5999999999998806              0.8999999999993710              1.6666666666670000              1.6666666666670000
       0.92750000               1.0000000001919376              0.9999999999999976              0.5999999999998819              0.8999999999993726              1.6666666666670000              1.6666666666670000
       0.93250000               1.0000000003044334              1.0000000000000000              0.5999999999998794              0.8999999999993691              1.6666666666670000              1.6666666666670000
       0.93750000               1.0000000004782479              0.9999999999999993              0.5999999999998802              0.8999999999993703              1.6666666666670000              1.6666666666670000
       0.94250000               1.0000000007486129              0.9999999999999996              0.5999999999998802              0.8999999999993701              1.6666666666670000              1.6666666666670000
       0.94750000               1.0000000011700090              1.0000000000000007              0.5999999999998792              0.8999999999993689              1.6666666666670000              1.6666666666670000
       0.95250000               1.0000000018253035              1.0000000000000004              0.5999999999998786              0.8999999999993680              1.6666666666670000              1.6666666666670000
       0.95750000               1.0000000028392357              1.0000000000000018              0.5999999999998775              0.8999999999993663              1.6666666666670000              1.6666666666670000
       0.96250000               1.0000000043985000              1.0000000000000004              0.5999999999998794              0.8999999999993690              1.6666666666670000              1.6666666666670000
       0.96750000               1.0000000067816206              1.0000000000000002              0.5999999999998791              0.8999999999993686              1.6666666666670000              1.6666666666670000
       0.97250000               1.0000000104030955              0.9999999999999982              0.5999999999998810              0.8999999999993714              1.6666666666670000              1.6666666666670000
       0.97750000               1.0000000158777036              1.0000000000000013              0.5999999999998784              0.8999999999993675              1.6666666666670000              1.6666666666670000
       0.98250000               1.0000000241131846              1.0000000000000009              0.5999999999998789              0.8999999999993681              1.6666666666670000              1.6666666666670000
       0.98750000               1.0000000364424826              0.9999999999999991              0.5999999999998802              0.8999999999993703              1.6666666666670000              1.6666666666670000
       0.99250000               1.0000000548115557              1.0000000000000022              0.5999999999998780              0.8999999999993669              1.6666666666670000              1.6666666666670000
       0.99750000               1.0000000820449655              1.0000000000000002              0.5999999999998799              0.8999999999993697              1.6666666666670000              1.6666666666670000
