       0.00250000               1.0001031597583812              0.0001220550982623              1.0001444266377904              2.5003610665944769              1.3999999999999999              1.3999999999999999
       0.00750000               1.0000791299244631              0.0000936247600203              1.0001107836452086              2.5002769591130218              1.3999999999999999              1.3999999999999999
       0.01250000               1.0000603988310421              0.0000714630416206              1.0000845593835204              2.5002113984588012              1.3999999999999999              1.3999999999999999
       0.01750000               1.0000458741506761              0.0000542779149146              1.0000642243993545              2.5001605609983870              1.3999999999999999              1.3999999999999999
       0.02250000               1.0000346700832092              0.0000410214619448              1.0000485384525584              2.5001213461313969              1.3999999999999999              1.3999999999999999
       0.02750000               1.0000260726708854              0.0000308490364878              1.0000365019292814              2.5000912548232042              1.3999999999999999              1.3999999999999999
       0.03250000               1.0000195099991662              0.0000230840087341              1.0000273141052392              2.5000682852630982              1.3999999999999999              1.3999999999999999
       0.03750000               1.0000145267436067              0.0000171876662620              1.0000203375000380              2.5000508437500955              1.3999999999999999              1.3999999999999999
       0.04250000               1.0000107626173289              0.0000127337231559              1.0000150676966371              2.5000376692415931              1.3999999999999999              1.3999999999999999
       0.04750000               1.0000079342698496              0.0000093869119095              1.0000111079953824              2.5000277699884563              1.3999999999999999              1.3999999999999999
       0.05250000               1.0000058202099789              0.0000068851481196              1.0000081483034380              2.5000203707585955              1.3999999999999999              1.3999999999999999
       0.05750000               1.0000042483471068              0.0000050247919370              1.0000059476909933              2.5000148692274839              1.3999999999999999              1.3999999999999999
       0.06250000               1.0000030857772537              0.0000036485647004              1.0000043200908160              2.5000108002270403              1.3999999999999999              1.3999999999999999
       0.06750000               1.0000022304741913              0.0000026357195983              1.0000031226652586              2.5000078066631470              1.3999999999999999              1.3999999999999999
       0.07250000               1.0000016045817182              0.0000018941071742              1.0000022464151277              2.5000056160378197              1.3999999999999999              1.3999999999999999
       0.07750000               1.0000011490390253              0.0000013538187993              1.0000016086550032              2.5000040216375088              1.3999999999999999              1.3999999999999999
       0.08250000               1.0000008193058589              0.0000009621321654              1.0000011470283898              2.5000028675709753              1.3999999999999999              1.3999999999999999
       0.08750000               1.0000005819871645              0.0000006795214818              1.0000008147821238              2.5000020369553102              1.3999999999999999              1.3999999999999999
       0.09250000               1.0000004121870947              0.0000004765305680              1.0000005770619802              2.5000014426549506              1.3999999999999999              1.3999999999999999
       0.09750000               1.0000002914497270              0.0000003313392808              1.0000004080296419              2.5000010200741052              1.3999999999999999              1.3999999999999999
       0.10250000               1.0000002061673843              0.0000002278828981              1.0000002886343491              2.5000007215858728              1.3999999999999999              1.3999999999999999
       0.10750000               1.0000001463580743              0.0000001544097545              1.0000002049013110              2.5000005122532780              1.3999999999999999              1.3999999999999999
       0.11250000               1.0000001047320848              0.0000001023833818              1.0000001466249226              2.5000003665623072              1.3999999999999999              1.3999999999999999
       0.11750000               1.0000000759852261              0.0000000656511446              1.0000001063793178              2.5000002659482949              1.3999999999999999              1.3999999999999999
       0.12250000               1.0000000562709288              0.0000000398145111              1.0000000787793033              2.5000001969482590              1.3999999999999999              1.3999999999999999
       0.12750000               1.0000000428127560              0.0000000217502362              1.0000000599378593              2.5000001498446491              1.3999999999999999              1.3999999999999999
       0.13250000               1.0000000336227945              0.0000000092476557              1.0000000470719101              2.5000001176797761              1.3999999999999999              1.3999999999999999
       0.13750000               1.0000000272936502              0.0000000007414857              1.0000000382111109              2.5000000955277777              1.3999999999999999              1.3999999999999999
       0.14250000               1.0000000228373680             -0.0000000048737816              1.0000000319723157              2.5000000799307900              1.3999999999999999              1.3999999999999999
       0.14750000               1.0000000195572338             -0.0000000083662319              1.0000000273801286              2.5000000684503223              1.3999999999999999              1.3999999999999999
       0.15250000               1.0000000169542256             -0.0000000102541661              1.0000000237359137              2.5000000593397851              1.3999999999999999              1.3999999999999999
       0.15750000               1.0000000146799508             -0.0000000108930862              1.0000000205519322              2.5000000513798311              1.3999999999999999              1.3999999999999999
       0.16250000               1.0000000125138222             -0.0000000105505988              1.0000000175193495              2.5000000437983747              1.3999999999999999              1.3999999999999999
       0.16750000               1.0000000103307132             -0.0000000094406377              1.0000000144629966              2.5000000361574917              1.3999999999999999              1.3999999999999999
       0.17250000               1.0000000080535310             -0.0000000077185342              1.0000000112749396              2.5000000281873498              1.3999999999999999              1.3999999999999999
       0.17750000               1.0000000056034870             -0.0000000054580755              1.0000000078448739              2.5000000196121852              1.3999999999999999              1.3999999999999999
       0.18250000               1.0000000028800116             -0.0000000026527354              1.0000000040320036              2.5000000100800097              1.3999999999999999              1.3999999999999999
       0.18750000               0.9999999997923378              0.0000000007295805              0.9999999997092476              2.4999999992731197              1.3999999999999999              1.3999999999999999
       0.19250000               0.9999999962772541              0.0000000047134416              0.9999999947881111              2.4999999869702783              1.3999999999999999              1.3999999999999999
       0.19750000               0.9999999921445166              0.0000000094906130              0.9999999890022456              2.4999999725056146              1.3999999999999999              1.3999999999999999
       0.20250000               0.9999999867009466              0.0000000158593514              0.9999999813811853              2.4999999534529636              1.3999999999999999              1.3999999999999999
       0.20750000               0.9999999780751929              0.0000000260195852              0.9999999693050401              2.4999999232626009              1.3999999999999999              1.3999999999999999
       0.21250000               0.9999999611595135              0.0000000460055882              0.9999999456229255              2.4999998640573144              1.3999999999999999              1.3999999999999999
       0.21750000               0.9999999298922747              0.0000000829834194              0.9999999018485299              2.4999997546213253              1.3999999999999999              1.3999999999999999
       0.22250000               0.9999998882132968              0.0000001322874217              0.9999998434975339              2.4999996087438352              1.3999999999999999              1.3999999999999999
       0.22750000               0.9999998460786934              0.0000001821349564              0.9999997845084025              2.4999994612710070              1.3999999999999999              1.3999999999999999
       0.23250000               0.9999998156943597              0.0000002180825890              0.9999997419692429              2.4999993549231077              1.3999999999999999              1.3999999999999999
       0.23750000               0.9999998107871503              0.0000002238880602              0.9999997350974361              2.4999993377435907              1.3999999999999999              1.3999999999999999
       0.24250000               0.9999998517106504              0.0000001754687645              0.9999997923876703              2.4999994809691763              1.3999999999999999              1.3999999999999999
       0.24750000               0.9999999221871113              0.0000000920852082              0.9999998910506319              2.4999997276265802              1.3999999999999999              1.3999999999999999
       0.25250000               0.9999999815041321              0.0000000219097247              0.9999999740882881              2.4999999352207207              1.3999999999999999              1.3999999999999999
       0.25750000               1.0000000116829624             -0.0000000137835749              1.0000000163294251              2.5000000408235636              1.3999999999999999              1.3999999999999999
       0.26250000               1.0000000197306047             -0.0000000232831571              1.0000000275825038              2.5000000689562603              1.3999999999999999              1.3999999999999999
       0.26750000               1.0000000176364732             -0.0000000207713113              1.0000000246308598              2.5000000615771500              1.3999999999999999              1.3999999999999999
       0.27250000               1.0000000106806812             -0.0000000124897393              1.0000000148641643              2.5000000371604116              1.3999999999999999              1.3999999999999999
       0.27750000               1.0000000039932058             -0.0000000044996669              1.0000000054610838              2.5000000136527101              1.3999999999999999              1.3999999999999999
       0.28250000               1.0000000042701478             -0.0000000047114108              1.0000000057918446              2.5000000144796117              1.3999999999999999              1.3999999999999999
       0.28750000               1.0000000267914853             -0.0000000311861964              1.0000000372429116              2.5000000931072792              1.3999999999999999              1.3999999999999999
       0.29250000               1.0000000576531631             -0.0000000674459396              1.0000000803416864              2.5000002008542168              1.3999999999999999              1.3999999999999999
       0.29750000               1.0000000751507365             -0.0000000877709313              1.0000001046934759              2.5000002617336907              1.3999999999999999              1.3999999999999999
       0.30250000               1.0000000689502597             -0.0000000798776242              1.0000000958206023              2.5000002395515066              1.3999999999999999              1.3999999999999999
       0.30750000               1.0000000484869644             -0.0000000548482297              1.0000000669205464              2.5000001673013670              1.3999999999999999              1.3999999999999999
       0.31250000               1.0000000263865414             -0.0000000275031954              1.0000000356558703              2.5000000891396761              1.3999999999999999              1.3999999999999999
       0.31750000               1.0000000158378717             -0.0000000132762393              1.0000000204763584              2.5000000511908964              1.3999999999999999              1.3999999999999999
       0.32250000               1.0000000250596206             -0.0000000216435638              1.0000000328727869              2.5000000821819679              1.3999999999999999              1.3999999999999999
       0.32750000               1.0000000446683286             -0.0000000411438400              1.0000000596931358              2.5000001492328399              1.3999999999999999              1.3999999999999999
       0.33250000               1.0000000638181050             -0.0000000584267634              1.0000000857393092              2.5000002143482734              1.3999999999999999              1.3999999999999999
       0.33750000               1.0000000712936963             -0.0000000594780028              1.0000000952989634              2.5000002382474094              1.3999999999999999              1.3999999999999999
       0.34250000               1.0000000566006169             -0.0000000308124463              1.0000000736735077              2.5000001841837700              1.3999999999999999              1.3999999999999999
       0.34750000               1.0000000362897152              0.0000000095136936              1.0000000440347607              2.5000001100869023              1.3999999999999999              1.3999999999999999
       0.35250000               1.0000000281386594              0.0000000426411711              1.0000000312812205              2.5000000782030516              1.3999999999999999              1.3999999999999999
       0.35750000               1.0000000501101951              0.0000000504025268              1.0000000605823580              2.5000001514558954              1.3999999999999999              1.3999999999999999
       0.36250000               1.0000001001651933              0.0000000395694266              1.0000001291188578              2.5000003227971450              1.3999999999999999              1.3999999999999999
       0.36750000               1.0000001607606082              0.0000000370246852              1.0000002123824754              2.5000005309561888              1.3999999999999999              1.3999999999999999
       0.37250000               1.0000002180650991              0.0000000676991692              1.0000002910782440              2.5000007276956104              1.3999999999999999              1.3999999999999999
       0.37750000               1.0000002692794270              0.0000001468161644              1.0000003613753312              2.5000009034383286              1.3999999999999999              1.3999999999999999
       0.38250000               1.0000003315869483              0.0000002705198694              1.0000004474340978              2.5000011185852449              1.3999999999999999              1.3999999999999999
       0.38750000               1.0000004252520189              0.0000004374897640              1.0000005777458048              2.5000014443645129              1.3999999999999999              1.3999999999999999
       0.39250000               1.0000005752809669              0.0000006491224170              1.0000007874468466              2.5000019686171169              1.3999999999999999              1.3999999999999999
       0.39750000               1.0000008144748960              0.0000009087228459              1.0000011225962229              2.5000028064905573              1.3999999999999999              1.3999999999999999
       0.40250000               1.0000011578157091              0.0000012554899057              1.0000016042917521              2.5000040107293806              1.3999999999999999              1.3999999999999999
       0.40750000               1.0000016197781776              0.0000017487571202              1.0000022529208232              2.5000056323020590              1.3999999999999999              1.3999999999999999
       0.41250000               1.0000022265655666              0.0000024596447832              1.0000031052401606              2.5000077631004021              1.3999999999999999              1.3999999999999999
       0.41750000               1.0000030195742677              0.0000034746934798              1.0000042192696532              2.5000105481741337              1.3999999999999999              1.3999999999999999
       0.42250000               1.0000040980333376              0.0000048553272471              1.0000057338988166              2.5000143347470423              1.3999999999999999              1.3999999999999999
       0.42750000               1.0000055846868487              0.0000066907510118              1.0000078209378001              2.5000195523445008              1.3999999999999999              1.3999999999999999
       0.43250000               1.0000076205237289              0.0000091197411671              1.0000106775914999              2.5000266939787501              1.3999999999999999              1.3999999999999999
       0.43750000               1.0000103625038785              0.0000123522722346              1.0000145234692641              2.5000363086731605              1.3999999999999999              1.3999999999999999
       0.44250000               1.0000140195338114              0.0000166505958529              1.0000196506970118              2.5000491267425304              1.3999999999999999              1.3999999999999999
       0.44750000               1.0000188577465181              0.0000223512139410              1.0000264316621328              2.5000660791553324              1.3999999999999999              1.3999999999999999
       0.45250000               1.0000252153978149              0.0000298819684389              1.0000353394616492              2.5000883486541237              1.3999999999999999              1.3999999999999999
       0.45750000               1.0000335288964186              0.0000397718445780              1.0000469849004066              2.5001174622510169              1.3999999999999999              1.3999999999999999
       0.46250000               1.0000443684966389              0.0000526577864300              1.0000621658590862              2.5001554146477165              1.3999999999999999              1.3999999999999999
       0.46750000               1.0000584369657901              0.0000693424012373              1.0000818662415505              2.5002046656038770              1.3999999999999999              1.3999999999999999
       0.47250000               1.0000766072897092              0.0000908157308959              1.0001073078953739              2.5002682697384353              1.3999999999999999              1.3999999999999999
       0.47750000               1.0000999288443002              0.0001183219388461              1.0001399604705983              2.5003499011764965              1.3999999999999999              1.3999999999999999
       0.48250000               1.0001296516380873              0.0001534162954723              1.0001815738457582              2.5004539346143964              1.3999999999999999              1.3999999999999999
       0.48750000               1.0001673039471202              0.0001979647099718              1.0002342894967449              2.5005857237418625              1.3999999999999999              1.3999999999999999
       0.49250000               1.0002147663675698              0.0002541619781248              1.0003007394160719              2.5007518485401805              1.3999999999999999              1.3999999999999999
       0.49750000               1.0002742754035447              0.0003246298354348              1.0003840588122723              2.5009601470306810              1.3999999999999999              1.3999999999999999
       0.50250000               1.0003484837011445              0.0004124660273838              1.0004879616554390              2.5012199041385981              1.3999999999999999              1.3999999999999999
       0.50750000               1.0004405128120113              0.0005212926404252              1.0006168185826458              2.5015420464566152              1.3999999999999999              1.3999999999999999
       0.51250000               1.0005539606742451              0.0006553532097838              1.0007756723839623              2.5019391809599063              1.3999999999999999              1.3999999999999999
       0.51750000               1.0006929180178914              0.0008195953514928              1.0009702601442481              2.5024256503606206              1.3999999999999999              1.3999999999999999
       0.52250000               1.0008620899566165              0.0010196161718761              1.0012071780486029              2.5030179451215080              1.3999999999999999              1.3999999999999999
       0.52750000               1.0010668076272207              0.0012617085047217              1.0014938993597220              2.5037347483993053              1.3999999999999999              1.3999999999999999
       0.53250000               1.0013130421653615              0.0015528728609847              1.0018387932591915              2.5045969831479793              1.3999999999999999              1.3999999999999999
       0.53750000               1.0016073958903000              0.0019008039966910              1.0022511262698495              2.5056278156746243              1.3999999999999999              1.3999999999999999
       0.54250000               1.0019570333861192              0.0023139096942573              1.0027409645284668              2.5068524113211677              1.3999999999999999              1.3999999999999999
       0.54750000               1.0023696171472505              0.0028012686726055              1.0033190828138530              2.5082977070346328              1.3999999999999999              1.3999999999999999
       0.55250000               1.0028534328925860              0.0033723036561614              1.0039971345286791              2.5099928363216986              1.3999999999999999              1.3999999999999999
       0.55750000               1.0034167807249097              0.0040372437171249              1.0047868129198212              2.5119670322995535              1.3999999999999999              1.3999999999999999
       0.56250000               1.0040685297933867              0.0048061536630385              1.0057006310826102              2.5142515777065260              1.3999999999999999              1.3999999999999999
       0.56750000               1.0048175591276363              0.0056892292672232              1.0067511422593174              2.5168778556482940              1.3999999999999999              1.3999999999999999
       0.57250000               1.0056723925088089              0.0066968101127705              1.0079504236413332              2.5198760591033338              1.3999999999999999              1.3999999999999999
       0.57750000               1.0066419091979073              0.0078380892451157              1.0093110901732407              2.5232777254331022              1.3999999999999999              1.3999999999999999
       0.58250000               1.0077334676325986              0.0091228506797878              1.0108436629376012              2.5271091573440034              1.3999999999999999              1.3999999999999999
       0.58750000               1.0089553358080356              0.0105581588165071              1.0125599831596632              2.5313999578991586              1.3999999999999999              1.3999999999999999
       0.59250000               1.0103127988866125              0.0121524970407230              1.0144677407229761              2.5361693518074406              1.3999999999999999              1.3999999999999999
       0.59750000               1.0118119490212154              0.0139109113664364              1.0165758116602974              2.5414395291507437              1.3999999999999999              1.3999999999999999
       0.60250000               1.0134573021244346              0.0158374818484636              1.0188909078074715              2.5472272695186793              1.3999999999999999              1.3999999999999999
       0.60750000               1.0152504942562359              0.0179365744319431              1.0214157351761017              2.5535393379402547              1.3999999999999999              1.3999999999999999
       0.61250000               1.0171951428320567              0.0202069685857936              1.0241558274067137              2.5603895685167850              1.3999999999999999              1.3999999999999999
       0.61750000               1.0192896411743040              0.0226501668508002              1.0271094063376751              2.5677735158441881              1.3999999999999999              1.3999999999999999
       0.62250000               1.0215336773682058              0.0252627089763169              1.0302765528703954              2.5756913821759890              1.3999999999999999              1.3999999999999999
       0.62750000               1.0239245463340936              0.0280405523080728              1.0336539986172717              2.5841349965431801              1.3999999999999999              1.3999999999999999
       0.63250000               1.0264571835338205              0.0309790322544525              1.0372351512538391              2.5930878781345985              1.3999999999999999              1.3999999999999999
       0.63750000               1.0291275860442732              0.0340690794082430              1.0410149321686328              2.6025373304215824              1.3999999999999999              1.3999999999999999
       0.64250000               1.0319270609479778              0.0373039407918904              1.0449816225182518              2.6124540562956295              1.3999999999999999              1.3999999999999999
       0.64750000               1.0348494514561364              0.0406710672156020              1.0491270730079016              2.6228176825197549              1.3999999999999999              1.3999999999999999
       0.65250000               1.0378835336594745              0.0441609688019483              1.0534359142441088              2.6335897856102726              1.3999999999999999              1.3999999999999999
       0.65750000               1.0410205911020207              0.0477586988567651              1.0578962945449544              2.6447407363623867              1.3999999999999999              1.3999999999999999
       0.66250000               1.0442474760986469              0.0514519067058626              1.0624900107993820              2.6562250269984555              1.3999999999999999              1.3999999999999999
       0.66750000               1.0475525622509951              0.0552241664953442              1.0672009426197544              2.6680023565493869              1.3999999999999999              1.3999999999999999
       0.67250000               1.0509213543313392              0.0590600486527209              1.0720087979915380              2.6800219949788455              1.3999999999999999              1.3999999999999999
       0.67750000               1.0543394916877822              0.0629417496188479              1.0768933809167458              2.6922334522918647              1.3999999999999999              1.3999999999999999
       0.68250000               1.0577908542000303              0.0668512489568661              1.0818318783392422              2.7045796958481061              1.3999999999999999              1.3999999999999999
       0.68750000               1.0612587020075184              0.0707690051720795              1.0868004593175273              2.7170011482938188              1.3999999999999999              1.3999999999999999
       0.69250000               1.0647249515957204              0.0746747000753984              1.0917732421429576              2.7294331053573946              1.3999999999999999              1.3999999999999999
       0.69750000               1.0681704737488447              0.0785468005017579              1.0967227097175545              2.7418067742938872              1.3999999999999999              1.3999999999999999
       0.70250000               1.0715746558743142              0.0823629120746013              1.1016190727827817              2.7540476819569548              1.3999999999999999              1.3999999999999999
       0.70750000               1.0749160910046682              0.0860988450723716              1.1064312370846385              2.7660780927115964              1.3999999999999999              1.3999999999999999
       0.71250000               1.0781710900830743              0.0897300618911769              1.1111246756327235              2.7778116890818096              1.3999999999999999              1.3999999999999999
       0.71750000               1.0813159357292841              0.0932289284665265              1.1156646690568877              2.7891616726422197              1.3999999999999999              1.3999999999999999
       0.72250000               1.0843231940153251              0.0965685755368130              1.1200109845740271              2.8000274614350684              1.3999999999999999              1.3999999999999999
       0.72750000               1.0871663302976162              0.0997175046317715              1.1241245319015933              2.8103113297539841              1.3999999999999999              1.3999999999999999
       0.73250000               1.0898140409800738              0.1026456216368713              1.1279592017622995              2.8198980044057493              1.3999999999999999              1.3999999999999999
       0.73750000               1.0922360932577191              0.1053175083845167              1.1314703187663413              2.8286757969158542              1.3999999999999999              1.3999999999999999
       0.74250000               1.0943971201990847              0.1076991178881219              1.1346056753670652              2.8365141884176639              1.3999999999999999              1.3999999999999999
       0.74750000               1.0962627524696835              0.1097509310178338              1.1373144439702734              2.8432861099256836              1.3999999999999999              1.3999999999999999
       0.75250000               1.0977941927537633              0.1114339968245905              1.1395393684023651              2.8488484210059135              1.3999999999999999              1.3999999999999999
       0.75750000               1.0989524491103770              0.1127052476748592              1.1412229471134514              2.8530573677836291              1.3999999999999999              1.3999999999999999
       0.76250000               1.0996962129803394              0.1135212280999971              1.1423044184025692              2.8557610460064238              1.3999999999999999              1.3999999999999999
       0.76750000               1.0999853193261944              0.1138382900075154              1.1427248738991549              2.8568121847478878              1.3999999999999999              1.3999999999999999
       0.77250000               1.0997803924845695              0.1136137089719033              1.1424268503726493              2.8560671259316242              1.3999999999999999              1.3999999999999999
       0.77750000               1.0990418471578554              0.1128033423178255              1.1413529363635611              2.8533823409089032              1.3999999999999999              1.3999999999999999
       0.78250000               1.0977331776967532              0.1113677602495859              1.1394507169935009              2.8486267924837527              1.3999999999999999              1.3999999999999999
       0.78750000               1.0958288436552950              0.1092735056284081              1.1366842871425007              2.8417107178562522              1.3999999999999999              1.3999999999999999
       0.79250000               1.0933105325247998              0.1065047836405617              1.1330288912249220              2.8325722280623062              1.3999999999999999              1.3999999999999999
       0.79750000               1.0901835046794259              0.1030515201739201              1.1284946096794963              2.8212365241987412              1.3999999999999999              1.3999999999999999
       0.80250000               1.0864592828201527              0.0989386018880308              1.1231011684757712              2.8077529211894285              1.3999999999999999              1.3999999999999999
       0.80750000               1.0821892458334483              0.0941972368278331              1.1169263537532685              2.7923158843831719              1.3999999999999999              1.3999999999999999
       0.81250000               1.0774303871338682              0.0889093165426458              1.1100561396403918              2.7751403491009805              1.3999999999999999              1.3999999999999999
       0.81750000               1.0722881365387209              0.0831580891778445              1.1026460520916306              2.7566151302290773              1.3999999999999999              1.3999999999999999
       0.82250000               1.0668616972101590              0.0770807662737486              1.0948418454836415              2.7371046137091044              1.3999999999999999              1.3999999999999999
       0.82750000               1.0612885214983450              0.0708013626256267              1.0868431122494999              2.7171077806237505              1.3999999999999999              1.3999999999999999
       0.83250000               1.0556886257400631              0.0644713398113518              1.0788229406658971              2.6970573516647436              1.3999999999999999              1.3999999999999999
       0.83750000               1.0501851540108611              0.0582228505737877              1.0709574351173430              2.6773935877933579              1.3999999999999999              1.3999999999999999
       0.84250000               1.0448814178595285              0.0521748360021092              1.0633929808297413              2.6584824520743537              1.3999999999999999              1.3999999999999999
       0.84750000               1.0398564636597154              0.0464250232355353              1.0562402992146733              2.6406007480366842              1.3999999999999999              1.3999999999999999
       0.85250000               1.0351703089398856              0.0410390773246343              1.0495823267057809              2.6239558167644526              1.3999999999999999              1.3999999999999999
       0.85750000               1.0308536243905473              0.0360646131715122              1.0434599488521437              2.6086498721303597              1.3999999999999999              1.3999999999999999
       0.86250000               1.0269247809165942              0.0315186396884361              1.0378965563997438              2.5947413909993595              1.3999999999999999              1.3999999999999999
       0.86750000               1.0233796730416229              0.0274084234907196              1.0328838502097426              2.5822096255243574              1.3999999999999999              1.3999999999999999
       0.87250000               1.0202096153042863              0.0237201796623187              1.0284073352857814              2.5710183382144542              1.3999999999999999              1.3999999999999999
       0.87750000               1.0173924797972147              0.0204376005101055              1.0244338564005611              2.5610846410014032              1.3999999999999999              1.3999999999999999
       0.88250000               1.0149065124134129              0.0175325912972961              1.0209311324874348              2.5523278312185878              1.3999999999999999              1.3999999999999999
       0.88750000               1.0127233375890135              0.0149785646930899              1.0178578713745483              2.5446446784363714              1.3999999999999999              1.3999999999999999
       0.89250000               1.0108171574290827              0.0127435050774080              1.0151767021836740              2.5379417554591854              1.3999999999999999              1.3999999999999999
       0.89750000               1.0091597012997446              0.0107985006930990              1.0128470227854827              2.5321175569637071              1.3999999999999999              1.3999999999999999
       0.90250000               1.0077258560224869              0.0091129329499407              1.0108328793496408              2.5270821983741025              1.3999999999999999              1.3999999999999999
       0.90750000               1.0064902667355402              0.0076595789554078              1.0090981480810057              2.5227453702025149              1.3999999999999999              1.3999999999999999
       0.91250000               1.0054305831392614              0.0064114658486406              1.0076110615037526              2.5190276537593821              1.3999999999999999              1.3999999999999999
       0.91750000               1.0045252874901480              0.0053447550741007              1.0063411286303330              2.5158528215758329              1.3999999999999999              1.3999999999999999
       0.92250000               1.0037554663966421              0.0044367717120206              1.0052615970899870              2.5131539927249675              1.3999999999999999              1.3999999999999999
       0.92750000               1.0031034712309390              0.0036675420340493              1.0043475535055504              2.5108688837638762              1.3999999999999999              1.3999999999999999
       0.93250000               1.0025538232587212              0.0030185915203836              1.0035771768027726              2.5089429420069318              1.3999999999999999              1.3999999999999999
       0.93750000               1.0020924025133613              0.0024737024469189              1.0029305881794184              2.5073264704485463              1.3999999999999999              1.3999999999999999
       0.94250000               1.0017068650601488              0.0020181866614230              1.0023904260533119              2.5059760651332801              1.3999999999999999              1.3999999999999999
       0.94750000               1.0013861507338686              0.0016392109602353              1.0019411485226355              2.5048528713065896              1.3999999999999999              1.3999999999999999
       0.95250000               1.0011206380727504              0.0013253502630418              1.0015692446111717              2.5039231115279299              1.3999999999999999              1.3999999999999999
       0.95750000               1.0009018373159011              0.0010666854353265              1.0012627997601771              2.5031569994004430              1.3999999999999999              1.3999999999999999
       0.96250000               1.0007224124866569              0.0008545171797291              1.0010115234721735              2.5025288086804345              1.3999999999999999              1.3999999999999999
       0.96750000               1.0005759798912759              0.0006813524733769              1.0008064646507742              2.5020161616269361              1.3999999999999999              1.3999999999999999
       0.97250000               1.0004570691334564              0.0005407099820676              1.0006399552254672              2.5015998880636690              1.3999999999999999              1.3999999999999999
       0.97750000               1.0003609822907760              0.0004270586855196              1.0005054116567949              2.5012635291419878              1.3999999999999999              1.3999999999999999
       0.98250000               1.0002837321528419              0.0003356771642090              1.0003972475316216              2.5009931188290544              1.3999999999999999              1.3999999999999999
       0.98750000               1.0002219382980599              0.0002625777148960              1.0003107273941880              2.5007768184854706              1.3999999999999999              1.3999999999999999
       0.99250000               1.0001727619391942              0.0002044001118804              1.0002418750624922              2.5006046876562311              1.3999999999999999              1.3999999999999999
       0.99750000               1.0001338268289217              0.0001583375558320              1.0001873625692568              2.5004684064231428              1.3999999999999999              1.3999999999999999
