       0.00250000               0.9999995191590436              0.0000002640756722              0.9999997181084886              1.4999995771619830              1.6666666666670000              1.6666666666670000
       0.00750000               0.9999994823527449              0.0000003208008580              0.9999996733292933              1.4999995099931900              1.6666666666670000              1.6666666666670000
       0.01250000               0.9999994613084885              0.0000003679345105              0.9999996539892544              1.4999994809831316              1.6666666666670000              1.6666666666670000
       0.01750000               0.9999994832549944              0.0000003781894584              0.9999997009904986              1.4999995514849980              1.6666666666670000              1.6666666666670000
       0.02250000               0.9999995935704912              0.0000002914483704              0.9999998999389188              1.4999998499076281              1.6666666666670000              1.6666666666670000
       0.02750000               0.9999997586665956              0.0000001603341504              1.0000001940982235              1.5000002911465853              1.6666666666670000              1.6666666666670000
       0.03250000               0.9999999315798669              0.0000000610534676              1.0000005006853199              1.5000007510272295              1.6666666666670000              1.6666666666670000
       0.03750000               1.0000000971149623              0.0000000336511123              1.0000007896053484              1.5000011844072727              1.6666666666670000              1.6666666666670000
       0.04250000               1.0000002444504597              0.0000001070778892              1.0000010532273187              1.5000015798402278              1.6666666666670000              1.6666666666670000
       0.04750000               1.0000003571024536              0.0000003349858265              1.0000012630038788              1.5000018945050682              1.6666666666670000              1.6666666666670000
       0.05250000               1.0000004446363304              0.0000007512994003              1.0000014305521603              1.5000021458274901              1.6666666666670000              1.6666666666670000
       0.05750000               1.0000006005762425              0.0000012972416793              1.0000017067255182              1.5000025600875273              1.6666666666670000              1.6666666666670000
       0.06250000               1.0000009058806960              0.0000019380668886              1.0000022372182578              1.5000033558266366              1.6666666666670000              1.6666666666670000
       0.06750000               1.0000014001125290              0.0000027281760943              1.0000030866192864              1.5000046299281793              1.6666666666670000              1.6666666666670000
       0.07250000               1.0000021063611415              0.0000037797068115              1.0000042893351428              1.5000064340019643              1.6666666666670000              1.6666666666670000
       0.07750000               1.0000030545932648              0.0000052414164732              1.0000058900033149              1.5000088350042220              1.6666666666670000              1.6666666666670000
       0.08250000               1.0000042916938305              0.0000072849013918              1.0000079778269315              1.5000119667396472              1.6666666666670000              1.6666666666670000
       0.08750000               1.0000060094438448              0.0000099778270610              1.0000108708737292              1.5000163063098437              1.6666666666670000              1.6666666666670000
       0.09250000               1.0000084563969394              0.0000134092367500              1.0000149798272555              1.5000224697401332              1.6666666666670000              1.6666666666670000
       0.09750000               1.0000119533138725              0.0000176940754244              1.0000208334231986              1.5000312501340478              1.6666666666670000              1.6666666666670000
       0.10250000               1.0000167053580229              0.0000232298968660              1.0000287849846021              1.5000431774761531              1.6666666666670000              1.6666666666670000
       0.10750000               1.0000229319135823              0.0000305882281414              1.0000391982198844              1.5000587973290767              1.6666666666670000              1.6666666666670000
       0.11250000               1.0000309584919913              0.0000404281918315              1.0000526127850449              1.5000789191768173              1.6666666666670000              1.6666666666670000
       0.11750000               1.0000412192888120              0.0000535440952340              1.0000697461517802              1.5001046192269203              1.6666666666670000              1.6666666666670000
       0.12250000               1.0000543540551592              0.0000707805605859              1.0000916762587913              1.5001375143874367              1.6666666666670000              1.6666666666670000
       0.12750000               1.0000712390915223              0.0000930811633957              1.0001198616881506              1.5001797925314757              1.6666666666670000              1.6666666666670000
       0.13250000               1.0000929499101581              0.0001215979665741              1.0001560926061810              1.5002341389085214              1.6666666666670000              1.6666666666670000
       0.13750000               1.0001208288654748              0.0001576844721074              1.0002026002898292              1.5003039004339935              1.6666666666670000              1.6666666666670000
       0.14250000               1.0001562903401386              0.0002032123314710              1.0002617542375403              1.5003926313555600              1.6666666666670000              1.6666666666670000
       0.14750000               1.0002009347716867              0.0002605313403942              1.0003362216271896              1.5005043324400342              1.6666666666670000              1.6666666666670000
       0.15250000               1.0002566466857794              0.0003324145748238              1.0004291423470173              1.5006437135197757              1.6666666666670000              1.6666666666670000
       0.15750000               1.0003257677161290              0.0004219085119375              1.0005444159858545              1.5008166239780316              1.6666666666670000              1.6666666666670000
       0.16250000               1.0004110895438427              0.0005323831528978              1.0006867108844153              1.5010300663258724              1.6666666666670000              1.6666666666670000
       0.16750000               1.0005157687430537              0.0006676991020971              1.0008612920356752              1.5012919380527621              1.6666666666670000              1.6666666666670000
       0.17250000               1.0006433681564626              0.0008321448031648              1.0010741045031100              1.5016111567539141              1.6666666666670000              1.6666666666670000
       0.17750000               1.0007975573035834              0.0010307863755807              1.0013312713744884              1.5019969070609818              1.6666666666670000              1.6666666666670000
       0.18250000               1.0009822820104042              0.0012691450920517              1.0016393984625533              1.5024590976930785              1.6666666666670000              1.6666666666670000
       0.18750000               1.0012019016411449              0.0015529041126741              1.0020057737763874              1.5030086606638298              1.6666666666670000              1.6666666666670000
       0.19250000               1.0014610638638821              0.0018878658562157              1.0024381746617848              1.5036572619919251              1.6666666666670000              1.6666666666670000
       0.19750000               1.0017645298980284              0.0022799395339509              1.0029445724757644              1.5044168587128943              1.6666666666670000              1.6666666666670000
       0.20250000               1.0021170789913396              0.0027349627824376              1.0035330008633989              1.5052995012943458              1.6666666666670000              1.6666666666670000
       0.20750000               1.0025235978224958              0.0032583066975617              1.0042116728645802              1.5063175092961170              1.6666666666670000              1.6666666666670000
       0.21250000               1.0029882337407807              0.0038556409366240              1.0049875879290417              1.5074813818928088              1.6666666666670000              1.6666666666670000
       0.21750000               1.0035143973686198              0.0045326405693080              1.0058665245451002              1.5087997868168956              1.6666666666670000              1.6666666666670000
       0.22250000               1.0041054680452148              0.0052937884903201              1.0068542516563559              1.5102813774837789              1.6666666666670000              1.6666666666670000
       0.22750000               1.0047644082061811              0.0061426910034795              1.0079558455567279              1.5119337683343357              1.6666666666670000              1.6666666666670000
       0.23250000               1.0054936665286451              0.0070820341196198              1.0091755535439142              1.5137633303151146              1.6666666666670000              1.6666666666670000
       0.23750000               1.0062953602959797              0.0081132831811023              1.0105170786276387              1.5157756179407000              1.6666666666670000              1.6666666666670000
       0.24250000               1.0071704817022009              0.0092376603314330              1.0119822902496611              1.5179734353737329              1.6666666666670000              1.6666666666670000
       0.24750000               1.0081189873544176              0.0104561096400917              1.0135713234998205              1.5203569852489704              1.6666666666670000              1.6666666666670000
       0.25250000               1.0091406497452682              0.0117682775748326              1.0152840332317710              1.5229260498468951              1.6666666666670000              1.6666666666670000
       0.25750000               1.0102348368582410              0.0131729550577719              1.0171195958067047              1.5256793937092943              1.6666666666670000              1.6666666666670000
       0.26250000               1.0114006324663321              0.0146680550048950              1.0190767485779082              1.5286151228660980              1.6666666666670000              1.6666666666670000
       0.26750000               1.0126369219062277              0.0162507146718691              1.0211538867540315              1.5317308301302814              1.6666666666670000              1.6666666666670000
       0.27250000               1.0139411961144982              0.0179189703178293              1.0233470904248221              1.5350206356364653              1.6666666666670000              1.6666666666670000
       0.27750000               1.0153110745907008              0.0196700106172860              1.0256526326354798              1.5384789489524504              1.6666666666670000              1.6666666666670000
       0.28250000               1.0167440722601224              0.0215005979510352              1.0280666344005285              1.5420999516000216              1.6666666666670000              1.6666666666670000
       0.28750000               1.0182376113674736              0.0234072292342138              1.0305850362616853              1.5458775543917551              1.6666666666670000              1.6666666666670000
       0.29250000               1.0197893598749554              0.0253857933954506              1.0332042163919419              1.5498063245871381              1.6666666666670000              1.6666666666670000
       0.29750000               1.0213965627022894              0.0274325783285334              1.0359197934823146              1.5538796902226948              1.6666666666670000              1.6666666666670000
       0.30250000               1.0230562460764545              0.0295440358885848              1.0387270461495053              1.5580905692234790              1.6666666666670000              1.6666666666670000
       0.30750000               1.0247653463975990              0.0317167291501474              1.0416210685375507              1.5624316028055447              1.6666666666670000              1.6666666666670000
       0.31250000               1.0265211108906083              0.0339468487120001              1.0445974847267914              1.5668962270894036              1.6666666666670000              1.6666666666670000
       0.31750000               1.0283212343192212              0.0362301325844032              1.0476526140330340              1.5714789210487654              1.6666666666670000              1.6666666666670000
       0.32250000               1.0301633107517392              0.0385625012031498              1.0507826629267765              1.5761739943893762              1.6666666666670000              1.6666666666670000
       0.32750000               1.0320442044648117              0.0409409534350449              1.0539825375253857              1.5809738062872880              1.6666666666670000              1.6666666666670000
       0.33250000               1.0339608653360310              0.0433624919360650              1.0572472883632011              1.5858709325440088              1.6666666666670000              1.6666666666670000
       0.33750000               1.0359106291911211              0.0458237875439207              1.0605725673592730              1.5908588510381141              1.6666666666670000              1.6666666666670000
       0.34250000               1.0378911845426972              0.0483211401419585              1.0639546815440162              1.5959320223152265              1.6666666666670000              1.6666666666670000
       0.34750000               1.0399006527936323              0.0508504938631267              1.0673905682862190              1.6010858524285279              1.6666666666670000              1.6666666666670000
       0.35250000               1.0419366013457028              0.0534085368445690              1.0708762841386046              1.6063144262071034              1.6666666666670000              1.6666666666670000
       0.35750000               1.0439959923260054              0.0559928271492234              1.0744067946974751              1.6116101920454069              1.6666666666670000              1.6666666666670000
       0.36250000               1.0460759763693410              0.0586007429203917              1.0779773699708701              1.6169660549554963              1.6666666666670000              1.6666666666670000
       0.36750000               1.0481741607911850              0.0612291770668146              1.0815839756489141              1.6223759634725599              1.6666666666670000              1.6666666666670000
       0.37250000               1.0502886787820676              0.0638742666830623              1.0852236184559387              1.6278354276830944              1.6666666666670000              1.6666666666670000
       0.37750000               1.0524176789717576              0.0665322343554144              1.0888931591614435              1.6333397387413484              1.6666666666670000              1.6666666666670000
       0.38250000               1.0545580677021136              0.0692007653089716              1.0925873519156821              1.6388810278727037              1.6666666666670000              1.6666666666670000
       0.38750000               1.0567068867337324              0.0718772669514304              1.0963011847847355              1.6444517771762810              1.6666666666670000              1.6666666666670000
       0.39250000               1.0588615560400061              0.0745585261766918              1.1000303004452996              1.6500454506671243              1.6666666666670000              1.6666666666670000
       0.39750000               1.0610197799478109              0.0772409575769196              1.1037706034850969              1.6556559052268174              1.6666666666670000              1.6666666666670000
       0.40250000               1.0631790531771550              0.0799207772321721              1.1075179377222284              1.6612769065825117              1.6666666666670000              1.6666666666670000
       0.40750000               1.0653370438265373              0.0825938366018975              1.1112682511744896              1.6669023767609006              1.6666666666670000              1.6666666666670000
       0.41250000               1.0674908891360935              0.0852563864144885              1.1150164160257769              1.6725246240378291              1.6666666666670000              1.6666666666670000
       0.41750000               1.0696365900496392              0.0879055223265963              1.1187554757395228              1.6781332136084453              1.6666666666670000              1.6666666666670000
       0.42250000               1.0717700365782554              0.0905378211731756              1.1224784412983915              1.6837176619467451              1.6666666666670000              1.6666666666670000
       0.42750000               1.0738878256972033              0.0931487660826848              1.1261789061713354              1.6892683592561586              1.6666666666670000              1.6666666666670000
       0.43250000               1.0759865245210087              0.0957327665025645              1.1298509287032272              1.6947763930539934              1.6666666666670000              1.6666666666670000
       0.43750000               1.0780616562983145              0.0982845501749475              1.1334867165868958              1.7002300748794936              1.6666666666670000              1.6666666666670000
       0.44250000               1.0801084404359962              0.1007984657747314              1.1370774378742046              1.7056161568104540              1.6666666666670000              1.6666666666670000
       0.44750000               1.0821223279063819              0.1032670034717693              1.1406149244799573              1.7109223867190806              1.6666666666670000              1.6666666666670000
       0.45250000               1.0840967566820541              0.1056831037554890              1.1440878532481786              1.7161317798714097              1.6666666666670000              1.6666666666670000
       0.45750000               1.0860239116444459              0.1080401658170928              1.1474816326632318              1.7212224489939871              1.6666666666670000              1.6666666666670000
       0.46250000               1.0878953518181596              0.1103289019354088              1.1507812903157688              1.7261719354727900              1.6666666666670000              1.6666666666670000
       0.46750000               1.0897028813650067              0.1125374268452959              1.1539723737707641              1.7309585606552806              1.6666666666670000              1.6666666666670000
       0.47250000               1.0914376801537620              0.1146504420912908              1.1570387201759065              1.7355580802629917              1.6666666666670000              1.6666666666670000
       0.47750000               1.0930845997310832              0.1166557227032159              1.1599527734480963              1.7399291601712743              1.6666666666670000              1.6666666666670000
       0.48250000               1.0946259247820094              0.1185364081641792              1.1626828279728327              1.7440242419583771              1.6666666666670000              1.6666666666670000
       0.48750000               1.0960430524012630              0.1202639810308691              1.1651961448678796              1.7477942173009453              1.6666666666670000              1.6666666666670000
       0.49250000               1.0973132439926068              0.1218009486618005              1.1674521414396213              1.7511782121585562              1.6666666666670000              1.6666666666670000
       0.49750000               1.0983971955492631              0.1231172126820565              1.1693775835644147              1.7540663753457448              1.6666666666670000              1.6666666666670000
       0.50250000               1.0992696144671599              0.1241891295504705              1.1709287669620523              1.7563931504422001              1.6666666666670000              1.6666666666670000
       0.50750000               1.0998967457378548              0.1249412826455606              1.1720482666719096              1.7580724000069854              1.6666666666670000              1.6666666666670000
       0.51250000               1.1001610517088622              0.1252456744836387              1.1725217760227769              1.7587826640332860              1.6666666666670000              1.6666666666670000
       0.51750000               1.0998795171422782              0.1249456928555327              1.1720219378391237              1.7580329067578064              1.6666666666670000              1.6666666666670000
       0.52250000               1.0984339990981016              0.1232198828319995              1.1694620867116883              1.7541931300666551              1.6666666666670000              1.6666666666670000
       0.52750000               1.0940787725257812              0.1177900354493149              1.1617551618484032              1.7426327427717334              1.6666666666670000              1.6666666666670000
       0.53250000               1.0837642681444932              0.1054031807525237              1.1435477090274211              1.7153215635402739              1.6666666666670000              1.6666666666670000
       0.53750000               1.0629646142319780              0.0796037710080452              1.1071782708041682              1.6607674062054218              1.6666666666670000              1.6666666666670000
       0.54250000               1.0379920249818584              0.0483965135193484              1.0641276079447375              1.5961914119163081              1.6666666666670000              1.6666666666670000
       0.54750000               1.0208312840864713              0.0266865163136197              1.0349531461396071              1.5524297192086343              1.6666666666670000              1.6666666666670000
       0.55250000               1.0142497054150665              0.0183127598307452              1.0238627001082838              1.5357940501616578              1.6666666666670000              1.6666666666670000
       0.55750000               1.0110317085996534              0.0141886113713785              1.0184539094896441              1.5276808642337021              1.6666666666670000              1.6666666666670000
       0.56250000               1.0089065636932117              0.0114651845826619              1.0148884437420453              1.5223326656123068              1.6666666666670000              1.6666666666670000
       0.56750000               1.0071818564195378              0.0092496329098776              1.0119985296866763              1.5179977945292553              1.6666666666670000              1.6666666666670000
       0.57250000               1.0057044398823589              0.0073509792055964              1.0095255943809367              1.5142883915706475              1.6666666666670000              1.6666666666670000
       0.57750000               1.0045200034405755              0.0058266915137111              1.0075448226541548              1.5113172339804766              1.6666666666670000              1.6666666666670000
       0.58250000               1.0036254977917451              0.0046751290800948              1.0060499550693442              1.5090749326032620              1.6666666666670000              1.6666666666670000
       0.58750000               1.0029376157096141              0.0037889955902926              1.0049009992915197              1.5073514989365258              1.6666666666670000              1.6666666666670000
       0.59250000               1.0023779926268614              0.0030678088293592              1.0039666546847319              1.5059499820263449              1.6666666666670000              1.6666666666670000
       0.59750000               1.0019119190949188              0.0024670553268564              1.0031887614554400              1.5047831421824076              1.6666666666670000              1.6666666666670000
       0.60250000               1.0015298652674436              0.0019744404776713              1.0025512805502030              1.5038269208245525              1.6666666666670000              1.6666666666670000
       0.60750000               1.0012228435683994              0.0015784818415153              1.0020391180399322              1.5030586770591465              1.6666666666670000              1.6666666666670000
       0.61250000               1.0009769119496537              0.0012612095786413              1.0016289363997413              1.5024434045988606              1.6666666666670000              1.6666666666670000
       0.61750000               1.0007784195862630              0.0010050673718474              1.0012979218056859              1.5019468827077780              1.6666666666670000              1.6666666666670000
       0.62250000               1.0006176105319335              0.0007975106112999              1.0010297814875586              1.5015446722305872              1.6666666666670000              1.6666666666670000
       0.62750000               1.0004878624383085              0.0006300392447992              1.0008134583673363              1.5012201875502538              1.6666666666670000              1.6666666666670000
       0.63250000               1.0003838741590507              0.0004958413536194              1.0006400940491900              1.5009601410730344              1.6666666666670000              1.6666666666670000
       0.63750000               1.0003009050243057              0.0003888213629970              1.0005017759478629              1.5007526639210440              1.6666666666670000              1.6666666666670000
       0.64250000               1.0002348944642163              0.0003036777740090              1.0003917354664464              1.5005876031989192              1.6666666666670000              1.6666666666670000
       0.64750000               1.0001825454556597              0.0002361160072617              1.0003044761547599              1.5004567142313896              1.6666666666670000              1.6666666666670000
       0.65250000               1.0001412185392264              0.0001827260455673              1.0002355893911412              1.5003533840859615              1.6666666666670000              1.6666666666670000
       0.65750000               1.0001087551588050              0.0001407479010705              1.0001814739658581              1.5002722109480371              1.6666666666670000              1.6666666666670000
       0.66250000               1.0000833686391735              0.0001079104724422              1.0001391575128431              1.5002087362685146              1.6666666666670000              1.6666666666670000
       0.66750000               1.0000635993934022              0.0000823493530557              1.0001062088230759              1.5001593132338638              1.6666666666670000              1.6666666666670000
       0.67250000               1.0000482798735641              0.0000625432301728              1.0000806754050664              1.5001210131068494              1.6666666666670000              1.6666666666670000
       0.67750000               1.0000364739827510              0.0000472646210571              1.0000609941063368              1.5000914911587553              1.6666666666670000              1.6666666666670000
       0.68250000               1.0000274263894606              0.0000355282627221              1.0000459130521506              1.5000688695774758              1.6666666666670000              1.6666666666670000
       0.68750000               1.0000205280698764              0.0000265563898577              1.0000344186103793              1.5000516279148188              1.6666666666670000              1.6666666666670000
       0.69250000               1.0000152921191887              0.0000197392774397              1.0000256934944658              1.5000385402409484              1.6666666666670000              1.6666666666670000
       0.69750000               1.0000113306845662              0.0000145983069521              1.0000190879824424              1.5000286319729137              1.6666666666670000              1.6666666666670000
       0.70250000               1.0000083185590756              0.0000107763315071              1.0000140675838249              1.5000211013749871              1.6666666666670000              1.6666666666670000
       0.70750000               1.0000060190478408              0.0000079755462145              1.0000102390677663              1.5000153586008993              1.6666666666670000              1.6666666666670000
       0.71250000               1.0000042945053738              0.0000059099740553              1.0000073674321355              1.5000110511474529              1.6666666666670000              1.6666666666670000
       0.71750000               1.0000030401300160              0.0000043560652826              1.0000052745814259              1.5000079118713887              1.6666666666670000              1.6666666666670000
       0.72250000               1.0000021464072666              0.0000031716844666              1.0000037856543227              1.5000056784807339              1.6666666666670000              1.6666666666670000
       0.72750000               1.0000015143518124              0.0000022717376436              1.0000027369487463              1.5000041054223692              1.6666666666670000              1.6666666666670000
       0.73250000               1.0000010691890953              0.0000015963210302              1.0000019981811841              1.5000029972710260              1.6666666666670000              1.6666666666670000
       0.73750000               1.0000007476272263              0.0000011083589954              1.0000014605515304              1.5000021908265455              1.6666666666670000              1.6666666666670000
       0.74250000               1.0000005004375838              0.0000007744617524              1.0000010496357719              1.5000015744529076              1.6666666666670000              1.6666666666670000
       0.74750000               1.0000003076590569              0.0000005514370828              1.0000007335346712              1.5000011003012568              1.6666666666670000              1.6666666666670000
       0.75250000               1.0000001585066305              0.0000004073277706              1.0000004885004046              1.5000007327498568              1.6666666666670000              1.6666666666670000
       0.75750000               1.0000000460990448              0.0000003164075046              1.0000002998181614              1.5000004497264923              1.6666666666670000              1.6666666666670000
       0.76250000               0.9999999608039845              0.0000002579765444              1.0000001590768262              1.5000002386144893              1.6666666666670000              1.6666666666670000
       0.76750000               0.9999998979185131              0.0000002171863602              1.0000000598365273              1.5000000897540411              1.6666666666670000              1.6666666666670000
       0.77250000               0.9999998577622700              0.0000001837749889              0.9999999967850646              1.4999999951768468              1.6666666666670000              1.6666666666670000
       0.77750000               0.9999998405863846              0.0000001495234329              0.9999999671576221              1.4999999507356832              1.6666666666670000              1.6666666666670000
       0.78250000               0.9999998390544307              0.0000001105373268              0.9999999663971119              1.4999999495949179              1.6666666666670000              1.6666666666670000
       0.78750000               0.9999998464994434              0.0000000690841591              0.9999999847465429              1.4999999771190642              1.6666666666670000              1.6666666666670000
       0.79250000               0.9999998600640403              0.0000000296467177              1.0000000115793406              1.5000000173682608              1.6666666666670000              1.6666666666670000
       0.79750000               0.9999998795767712             -0.0000000077355756              1.0000000434347378              1.5000000651513568              1.6666666666670000              1.6666666666670000
       0.80250000               0.9999999059850655             -0.0000000521417862              1.0000000896444605              1.5000001344659406              1.6666666666670000              1.6666666666670000
       0.80750000               0.9999999459967451             -0.0000001145104972              1.0000001626652579              1.5000002439971369              1.6666666666670000              1.6666666666670000
       0.81250000               0.9999999974862335             -0.0000001884808725              1.0000002531315992              1.5000003796966488              1.6666666666670000              1.6666666666670000
       0.81750000               1.0000000457500628             -0.0000002531562030              1.0000003332708500              1.5000004999055250              1.6666666666670000              1.6666666666670000
       0.82250000               1.0000000668496578             -0.0000002842122194              1.0000003711355756              1.5000005567026133              1.6666666666670000              1.6666666666670000
       0.82750000               1.0000000225204555             -0.0000002333534879              1.0000003040052132              1.5000004560070697              1.6666666666670000              1.6666666666670000
       0.83250000               0.9999998529101368             -0.0000000191293902              1.0000000264757212              1.5000000397128315              1.6666666666670000              1.6666666666670000
       0.83750000               0.9999996277563665              0.0000002709758872              0.9999996513190463              1.4999994769778193              1.6666666666670000              1.6666666666670000
       0.84250000               0.9999994469733685              0.0000005015051569              0.9999993532957807              1.4999990299429211              1.6666666666670000              1.6666666666670000
       0.84750000               0.9999994120031674              0.0000005408399944              0.9999993022484753              1.4999989533719629              1.6666666666670000              1.6666666666670000
       0.85250000               0.9999995018867052              0.0000004202321784              0.9999994577809364              1.4999991866706543              1.6666666666670000              1.6666666666670000
       0.85750000               0.9999996676721172              0.0000002056642113              0.9999997346770740              1.4999996020148609              1.6666666666670000              1.6666666666670000
       0.86250000               0.9999998052872938              0.0000000249053721              0.9999999679658020              1.4999999519479530              1.6666666666670000              1.6666666666670000
       0.86750000               0.9999998714609423             -0.0000000666163329              1.0000000860755529              1.5000001291125793              1.6666666666670000              1.6666666666670000
       0.87250000               0.9999998816436998             -0.0000000847203012              1.0000001094197004              1.5000001641288008              1.6666666666670000              1.6666666666670000
       0.87750000               0.9999998674554058             -0.0000000673261189              1.0000000869461556              1.5000001304184831              1.6666666666670000              1.6666666666670000
       0.88250000               0.9999998432456699             -0.0000000396951860              1.0000000512634806              1.5000000768944706              1.6666666666670000              1.6666666666670000
       0.88750000               0.9999998244351883             -0.0000000220172574              1.0000000284343580              1.5000000426507867              1.6666666666670000              1.6666666666670000
       0.89250000               0.9999998229651755             -0.0000000256310328              1.0000000330958883              1.5000000496430821              1.6666666666670000              1.6666666666670000
       0.89750000               0.9999998331166580             -0.0000000402005184              1.0000000519039578              1.5000000778551867              1.6666666666670000              1.6666666666670000
       0.90250000               0.9999998404935546             -0.0000000539902602              1.0000000697081390              1.5000001045614584              1.6666666666670000              1.6666666666670000
       0.90750000               0.9999998334781481             -0.0000000521781428              1.0000000673734211              1.5000001010593813              1.6666666666670000              1.6666666666670000
       0.91250000               0.9999997847129065              0.0000000046061197              0.9999999940736692              1.4999999911097539              1.6666666666670000              1.6666666666670000
       0.91750000               0.9999997133640030              0.0000000946052345              0.9999998778988490              1.4999998168475235              1.6666666666670000              1.6666666666670000
       0.92250000               0.9999996420166615              0.0000001816985816              0.9999997654830577              1.4999996482238362              1.6666666666670000              1.6666666666670000
       0.92750000               0.9999995741792584              0.0000002612927101              0.9999996627607830              1.4999994941404244              1.6666666666670000              1.6666666666670000
       0.93250000               0.9999995068179596              0.0000003413139907              0.9999995595061880              1.4999993392585318              1.6666666666670000              1.6666666666670000
       0.93750000               0.9999994468189926              0.0000004159258852              0.9999994632652776              1.4999991948971663              1.6666666666670000              1.6666666666670000
       0.94250000               0.9999994027769039              0.0000004669542158              0.9999993975178600              1.4999990962760401              1.6666666666670000              1.6666666666670000
       0.94750000               0.9999993916997155              0.0000004724869881              0.9999993905781929              1.4999990858665393              1.6666666666670000              1.6666666666670000
       0.95250000               0.9999994273013298              0.0000004188441970              0.9999994601465589              1.4999991902190883              1.6666666666670000              1.6666666666670000
       0.95750000               0.9999994946741600              0.0000003284071450              0.9999995773885574              1.4999993660820861              1.6666666666670000              1.6666666666670000
       0.96250000               0.9999995656776715              0.0000002302797369              0.9999997048211903              1.4999995572310354              1.6666666666670000              1.6666666666670000
       0.96750000               0.9999996101622587              0.0000001637362806              0.9999997918764568              1.4999996878139352              1.6666666666670000              1.6666666666670000
       0.97250000               0.9999996264444933              0.0000001349849053              0.9999998307408495              1.4999997461105241              1.6666666666670000              1.6666666666670000
       0.97750000               0.9999996265121492              0.0000001319792539              0.9999998372643765              1.4999997558958147              1.6666666666670000              1.6666666666670000
       0.98250000               0.9999996151854373              0.0000001414072992              0.9999998290723665              1.4999997436077996              1.6666666666670000              1.6666666666670000
       0.98750000               0.9999995963608778              0.0000001590090400              0.9999998123086961              1.4999997184622940              1.6666666666670000              1.6666666666670000
       0.99250000               0.9999995754577803              0.0000001823918550              0.9999997910011332              1.4999996865009497              1.6666666666670000              1.6666666666670000
       0.99750000               0.9999995527122632              0.0000002155800229              0.9999997613151040              1.4999996419719059              1.6666666666670000              1.6666666666670000
