       0.00250000               1.0019492993633341              0.0026525163843826              1.0034250905444271              1.5051376358158881              1.6666666666670000              1.6666666666670000
       0.00750000               1.0023118210139064              0.0031219834465255              1.0040327640437148              1.5060491460648193              1.6666666666670000              1.6666666666670000
       0.01250000               1.0027199852838560              0.0036473231098709              1.0047145340680901              1.5070718011013815              1.6666666666670000              1.6666666666670000
       0.01750000               1.0031744299839509              0.0042303268224122              1.0054728573790206              1.5082092860677767              1.6666666666670000              1.6666666666670000
       0.02250000               1.0036748076313964              0.0048721549399371              1.0063094650812512              1.5094641976211218              1.6666666666670000              1.6666666666670000
       0.02750000               1.0042214998438945              0.0055737925896775              1.0072247881297907              1.5108371821939308              1.6666666666670000              1.6666666666670000
       0.03250000               1.0048149362603249              0.0063359984687332              1.0082181031724575              1.5123271547579302              1.6666666666670000              1.6666666666670000
       0.03750000               1.0054534684268750              0.0071590583728246              1.0092879772181467              1.5139319658264627              1.6666666666670000              1.6666666666670000
       0.04250000               1.0061365613319095              0.0080425454144643              1.0104327395942694              1.5156491093906461              1.6666666666670000              1.6666666666670000
       0.04750000               1.0068647508949022              0.0089841664770762              1.0116521671573089              1.5174782507352047              1.6666666666670000              1.6666666666670000
       0.05250000               1.0076369902569799              0.0099808713222090              1.0129462301690866              1.5194193452528701              1.6666666666670000              1.6666666666670000
       0.05750000               1.0084531849844633              0.0110288916299090              1.0143152227700143              1.5214728341542605              1.6666666666670000              1.6666666666670000
       0.06250000               1.0093125854609994              0.0121272684576420              1.0157553232978114              1.5236329849459551              1.6666666666670000              1.6666666666670000
       0.06750000               1.0102104850139004              0.0132752298576070              1.0172621480800446              1.5258932221193040              1.6666666666670000              1.6666666666670000
       0.07250000               1.0111443704433101              0.0144714535169274              1.0188318352749768              1.5282477529117011              1.6666666666670000              1.6666666666670000
       0.07750000               1.0121155007042018              0.0157138412228705              1.0204614590799612              1.5306921886191764              1.6666666666670000              1.6666666666670000
       0.08250000               1.0131199876275108              0.0169998778867961              1.0221486435868048              1.5332229653794405              1.6666666666670000              1.6666666666670000
       0.08750000               1.0141562477039654              0.0183261197523583              1.0238923033741845              1.5358384550605086              1.6666666666670000              1.6666666666670000
       0.09250000               1.0152244554137073              0.0196906035070834              1.0256895372746857              1.5385343059112591              1.6666666666670000              1.6666666666670000
       0.09750000               1.0163212117468634              0.0210925387165034              1.0275360540095915              1.5413040810136165              1.6666666666670000              1.6666666666670000
       0.10250000               1.0174432792319967              0.0225299561984572              1.0294292901557178              1.5441439352328048              1.6666666666670000              1.6666666666670000
       0.10750000               1.0185915020936389              0.0240002690193116              1.0313677022120626              1.5470515533173206              1.6666666666670000              1.6666666666670000
       0.11250000               1.0197658229062934              0.0255004408818233              1.0333505607426974              1.5500258411132710              1.6666666666670000              1.6666666666670000
       0.11750000               1.0209658734214015              0.0270261437603422              1.0353790771631637              1.5530686157439688              1.6666666666670000              1.6666666666670000
       0.12250000               1.0221894020862035              0.0285773267697626              1.0374490107618786              1.5561735161420396              1.6666666666670000              1.6666666666670000
       0.12750000               1.0234338172206376              0.0301549551514944              1.0395549648591360              1.5593324472879242              1.6666666666670000              1.6666666666670000
       0.13250000               1.0246958826043178              0.0317585076322248              1.0416936996763240              1.5625405495137046              1.6666666666670000              1.6666666666670000
       0.13750000               1.0259761317427913              0.0333860807039987              1.0438640099523302              1.5657960149277124              1.6666666666670000              1.6666666666670000
       0.14250000               1.0272740980791306              0.0350356680193225              1.0460650171320163              1.5690975256972395              1.6666666666670000              1.6666666666670000
       0.14750000               1.0285878321348572              0.0367044270419134              1.0482971422990737              1.5724457134478242              1.6666666666670000              1.6666666666670000
       0.15250000               1.0299182598971113              0.0383912525742136              1.0505586511128235              1.5758379766684472              1.6666666666670000              1.6666666666670000
       0.15750000               1.0312654526938996              0.0400955685223307              1.0528472553935877              1.5792708830895921              1.6666666666670000              1.6666666666670000
       0.16250000               1.0326245118318864              0.0418164587622909              1.0551612554903187              1.5827418832346867              1.6666666666670000              1.6666666666670000
       0.16750000               1.0339963600954876              0.0435525699736550              1.0574996656221300              1.5862494984324018              1.6666666666670000              1.6666666666670000
       0.17250000               1.0353836520818387              0.0453018828819967              1.0598625353802020              1.5897938030695080              1.6666666666670000              1.6666666666670000
       0.17750000               1.0367837592850380              0.0470612283664087              1.0622515884296311              1.5933773826436497              1.6666666666670000              1.6666666666670000
       0.18250000               1.0381951313868953              0.0488317574266859              1.0646628045239810              1.5969942067851730              1.6666666666670000              1.6666666666670000
       0.18750000               1.0396159602737447              0.0506150910338703              1.0670915927985489              1.6006373891970229              1.6666666666670000              1.6666666666670000
       0.19250000               1.0410434959498474              0.0524114436801069              1.0695353334160327              1.6043030001232468              1.6666666666670000              1.6666666666670000
       0.19750000               1.0424760452222248              0.0542197419811592              1.0719932162906034              1.6079898244351010              1.6666666666670000              1.6666666666670000
       0.20250000               1.0439188524156411              0.0560372968137328              1.0744667142947313              1.6117000714412912              1.6666666666670000              1.6666666666670000
       0.20750000               1.0453701758275689              0.0578605325411762              1.0769585914229243              1.6154378871335784              1.6666666666670000              1.6666666666670000
       0.21250000               1.0468298779842389              0.0596887962149146              1.0794676687574576              1.6192015031353766              1.6666666666670000              1.6666666666670000
       0.21750000               1.0482980977757228              0.0615228761119944              1.0819908262834910              1.6229862394244250              1.6666666666670000              1.6666666666670000
       0.22250000               1.0497708166717981              0.0633628772311394              1.0845258987578668              1.6267888481359867              1.6666666666670000              1.6666666666670000
       0.22750000               1.0512469351554770              0.0652084505390985              1.0870713353656092              1.6306070030475983              1.6666666666670000              1.6666666666670000
       0.23250000               1.0527299891548421              0.0670587306741078              1.0896263419147691              1.6344395128713365              1.6666666666670000              1.6666666666670000
       0.23750000               1.0542165911921477              0.0689114408331210              1.0921920409599821              1.6382880614391542              1.6666666666670000              1.6666666666670000
       0.24250000               1.0557062511183823              0.0707652337415727              1.0947683156478305              1.6421524734709243              1.6666666666670000              1.6666666666670000
       0.24750000               1.0572007059808888              0.0726219986006259              1.0973504971273316              1.6460257456901741              1.6666666666670000              1.6666666666670000
       0.25250000               1.0586962025446225              0.0744825024370770              1.0999354529931116              1.6499031794888421              1.6666666666670000              1.6666666666670000
       0.25750000               1.0601881684068351              0.0763461916061854              1.1025218367280452              1.6537827550912410              1.6666666666670000              1.6666666666670000
       0.26250000               1.0616832099784557              0.0782093404868643              1.1051126173715113              1.6576689260564379              1.6666666666670000              1.6666666666670000
       0.26750000               1.0631829543413478              0.0800665731105840              1.1077132027249617              1.6615698040866116              1.6666666666670000              1.6666666666670000
       0.27250000               1.0646827345673755              0.0819176509699275              1.1103215173083432              1.6654822759616819              1.6666666666670000              1.6666666666670000
       0.27750000               1.0661837904696774              0.0837656122466807              1.1129311083776641              1.6693966625656613              1.6666666666670000              1.6666666666670000
       0.28250000               1.0676813470534807              0.0856126400753674              1.1155361531211370              1.6733042296808687              1.6666666666670000              1.6666666666670000
       0.28750000               1.0691702942085299              0.0874576738727453              1.1181357227340107              1.6772035841001773              1.6666666666670000              1.6666666666670000
       0.29250000               1.0706580328432069              0.0892985342460904              1.1207298924038780              1.6810948386049764              1.6666666666670000              1.6666666666670000
       0.29750000               1.0721444287619750              0.0911305170533572              1.1233221977923915              1.6849832966877449              1.6666666666670000              1.6666666666670000
       0.30250000               1.0736224274481285              0.0929534873243067              1.1259101047463567              1.6888651571186906              1.6666666666670000              1.6666666666670000
       0.30750000               1.0750978305300272              0.0947680286989545              1.1284879397855403              1.6927319096774642              1.6666666666670000              1.6666666666670000
       0.31250000               1.0765643554305786              0.0965754672258787              1.1310520283691146              1.6965780425528234              1.6666666666670000              1.6666666666670000
       0.31750000               1.0780144462740995              0.0983727883148336              1.1335996320291752              1.7003994480429125              1.6666666666670000              1.6666666666670000
       0.32250000               1.0794633707419035              0.1001565914211020              1.1361370580879528              1.7042055871310768              1.6666666666670000              1.6666666666670000
       0.32750000               1.0809068165490983              0.1019221328096623              1.1386661237098545              1.7079991855639278              1.6666666666670000              1.6666666666670000
       0.33250000               1.0823393406229520              0.1036613708548574              1.1411893917745639              1.7117840876609898              1.6666666666670000              1.6666666666670000
       0.33750000               1.0837585834953249              0.1053805689064492              1.1436836968414061              1.7155255452612517              1.6666666666670000              1.6666666666670000
       0.34250000               1.0851515963339957              0.1070795450738553              1.1461258038635957              1.7191887057945341              1.6666666666670000              1.6666666666670000
       0.34750000               1.0864988061259442              0.1087489586222025              1.1485020226099423              1.7227530339140518              1.6666666666670000              1.6666666666670000
       0.35250000               1.0878093328382279              0.1103527897709835              1.1508134301685693              1.7262201452519905              1.6666666666670000              1.6666666666670000
       0.35750000               1.0891692230083954              0.1120058026848995              1.1532053471926254              1.7298080207880733              1.6666666666670000              1.6666666666670000
       0.36250000               1.0907250597066793              0.1139107431710082              1.1559594620712330              1.7339391931059824              1.6666666666670000              1.6666666666670000
       0.36750000               1.0924685279667574              0.1160473203553672              1.1590450674906791              1.7385676012351492              1.6666666666670000              1.6666666666670000
       0.37250000               1.0939009658692505              0.1177494634352458              1.1615656349139267              1.7423484523700190              1.6666666666670000              1.6666666666670000
       0.37750000               1.0942209212603200              0.1181463304882868              1.1621447854177467              1.7432171781257484              1.6666666666670000              1.6666666666670000
       0.38250000               1.0921455805204543              0.1157892361581053              1.1584849253255207              1.7377273879874122              1.6666666666670000              1.6666666666670000
       0.38750000               1.0835013389762709              0.1049603322990789              1.1432278234667135              1.7148417351992127              1.6666666666670000              1.6666666666670000
       0.39250000               1.0631786829830161              0.0800662820993672              1.1076835349381500              1.6615253024063941              1.6666666666670000              1.6666666666670000
       0.39750000               1.0302284729228379              0.0385478619008760              1.0509357637346650              1.5764036456012092              1.6666666666670000              1.6666666666670000
       0.40250000               1.0084624445213288              0.0108916549635402              1.0141472970312704              1.5212209455461450              1.6666666666670000              1.6666666666670000
       0.40750000               1.0028392795630112              0.0036721529308867              1.0047541151118522              1.5071311726670245              1.6666666666670000              1.6666666666670000
       0.41250000               1.0013216534627689              0.0017156323510985              1.0022204104866483              1.5033306157292208              1.6666666666670000              1.6666666666670000
       0.41750000               1.0008062331880305              0.0010517160769105              1.0013614880490385              1.5020422320728064              1.6666666666670000              1.6666666666670000
       0.42250000               1.0005838146595731              0.0007657931282183              1.0009916021761418              1.5014874032634620              1.6666666666670000              1.6666666666670000
       0.42750000               1.0004551735025138              0.0006010320769544              1.0007782769402747              1.5011674154096613              1.6666666666670000              1.6666666666670000
       0.43250000               1.0003589251731322              0.0004781062212939              1.0006189789927435              1.5009284684883650              1.6666666666670000              1.6666666666670000
       0.43750000               1.0002766424443590              0.0003730695758716              1.0004829866034588              1.5007244799044377              1.6666666666670000              1.6666666666670000
       0.44250000               1.0002083513671323              0.0002860953987980              1.0003705261134237              1.5005557891693853              1.6666666666670000              1.6666666666670000
       0.44750000               1.0001560546469055              0.0002196758127131              1.0002847613569175              1.5004271420346262              1.6666666666670000              1.6666666666670000
       0.45250000               1.0001167793120025              0.0001700461475344              1.0002207144197977              1.5003310716289464              1.6666666666670000              1.6666666666670000
       0.45750000               1.0000858211898649              0.0001313011808284              1.0001707296488336              1.5002560944724999              1.6666666666670000              1.6666666666670000
       0.46250000               1.0000606917399726              0.0001002514386933              1.0001305727321725              1.5001958590975084              1.6666666666670000              1.6666666666670000
       0.46750000               1.0000405582212197              0.0000760609270823              1.0000987030067230              1.5001480545093344              1.6666666666670000              1.6666666666670000
       0.47250000               1.0000247511749893              0.0000578524489475              1.0000741750845819              1.5001112626261226              1.6666666666670000              1.6666666666670000
       0.47750000               1.0000124031675168              0.0000440889613620              1.0000556406177601              1.5000834609258900              1.6666666666670000              1.6666666666670000
       0.48250000               1.0000027123142630              0.0000332541939804              1.0000418074213251              1.5000627111312375              1.6666666666670000              1.6666666666670000
       0.48750000               0.9999954986010342              0.0000242935222753              1.0000319208530850              1.5000478812788773              1.6666666666670000              1.6666666666670000
       0.49250000               0.9999900401512212              0.0000171093382048              1.0000248473332922              1.5000372709991883              1.6666666666670000              1.6666666666670000
       0.49750000               0.9999852241025163              0.0000117065936933              1.0000195685037303              1.5000293527548454              1.6666666666670000              1.6666666666670000
       0.50250000               0.9999806850319995              0.0000079170863071              1.0000153356122494              1.5000230034176243              1.6666666666670000              1.6666666666670000
       0.50750000               0.9999769816948401              0.0000053831049106              1.0000117982236223              1.5000176973346833              1.6666666666670000              1.6666666666670000
       0.51250000               0.9999738514641184              0.0000037785741007              1.0000087908218787              1.5000131862320680              1.6666666666670000              1.6666666666670000
       0.51750000               0.9999703065827824              0.0000028513634097              1.0000062261545952              1.5000093392311424              1.6666666666670000              1.6666666666670000
       0.52250000               0.9999667557765595              0.0000023552577228              1.0000041062375082              1.5000061593555125              1.6666666666670000              1.6666666666670000
       0.52750000               0.9999642303039490              0.0000020452010529              1.0000024934036413              1.5000037401047117              1.6666666666670000              1.6666666666670000
       0.53250000               0.9999623838385038              0.0000016972820838              1.0000014791703344              1.5000022187547515              1.6666666666670000              1.6666666666670000
       0.53750000               0.9999602268279780              0.0000009903479168              1.0000013318534862              1.5000019977794792              1.6666666666670000              1.6666666666670000
       0.54250000               0.9999588082783666             -0.0000002154678774              1.0000021249651152              1.5000031874469228              1.6666666666670000              1.6666666666670000
       0.54750000               0.9999587511699863             -0.0000015411525566              1.0000032896740352              1.5000049345103028              1.6666666666670000              1.6666666666670000
       0.55250000               0.9999591371719030             -0.0000025566547891              1.0000042113364198              1.5000063170038798              1.6666666666670000              1.6666666666670000
       0.55750000               0.9999581592865702             -0.0000028718949797              1.0000043424228260              1.5000065136334886              1.6666666666670000              1.6666666666670000
       0.56250000               0.9999551530180406             -0.0000024490542613              1.0000036020414682              1.5000054030614522              1.6666666666670000              1.6666666666670000
       0.56750000               0.9999531479315361             -0.0000015592284970              1.0000023168808867              1.5000034753205800              1.6666666666670000              1.6666666666670000
       0.57250000               0.9999522129237619             -0.0000004549587516              1.0000007961023765              1.5000011941528144              1.6666666666670000              1.6666666666670000
       0.57750000               0.9999510582302801              0.0000006020051459              0.9999993654929021              1.4999990482386032              1.6666666666670000              1.6666666666670000
       0.58250000               0.9999484584263237              0.0000013569401090              0.9999983452385838              1.4999975178571254              1.6666666666670000              1.6666666666670000
       0.58750000               0.9999465509540255              0.0000015665307200              0.9999980432973360              1.4999970649452539              1.6666666666670000              1.6666666666670000
       0.59250000               0.9999461274657934              0.0000008957199862              0.9999988878499513              1.4999983317741770              1.6666666666670000              1.6666666666670000
       0.59750000               0.9999460442946497             -0.0000004564339983              1.0000006188496171              1.5000009282736755              1.6666666666670000              1.6666666666670000
       0.60250000               0.9999452153669088             -0.0000019754646195              1.0000025699941153              1.5000038549904229              1.6666666666670000              1.6666666666670000
       0.60750000               0.9999448702521815             -0.0000030740548411              1.0000039815904720              1.5000059723849577              1.6666666666670000              1.6666666666670000
       0.61250000               0.9999444046815009             -0.0000031561874630              1.0000040831729995              1.5000061247587493              1.6666666666670000              1.6666666666670000
       0.61750000               0.9999425238378470             -0.0000023705343543              1.0000030659622710              1.5000045989426563              1.6666666666670000              1.6666666666670000
       0.62250000               0.9999393250093280             -0.0000011213132956              1.0000014513064297              1.5000021769588945              1.6666666666670000              1.6666666666670000
       0.62750000               0.9999374912360460              0.0000001616284748              0.9999997937914000              1.4999996906863500              1.6666666666670000              1.6666666666670000
       0.63250000               0.9999365723540795              0.0000010328420664              0.9999986682433728              1.4999980023643091              1.6666666666670000              1.6666666666670000
       0.63750000               0.9999353639952651              0.0000011970381737              0.9999984557195676              1.4999976835786013              1.6666666666670000              1.6666666666670000
       0.64250000               0.9999328023053989              0.0000007603365874              0.9999990191175123              1.4999985286755184              1.6666666666670000              1.6666666666670000
       0.64750000               0.9999308039866884             -0.0000000951144746              1.0000001232298412              1.5000001848440119              1.6666666666670000              1.6666666666670000
       0.65250000               0.9999287056664906             -0.0000011694921927              1.0000015100495483              1.5000022650735727              1.6666666666670000              1.6666666666670000
       0.65750000               0.9999243967361429             -0.0000022143053042              1.0000028587514793              1.5000042881264688              1.6666666666670000              1.6666666666670000
       0.66250000               0.9999128070795150             -0.0000029496558935              1.0000038079883107              1.5000057119817161              1.6666666666670000              1.6666666666670000
       0.66750000               0.9998761667745689             -0.0000030658203381              1.0000039578976569              1.5000059368457352              1.6666666666670000              1.6666666666670000
       0.67250000               0.9998531568532160             -0.0000021784876447              1.0000028123943130              1.5000042185907196              1.6666666666670000              1.6666666666670000
       0.67750000               0.9998620791256028             -0.0000006884778218              1.0000008888811820              1.5000013333210227              1.6666666666670000              1.6666666666670000
       0.68250000               0.9998702043601825              0.0000006690904931              0.9999991363235728              1.4999987044846093              1.6666666666670000              1.6666666666670000
       0.68750000               0.9998754407728320              0.0000011838311000              0.9999984717943519              1.4999977076907778              1.6666666666670000              1.6666666666670000
       0.69250000               0.9998845030099459              0.0000006184239987              0.9999992016706043              1.4999988025051565              1.6666666666670000              1.6666666666670000
       0.69750000               0.9999029103633408             -0.0000005574735076              1.0000007196742204              1.5000010795105805              1.6666666666670000              1.6666666666670000
       0.70250000               0.9999284316791835             -0.0000019056006182              1.0000024600709536              1.5000036901056804              1.6666666666670000              1.6666666666670000
       0.70750000               0.9999407606508727             -0.0000029963670699              1.0000038682596450              1.5000058023887177              1.6666666666670000              1.6666666666670000
       0.71250000               0.9999337384618652             -0.0000035477774433              1.0000045801640542              1.5000068702453313              1.6666666666670000              1.6666666666670000
       0.71750000               0.9999269616067564             -0.0000035129234559              1.0000045351827382              1.5000068027733573              1.6666666666670000              1.6666666666670000
       0.72250000               0.9999286579481436             -0.0000029512643649              1.0000038101034157              1.5000057151543735              1.6666666666670000              1.6666666666670000
       0.72750000               0.9999315702306802             -0.0000019294953935              1.0000024910458083              1.5000037365679624              1.6666666666670000              1.6666666666670000
       0.73250000               0.9999282933363930             -0.0000006136237430              1.0000007923228513              1.5000011884835269              1.6666666666670000              1.6666666666670000
       0.73750000               0.9999242211694175              0.0000006854310137              0.9999991153664031              1.4999986730488546              1.6666666666670000              1.6666666666670000
       0.74250000               0.9999229888702725              0.0000015538024157              0.9999979944333411              1.4999969916492617              1.6666666666670000              1.6666666666670000
       0.74750000               0.9999231363190468              0.0000014482906676              0.9999981308670611              1.4999971962998415              1.6666666666670000              1.6666666666670000
       0.75250000               0.9999235824526868             -0.0000000151448442              1.0000000204515522              1.5000000306765784              1.6666666666670000              1.6666666666670000
       0.75750000               0.9999232500957335             -0.0000020162519971              1.0000026043632906              1.5000039065441859              1.6666666666670000              1.6666666666670000
       0.76250000               0.9999236329558489             -0.0000035917462176              1.0000046391205748              1.5000069586801121              1.6666666666670000              1.6666666666670000
       0.76750000               0.9999237968020228             -0.0000040990675116              1.0000052953038350              1.5000079429550024              1.6666666666670000              1.6666666666670000
       0.77250000               0.9999223957493887             -0.0000037188837070              1.0000048063667164              1.5000072095493244              1.6666666666670000              1.6666666666670000
       0.77750000               0.9999210965019070             -0.0000027610505548              1.0000035726361860              1.5000053589535289              1.6666666666670000              1.6666666666670000
       0.78250000               0.9999218681689068             -0.0000015065370087              1.0000019573249548              1.5000029359866822              1.6666666666670000              1.6666666666670000
       0.78750000               0.9999260982827056             -0.0000002509488256              1.0000003427482091              1.5000005141215638              1.6666666666670000              1.6666666666670000
       0.79250000               0.9999264005022821              0.0000007770967797              0.9999990250699408              1.4999985376041611              1.6666666666670000              1.6666666666670000
       0.79750000               0.9999230358865207              0.0000014088600650              0.9999982236011391              1.4999973354009586              1.6666666666670000              1.6666666666670000
       0.80250000               0.9999203406506577              0.0000014679393432              0.9999981681732849              1.4999972522591773              1.6666666666670000              1.6666666666670000
       0.80750000               0.9999193128251725              0.0000004934084201              0.9999994568183416              1.4999991852267625              1.6666666666670000              1.6666666666670000
       0.81250000               0.9999191404767555             -0.0000014188224381              1.0000019700004039              1.5000029549998559              1.6666666666670000              1.6666666666670000
       0.81750000               0.9999196538721006             -0.0000033181452798              1.0000044866129489              1.5000067299186735              1.6666666666670000              1.6666666666670000
       0.82250000               0.9999202919162129             -0.0000041536837536              1.0000056586068393              1.5000084879095090              1.6666666666670000              1.6666666666670000
       0.82750000               0.9999197555167668             -0.0000034402981386              1.0000048717219026              1.5000073075821037              1.6666666666670000              1.6666666666670000
       0.83250000               0.9999173212119908             -0.0000018506075717              1.0000030110405451              1.5000045165600677              1.6666666666670000              1.6666666666670000
       0.83750000               0.9999148027869545             -0.0000002536137902              1.0000012216037526              1.5000018324048789              1.6666666666670000              1.6666666666670000
       0.84250000               0.9999133969868409              0.0000005858876594              1.0000005226375961              1.5000007839556440              1.6666666666670000              1.6666666666670000
       0.84750000               0.9999122028458967              0.0000005719125915              1.0000010817171301              1.5000016225749451              1.6666666666670000              1.6666666666670000
       0.85250000               0.9999117304976549              0.0000001039030632              1.0000024425729215              1.5000036638586320              1.6666666666670000              1.6666666666670000
       0.85750000               0.9999127651535082             -0.0000004482710381              1.0000042080197842              1.5000063120289262              1.6666666666670000              1.6666666666670000
       0.86250000               0.9999139039455486             -0.0000006810447634              1.0000059649854758              1.5000089474774636              1.6666666666670000              1.6666666666670000
       0.86750000               0.9999135982832271             -0.0000003521814087              1.0000075448986454              1.5000113173472178              1.6666666666670000              1.6666666666670000
       0.87250000               0.9999124438842784              0.0000005456161545              1.0000091297127762              1.5000136945684144              1.6666666666670000              1.6666666666670000
       0.87750000               0.9999119952269119              0.0000020605043045              1.0000109097899241              1.5000163646841362              1.6666666666670000              1.6666666666670000
       0.88250000               0.9999115023088310              0.0000044023749711              1.0000129452828994              1.5000194179235993              1.6666666666670000              1.6666666666670000
       0.88750000               0.9999095150594942              0.0000080362788150              1.0000150672031907              1.5000226008040358              1.6666666666670000              1.6666666666670000
       0.89250000               0.9999072880820085              0.0000129960275863              1.0000177901366147              1.5000266852041719              1.6666666666670000              1.6666666666670000
       0.89750000               0.9999057220814572              0.0000188985040935              1.0000223262467711              1.5000334893694067              1.6666666666670000              1.6666666666670000
       0.90250000               0.9999026427670750              0.0000253122455629              1.0000301484312972              1.5000452226461958              1.6666666666670000              1.6666666666670000
       0.90750000               0.9999032089125066              0.0000319241745788              1.0000428215219823              1.5000642322822235              1.6666666666670000              1.6666666666670000
       0.91250000               0.9999148973949502              0.0000405616178764              1.0000594462329269              1.5000891693486402              1.6666666666670000              1.6666666666670000
       0.91750000               0.9999333626493193              0.0000531525709971              1.0000793548505871              1.5001190322751308              1.6666666666670000              1.6666666666670000
       0.92250000               0.9999512547892533              0.0000707628997281              1.0001034240008511              1.5001551360005263              1.6666666666670000              1.6666666666670000
       0.92750000               0.9999737131148758              0.0000940888176083              1.0001335163515379              1.5002002745265568              1.6666666666670000              1.6666666666670000
       0.93250000               1.0000028110008854              0.0001242482137249              1.0001715408101994              1.5002573112145490              1.6666666666670000              1.6666666666670000
       0.93750000               1.0000391790135972              0.0001627449046686              1.0002195823892530              1.5003293735831293              1.6666666666670000              1.6666666666670000
       0.94250000               1.0000773536418015              0.0002114300243757              1.0002800315196925              1.5004200472787883              1.6666666666670000              1.6666666666670000
       0.94750000               1.0001214910364771              0.0002723866033346              1.0003558029368456              1.5005337044045179              1.6666666666670000              1.6666666666670000
       0.95250000               1.0001760199533609              0.0003478459763330              1.0004504952677742              1.5006757429009108              1.6666666666670000              1.6666666666670000
       0.95750000               1.0002448683400444              0.0004402645797946              1.0005683146988098              1.5008524720474643              1.6666666666670000              1.6666666666670000
       0.96250000               1.0003318630792146              0.0005520101409521              1.0007144649372273              1.5010716974050904              1.6666666666670000              1.6666666666670000
       0.96750000               1.0004396819731078              0.0006860185290849              1.0008942346581233              1.5013413519864343              1.6666666666670000              1.6666666666670000
       0.97250000               1.0005687168368396              0.0008478519757760              1.0011102185591991              1.5016653278380478              1.6666666666670000              1.6666666666670000
       0.97750000               1.0007187444552845              0.0010431832831522              1.0013653862694052              1.5020480794033568              1.6666666666670000              1.6666666666670000
       0.98250000               1.0008959087326383              0.0012765634517947              1.0016644425188090              1.5024966637774622              1.6666666666670000              1.6666666666670000
       0.98750000               1.0011048182222086              0.0015511802647309              1.0020138627771640              1.5030207941649942              1.6666666666670000              1.6666666666670000
       0.99250000               1.0013480439753237              0.0018701678915971              1.0024198949654610              1.5036298424474395              1.6666666666670000              1.6666666666670000
       0.99750000               1.0016287080055910              0.0022363164279684              1.0028886217412758              1.5043329326111614              1.6666666666670000              1.6666666666670000
