       0.00250000               1.0107140241061239              0.0140302467647954              1.0182511098643763              1.5273766647958007              1.6666666666670000              1.6666666666670000
       0.00750000               1.0114862456254561              0.0150230579151844              1.0195502257013151              1.5293253385512080              1.6666666666670000              1.6666666666670000
       0.01250000               1.0122775158521831              0.0160393778721183              1.0208813524439722              1.5313220286651925              1.6666666666670000              1.6666666666670000
       0.01750000               1.0130871824073069              0.0170775897331250              1.0222432456068200              1.5333648684094632              1.6666666666670000              1.6666666666670000
       0.02250000               1.0139142258182670              0.0181355380903130              1.0236355500025929              1.5354533250031217              1.6666666666670000              1.6666666666670000
       0.02750000               1.0147579471584955              0.0192118227105151              1.0250570982681639              1.5375856474014769              1.6666666666670000              1.6666666666670000
       0.03250000               1.0156181599891381              0.0203067537451916              1.0265046443866843              1.5397569665792565              1.6666666666670000              1.6666666666670000
       0.03750000               1.0164911218229569              0.0214203414472691              1.0279754949555375              1.5419632424325354              1.6666666666670000              1.6666666666670000
       0.04250000               1.0173753345779653              0.0225522832657445              1.0294675181956103              1.5442012772926432              1.6666666666670000              1.6666666666670000
       0.04750000               1.0182726202373633              0.0237009534220406              1.0309804830135969              1.5464707245196221              1.6666666666670000              1.6666666666670000
       0.05250000               1.0191818600344640              0.0248640594605107              1.0325151867860376              1.5487727801782820              1.6666666666670000              1.6666666666670000
       0.05750000               1.0201036963159378              0.0260391836085926              1.0340727378595815              1.5511091067885967              1.6666666666670000              1.6666666666670000
       0.06250000               1.0210374942899507              0.0272264408753735              1.0356510171369036              1.5534765257045784              1.6666666666670000              1.6666666666670000
       0.06750000               1.0219817622103771              0.0284259627749126              1.0372479973544886              1.5558719960309546              1.6666666666670000              1.6666666666670000
       0.07250000               1.0229341120054922              0.0296377093422007              1.0388619782564323              1.5582929673838690              1.6666666666670000              1.6666666666670000
       0.07750000               1.0238963182568419              0.0308613154457268              1.0404917930513908              1.5607376895763059              1.6666666666670000              1.6666666666670000
       0.08250000               1.0248671302388652              0.0320960320431443              1.0421368809016986              1.5632053213517663              1.6666666666670000              1.6666666666670000
       0.08750000               1.0258462053633168              0.0333401786848985              1.0437980113508969              1.5656970170255624              1.6666666666670000              1.6666666666670000
       0.09250000               1.0268347862408929              0.0345934891476785              1.0454741545704558              1.5682112318548993              1.6666666666670000              1.6666666666670000
       0.09750000               1.0278310160381392              0.0358563362736573              1.0471634984092317              1.5707452476130623              1.6666666666670000              1.6666666666670000
       0.10250000               1.0288322769138107              0.0371284137520771              1.0488652010964841              1.5732978016439394              1.6666666666670000              1.6666666666670000
       0.10750000               1.0298408096611569              0.0384089580730663              1.0505790984176369              1.5758686476256671              1.6666666666670000              1.6666666666670000
       0.11250000               1.0308576003341001              0.0396968078721424              1.0523056286975749              1.5784584430455733              1.6666666666670000              1.6666666666670000
       0.11750000               1.0318801558041715              0.0409897986703491              1.0540466359827199              1.5810699539732891              1.6666666666670000              1.6666666666670000
       0.12250000               1.0329105519919968              0.0422872554574522              1.0558020216559132              1.5837030324830779              1.6666666666670000              1.6666666666670000
       0.12750000               1.0339478121544161              0.0435913147870524              1.0575679442899022              1.5863519164340600              1.6666666666670000              1.6666666666670000
       0.13250000               1.0349880292774918              0.0449028873495711              1.0593422378574187              1.5890133567853335              1.6666666666670000              1.6666666666670000
       0.13750000               1.0360321507896797              0.0462215761133802              1.0611245384733008              1.5916868077091550              1.6666666666670000              1.6666666666670000
       0.14250000               1.0370809290456122              0.0475463690129468              1.0629153519579300              1.5943730279360979              1.6666666666670000              1.6666666666670000
       0.14750000               1.0381342782253185              0.0488758442313691              1.0647157833242760              1.5970736749856151              1.6666666666670000              1.6666666666670000
       0.15250000               1.0391911525095356              0.0502090523860262              1.0665263272654260              1.5997894908973389              1.6666666666670000              1.6666666666670000
       0.15750000               1.0402548049437386              0.0515464826201094              1.0683455617556437              1.6025183426326639              1.6666666666670000              1.6666666666670000
       0.16250000               1.0413214654083811              0.0528882261604266              1.0701726249149017              1.6052589373715498              1.6666666666670000              1.6666666666670000
       0.16750000               1.0423912209904034              0.0542341164858666              1.0720070206993224              1.6080105310481798              1.6666666666670000              1.6666666666670000
       0.17250000               1.0434664532446962              0.0555836844958938              1.0738486962592988              1.6107730443881427              1.6666666666670000              1.6666666666670000
       0.17750000               1.0445452709202727              0.0569356886598344              1.0756986673899971              1.6135480010841887              1.6666666666670000              1.6666666666670000
       0.18250000               1.0456276719355992              0.0582885252284536              1.0775584780487779              1.6163377170723587              1.6666666666670000              1.6666666666670000
       0.18750000               1.0467150654305635              0.0596440853032651              1.0794248924938137              1.6191373387399106              1.6666666666670000              1.6666666666670000
       0.19250000               1.0478058551109934              0.0610040737594848              1.0812949395188414              1.6219424092774508              1.6666666666670000              1.6666666666670000
       0.19750000               1.0488929256958168              0.0623698066814276              1.0831661639026531              1.6247492458531672              1.6666666666670000              1.6666666666670000
       0.20250000               1.0499824563254183              0.0637390570339978              1.0850409848665716              1.6275614772990437              1.6666666666670000              1.6666666666670000
       0.20750000               1.0510757181296189              0.0651087069781301              1.0869230989524268              1.6303846484278248              1.6666666666670000              1.6666666666670000
       0.21250000               1.0521713841462259              0.0664764614951804              1.0888150571467725              1.6332225857193421              1.6666666666670000              1.6666666666670000
       0.21750000               1.0532706012579978              0.0678442211120673              1.0907136706976690              1.6360705060456853              1.6666666666670000              1.6666666666670000
       0.22250000               1.0543735672068297              0.0692133675406904              1.0926164020448588              1.6389246030664688              1.6666666666670000              1.6666666666670000
       0.22750000               1.0554740399968865              0.0705854788597522              1.0945204825280412              1.6417807237912410              1.6666666666670000              1.6666666666670000
       0.23250000               1.0565757189637883              0.0719594742895126              1.0964267676957733              1.6446401515428375              1.6666666666670000              1.6666666666670000
       0.23750000               1.0576803297176143              0.0733347421301482              1.0983354797106855              1.6475032195652042              1.6666666666670000              1.6666666666670000
       0.24250000               1.0587840104888580              0.0747091138573271              1.1002490749605420              1.6503736124399877              1.6666666666670000              1.6666666666670000
       0.24750000               1.0598894464400848              0.0760831856190287              1.1021659510756181              1.6532489266126003              1.6666666666670000              1.6666666666670000
       0.25250000               1.0609985834758882              0.0774577302569951              1.1040846212361966              1.6561269318534670              1.6666666666670000              1.6666666666670000
       0.25750000               1.0621040280607570              0.0788329596205749              1.1060038542906296              1.6590057814351147              1.6666666666670000              1.6666666666670000
       0.26250000               1.0632090917993613              0.0802086601099386              1.1079236050970456              1.6618854076447371              1.6666666666670000              1.6666666666670000
       0.26750000               1.0643187665278799              0.0815831163675395              1.1098453441671587              1.6647680162499054              1.6666666666670000              1.6666666666670000
       0.27250000               1.0654293000189778              0.0829533091437680              1.1117726317114316              1.6676589475663135              1.6666666666670000              1.6666666666670000
       0.27750000               1.0665394078521233              0.0843186180747554              1.1137057106022541              1.6705585659025459              1.6666666666670000              1.6666666666670000
       0.28250000               1.0676517616891987              0.0856825181482832              1.1156378238224771              1.6734567357328791              1.6666666666670000              1.6666666666670000
       0.28750000               1.0687569234690570              0.0870493640717735              1.1175633411636263              1.6763450117446013              1.6666666666670000              1.6666666666670000
       0.29250000               1.0698538657209349              0.0884150361014710              1.1194852270150981              1.6792278405218075              1.6666666666670000              1.6666666666670000
       0.29750000               1.0709586201662897              0.0897807821731730              1.1214071059000721              1.6821106588492669              1.6666666666670000              1.6666666666670000
       0.30250000               1.0720628050664702              0.0911432408493237              1.1233327955665453              1.6849991933489754              1.6666666666670000              1.6666666666670000
       0.30750000               1.0731591079491560              0.0925024614126996              1.1252600130049051              1.6878900195065139              1.6666666666670000              1.6666666666670000
       0.31250000               1.0742621130862695              0.0938541434685480              1.1271812950072966              1.6907719425100993              1.6666666666670000              1.6666666666670000
       0.31750000               1.0753529386182845              0.0951916070510220              1.1290868241650989              1.6936302362468012              1.6666666666670000              1.6666666666670000
       0.32250000               1.0764165570072801              0.0965071600856944              1.1309609310076556              1.6964413965106353              1.6666666666670000              1.6666666666670000
       0.32750000               1.0774634053851539              0.0978003048551451              1.1327874581252986              1.6991811871870981              1.6666666666670000              1.6666666666670000
       0.33250000               1.0785856345987008              0.0991863624869179              1.1347481710854348              1.7021222566273011              1.6666666666670000              1.6666666666670000
       0.33750000               1.0799499232642733              0.1008201096016142              1.1371496687863070              1.7057245031786077              1.6666666666670000              1.6666666666670000
       0.34250000               1.0814926142266865              0.1026976298770046              1.1398560316549589              1.7097840474815835              1.6666666666670000              1.6666666666670000
       0.34750000               1.0827188591956847              0.1042373552986157              1.1419999374806904              1.7129999062201791              1.6666666666670000              1.6666666666670000
       0.35250000               1.0829942443284224              0.1045998398165018              1.1424935190518810              1.7137402785769642              1.6666666666670000              1.6666666666670000
       0.35750000               1.0813396313844774              0.1024901713086387              1.1395881701774944              1.7093822552653868              1.6666666666670000              1.6666666666670000
       0.36250000               1.0738706687220481              0.0934589469549241              1.1264880822213157              1.6897321233311287              1.6666666666670000              1.6666666666670000
       0.36750000               1.0565365400617341              0.0718597150228279              1.0963276067505774              1.6444914101250439              1.6666666666670000              1.6666666666670000
       0.37250000               1.0279405596809654              0.0357970720811112              1.0472307344416734              1.5708461016617246              1.6666666666670000              1.6666666666670000
       0.37750000               1.0075240153185612              0.0098174373483423              1.0127567413035008              1.5191351119544916              1.6666666666670000              1.6666666666670000
       0.38250000               1.0018471961083972              0.0025236027208694              1.0032749213599557              1.5049123820391808              1.6666666666670000              1.6666666666670000
       0.38750000               1.0004477672895382              0.0007195838075259              1.0009395497090126              1.5014093245627680              1.6666666666670000              1.6666666666670000
       0.39250000               1.0000586532721150              0.0002197727549871              1.0002924311434573              1.5004386467144355              1.6666666666670000              1.6666666666670000
       0.39750000               0.9999481782700790              0.0000787607376680              1.0001095030942120              1.5001642546405680              1.6666666666670000              1.6666666666670000
       0.40250000               0.9999144989585901              0.0000356141982265              1.0000542769041709              1.5000814153555064              1.6666666666670000              1.6666666666670000
       0.40750000               0.9999022461487393              0.0000197015015002              1.0000350407081673              1.5000525610615005              1.6666666666670000              1.6666666666670000
       0.41250000               0.9998968850705686              0.0000120419114264              1.0000267600036785              1.5000401400047676              1.6666666666670000              1.6666666666670000
       0.41750000               0.9998935441143079              0.0000073811831691              1.0000220013066843              1.5000330019592762              1.6666666666670000              1.6666666666670000
       0.42250000               0.9998903834931188              0.0000041927541489              1.0000181780547586              1.5000272670813879              1.6666666666670000              1.6666666666670000
       0.42750000               0.9998881910869972              0.0000019688933960              1.0000146245913661              1.5000219368862988              1.6666666666670000              1.6666666666670000
       0.43250000               0.9998862921883869              0.0000005604658507              1.0000115133921486              1.5000172700874725              1.6666666666670000              1.6666666666670000
       0.43750000               0.9998837076609445             -0.0000001674195387              1.0000089992045231              1.5000134988060345              1.6666666666670000              1.6666666666670000
       0.44250000               0.9998825967099084             -0.0000005055412010              1.0000070426457395              1.5000105639678591              1.6666666666670000              1.6666666666670000
       0.44750000               0.9998824055871596             -0.0000007416720268              1.0000055850405249              1.5000083775600375              1.6666666666670000              1.6666666666670000
       0.45250000               0.9998817935601462             -0.0000010665604864              1.0000046691131550              1.5000070036689823              1.6666666666670000              1.6666666666670000
       0.45750000               0.9998814316107226             -0.0000016072974962              1.0000043893247614              1.5000065839863921              1.6666666666670000              1.6666666666670000
       0.46250000               0.9998812864824957             -0.0000023086692535              1.0000046097825943              1.5000069146731412              1.6666666666670000              1.6666666666670000
       0.46750000               0.9998804754481613             -0.0000030463345595              1.0000050835154621              1.5000076252724432              1.6666666666670000              1.6666666666670000
       0.47250000               0.9998791693618390             -0.0000036400893488              1.0000055072782512              1.5000082609166268              1.6666666666670000              1.6666666666670000
       0.47750000               0.9998782259911330             -0.0000038834311173              1.0000055745143306              1.5000083617707458              1.6666666666670000              1.6666666666670000
       0.48250000               0.9998770212538866             -0.0000035204512983              1.0000049318051332              1.5000073977069499              1.6666666666670000              1.6666666666670000
       0.48750000               0.9998749044481919             -0.0000028237917905              1.0000039120336812              1.5000058680497717              1.6666666666670000              1.6666666666670000
       0.49250000               0.9998729108465729             -0.0000022144300814              1.0000030419609933              1.5000045629407397              1.6666666666670000              1.6666666666670000
       0.49750000               0.9998713013804568             -0.0000020843724993              1.0000028158120116              1.5000042237172675              1.6666666666670000              1.6666666666670000
       0.50250000               0.9998698718013861             -0.0000025995375938              1.0000034404349976              1.5000051606517462              1.6666666666670000              1.6666666666670000
       0.50750000               0.9998691147283404             -0.0000034228112977              1.0000044756567559              1.5000067134843837              1.6666666666670000              1.6666666666670000
       0.51250000               0.9998684909607661             -0.0000042704035730              1.0000055512211916              1.5000083268310376              1.6666666666670000              1.6666666666670000
       0.51750000               0.9998671754707970             -0.0000049123221432              1.0000063672838757              1.5000095509250635              1.6666666666670000              1.6666666666670000
       0.52250000               0.9998659842491783             -0.0000051922756740              1.0000067201228091              1.5000100801834635              1.6666666666670000              1.6666666666670000
       0.52750000               0.9998648888197770             -0.0000050461694153              1.0000065257356359              1.5000097886027035              1.6666666666670000              1.6666666666670000
       0.53250000               0.9998629724603505             -0.0000045088875333              1.0000058282775905              1.5000087424156356              1.6666666666670000              1.6666666666670000
       0.53750000               0.9998607177018465             -0.0000036699475128              1.0000047426652015              1.5000071139970521              1.6666666666670000              1.6666666666670000
       0.54250000               0.9998591919549160             -0.0000026940170715              1.0000034810324434              1.5000052215479152              1.6666666666670000              1.6666666666670000
       0.54750000               0.9998581017979000             -0.0000018434965034              1.0000023818601735              1.5000035727895105              1.6666666666670000              1.6666666666670000
       0.55250000               0.9998570468550216             -0.0000014294851076              1.0000018466318452              1.5000027699470178              1.6666666666670000              1.6666666666670000
       0.55750000               0.9998559028900303             -0.0000017891148481              1.0000023104542204              1.5000034656805803              1.6666666666670000              1.6666666666670000
       0.56250000               0.9998545025093828             -0.0000026636142979              1.0000034391384320              1.5000051587068981              1.6666666666670000              1.6666666666670000
       0.56750000               0.9998534925266220             -0.0000036277588189              1.0000046836450143              1.5000070254667712              1.6666666666670000              1.6666666666670000
       0.57250000               0.9998528685178620             -0.0000042763919132              1.0000055208984613              1.5000082813469418              1.6666666666670000              1.6666666666670000
       0.57750000               0.9998517273783861             -0.0000044250335761              1.0000057127220698              1.5000085690823546              1.6666666666670000              1.6666666666670000
       0.58250000               0.9998499747180545             -0.0000042373669669              1.0000054703975794              1.5000082055956190              1.6666666666670000              1.6666666666670000
       0.58750000               0.9998486011496244             -0.0000038343268823              1.0000049500355925              1.5000074250526387              1.6666666666670000              1.6666666666670000
       0.59250000               0.9998473023762187             -0.0000033442820055              1.0000043173568107              1.5000064760344658              1.6666666666670000              1.6666666666670000
       0.59750000               0.9998454474509012             -0.0000028988077079              1.0000037422268144              1.5000056133394717              1.6666666666670000              1.6666666666670000
       0.60250000               0.9998440163946853             -0.0000025929610961              1.0000033473715686              1.5000050210566027              1.6666666666670000              1.6666666666670000
       0.60750000               0.9998429833745832             -0.0000024918353557              1.0000032168283748              1.5000048252418121              1.6666666666670000              1.6666666666670000
       0.61250000               0.9998415574335444             -0.0000026955580726              1.0000034798377944              1.5000052197559413              1.6666666666670000              1.6666666666670000
       0.61750000               0.9998409807398674             -0.0000032402891851              1.0000041830680868              1.5000062746013800              1.6666666666670000              1.6666666666670000
       0.62250000               0.9998412004586870             -0.0000039565501651              1.0000051077317027              1.5000076615968039              1.6666666666670000              1.6666666666670000
       0.62750000               0.9998413512509933             -0.0000045629959247              1.0000058906331724              1.5000088359490082              1.6666666666670000              1.6666666666670000
       0.63250000               0.9998407132498351             -0.0000046940023822              1.0000060597826619              1.5000090896732425              1.6666666666670000              1.6666666666670000
       0.63750000               0.9998397777937276             -0.0000042259509552              1.0000054555969891              1.5000081833947334              1.6666666666670000              1.6666666666670000
       0.64250000               0.9998386060633924             -0.0000035574935685              1.0000045927019749              1.5000068890522122              1.6666666666670000              1.6666666666670000
       0.64750000               0.9998372864284287             -0.0000030767653206              1.0000039721459431              1.5000059582181644              1.6666666666670000              1.6666666666670000
       0.65250000               0.9998362932397573             -0.0000030285058585              1.0000039098685973              1.5000058648021457              1.6666666666670000              1.6666666666670000
       0.65750000               0.9998348220675831             -0.0000032464297941              1.0000041912269304              1.5000062868396455              1.6666666666670000              1.6666666666670000
       0.66250000               0.9998317222987394             -0.0000036096182109              1.0000046601540107              1.5000069902302660              1.6666666666670000              1.6666666666670000
       0.66750000               0.9998284746509519             -0.0000039630464287              1.0000051165764428              1.5000076748639142              1.6666666666670000              1.6666666666670000
       0.67250000               0.9998241668459351             -0.0000041812816507              1.0000053986402300              1.5000080979595949              1.6666666666670000              1.6666666666670000
       0.67750000               0.9998154986073274             -0.0000042311914457              1.0000054636584883              1.5000081954869824              1.6666666666670000              1.6666666666670000
       0.68250000               0.9997934409600190             -0.0000041313333761              1.0000053356807188              1.5000080035203283              1.6666666666670000              1.6666666666670000
       0.68750000               0.9997649685497576             -0.0000038499470300              1.0000049738423109              1.5000074607627163              1.6666666666670000              1.6666666666670000
       0.69250000               0.9997562219548387             -0.0000033036192601              1.0000042706707959              1.5000064060054439              1.6666666666670000              1.6666666666670000
       0.69750000               0.9997626457940473             -0.0000025585382324              1.0000033119188108              1.5000049678774661              1.6666666666670000              1.6666666666670000
       0.70250000               0.9997715721671110             -0.0000018358073225              1.0000023834993714              1.5000035752483072              1.6666666666670000              1.6666666666670000
       0.70750000               0.9997796993816793             -0.0000014094621468              1.0000018399254167              1.5000027598873751              1.6666666666670000              1.6666666666670000
       0.71250000               0.9997930433749442             -0.0000017046791676              1.0000022311703736              1.5000033467548102              1.6666666666670000              1.6666666666670000
       0.71750000               0.9998169860174161             -0.0000026869361375              1.0000035143176080              1.5000052714756620              1.6666666666670000              1.6666666666670000
       0.72250000               0.9998300770603321             -0.0000036516807682              1.0000047821805187              1.5000071732700282              1.6666666666670000              1.6666666666670000
       0.72750000               0.9998337115801973             -0.0000041217757286              1.0000054220690660              1.5000081331028488              1.6666666666670000              1.6666666666670000
       0.73250000               0.9998322789710057             -0.0000040739969482              1.0000054086181531              1.5000081129264797              1.6666666666670000              1.6666666666670000
       0.73750000               0.9998302619612490             -0.0000037264578220              1.0000050299453853              1.5000075449173278              1.6666666666670000              1.6666666666670000
       0.74250000               0.9998293028679335             -0.0000032385829304              1.0000045011221168              1.5000067516824254              1.6666666666670000              1.6666666666670000
       0.74750000               0.9998288227003377             -0.0000027959999983              1.0000040747954475              1.5000061121924213              1.6666666666670000              1.6666666666670000
       0.75250000               0.9998282514958382             -0.0000024913010296              1.0000038886462750              1.5000058329686623              1.6666666666670000              1.6666666666670000
       0.75750000               0.9998268027356788             -0.0000022722195709              1.0000039003331211              1.5000058504989318              1.6666666666670000              1.6666666666670000
       0.76250000               0.9998258147125673             -0.0000020846521661              1.0000040745670182              1.5000061118497774              1.6666666666670000              1.6666666666670000
       0.76750000               0.9998249262115633             -0.0000019109941308              1.0000044358473765              1.5000066537703147              1.6666666666670000              1.6666666666670000
       0.77250000               0.9998241496199027             -0.0000018136999162              1.0000051289666378              1.5000076934492068              1.6666666666670000              1.6666666666670000
       0.77750000               0.9998242154815244             -0.0000018661182107              1.0000063353009083              1.5000095029506126              1.6666666666670000              1.6666666666670000
       0.78250000               0.9998245879638933             -0.0000018145924609              1.0000078438281379              1.5000117657414567              1.6666666666670000              1.6666666666670000
       0.78750000               0.9998242669351799             -0.0000013052598586              1.0000093531383509              1.5000140297067763              1.6666666666670000              1.6666666666670000
       0.79250000               0.9998248556996816              0.0000001992091062              1.0000103757052483              1.5000155635571224              1.6666666666670000              1.6666666666670000
       0.79750000               0.9998280349682189              0.0000026103066503              1.0000112974181858              1.5000169461265287              1.6666666666670000              1.6666666666670000
       0.80250000               0.9998318947909085              0.0000054318778108              1.0000131144187530              1.5000196716273795              1.6666666666670000              1.6666666666670000
       0.80750000               0.9998361652815765              0.0000081957475116              1.0000168936163669              1.5000253404238000              1.6666666666670000              1.6666666666670000
       0.81250000               0.9998404681216545              0.0000112828295372              1.0000227406812912              1.5000341110211868              1.6666666666670000              1.6666666666670000
       0.81750000               0.9998436087316721              0.0000155331120320              1.0000303372496093              1.5000455058736637              1.6666666666670000              1.6666666666670000
       0.82250000               0.9998475535113166              0.0000217284462144              1.0000396487988605              1.5000594731975407              1.6666666666670000              1.6666666666670000
       0.82750000               0.9998531741909782              0.0000304105797712              1.0000512066799523              1.5000768100191786              1.6666666666670000              1.6666666666670000
       0.83250000               0.9998600148032782              0.0000420399227494              1.0000659572363662              1.5000989358537991              1.6666666666670000              1.6666666666670000
       0.83750000               0.9998699223433339              0.0000572977664306              1.0000849323081533              1.5001273984614798              1.6666666666670000              1.6666666666670000
       0.84250000               0.9998837939420461              0.0000770871364274              1.0001093140250246              1.5001639710367867              1.6666666666670000              1.6666666666670000
       0.84750000               0.9999016924062233              0.0001025316227815              1.0001405049879413              1.5002107574811616              1.6666666666670000              1.6666666666670000
       0.85250000               0.9999240561119156              0.0001348911075246              1.0001803047006723              1.5002704570502583              1.6666666666670000              1.6666666666670000
       0.85750000               0.9999533698803410              0.0001755428834439              1.0002309949307646              1.5003464923953966              1.6666666666670000              1.6666666666670000
       0.86250000               0.9999909540215638              0.0002260650924409              1.0002952791213631              1.5004429186812942              1.6666666666670000              1.6666666666670000
       0.86750000               1.0000383727843831              0.0002880230708974              1.0003765821176291              1.5005648731756935              1.6666666666670000              1.6666666666670000
       0.87250000               1.0000994639777734              0.0003636384842074              1.0004781781572585              1.5007172672351372              1.6666666666670000              1.6666666666670000
       0.87750000               1.0001739445232540              0.0004566035073701              1.0006020889900229              1.5009031334842839              1.6666666666670000              1.6666666666670000
       0.88250000               1.0002624185479980              0.0005707475656098              1.0007507065541483              1.5011260598304719              1.6666666666670000              1.6666666666670000
       0.88750000               1.0003677934191655              0.0007090546289986              1.0009279134841287              1.5013918702254423              1.6666666666670000              1.6666666666670000
       0.89250000               1.0004933604338644              0.0008741169177650              1.0011383017460538              1.5017074526183298              1.6666666666670000              1.6666666666670000
       0.89750000               1.0006415201186196              0.0010683701923034              1.0013866361794885              1.5020799542684815              1.6666666666670000              1.6666666666670000
       0.90250000               1.0008137984067442              0.0012941888108071              1.0016774775351154              1.5025162163019219              1.6666666666670000              1.6666666666670000
       0.90750000               1.0010124534090847              0.0015543715731076              1.0020142992807632              1.5030214489203935              1.6666666666670000              1.6666666666670000
       0.91250000               1.0012375323564229              0.0018516458281495              1.0023998930982911              1.5035998396466848              1.6666666666670000              1.6666666666670000
       0.91750000               1.0014918896320000              0.0021882985504001              1.0028366488461267              1.5042549732684380              1.6666666666670000              1.6666666666670000
       0.92250000               1.0017816611120591              0.0025661295953661              1.0033264771226322              1.5049897156831957              1.6666666666670000              1.6666666666670000
       0.92750000               1.0021067663731715              0.0029862618305622              1.0038709740082046              1.5058064610115540              1.6666666666670000              1.6666666666670000
       0.93250000               1.0024669373938642              0.0034492072836384              1.0044713182980869              1.5067069774463770              1.6666666666670000              1.6666666666670000
       0.93750000               1.0028637987769935              0.0039551136980603              1.0051279933872068              1.5076919900800565              1.6666666666670000              1.6666666666670000
       0.94250000               1.0032948209345294              0.0045041437380940              1.0058403843821808              1.5087605765725169              1.6666666666670000              1.6666666666670000
       0.94750000               1.0037581222533916              0.0050963494409487              1.0066070561186617              1.5099105841772376              1.6666666666670000              1.6666666666670000
       0.95250000               1.0042571267525240              0.0057307066772486              1.0074271573447222              1.5111407360163276              1.6666666666670000              1.6666666666670000
       0.95750000               1.0047837528066208              0.0064052648674867              1.0083003735128526              1.5124505602685225              1.6666666666670000              1.6666666666670000
       0.96250000               1.0053369050983583              0.0071176682618466              1.0092263987860488              1.5138395981783164              1.6666666666670000              1.6666666666670000
       0.96750000               1.0059207229703582              0.0078660784415948              1.0102038866113674              1.5153058299162936              1.6666666666670000              1.6666666666670000
       0.97250000               1.0065329757528587              0.0086504802814868              1.0112288659534598              1.5168432989294311              1.6666666666670000              1.6666666666670000
       0.97750000               1.0071714504177072              0.0094699109250611              1.0122984497124918              1.5184476745679785              1.6666666666670000              1.6666666666670000
       0.98250000               1.0078346877717597              0.0103226697475983              1.0134106527957631              1.5201159791928844              1.6666666666670000              1.6666666666670000
       0.98750000               1.0085217814356338              0.0112069701106571              1.0145636177344837              1.5218454266009644              1.6666666666670000              1.6666666666670000
       0.99250000               1.0092303809312237              0.0121208664599775              1.0157557637176342              1.5236336455756894              1.6666666666670000              1.6666666666670000
       0.99750000               1.0099612842304428              0.0130624209768598              1.0169856127279482              1.5254784190911594              1.6666666666670000              1.6666666666670000
