       0.00390625               0.1546854256625748              0.0673252880386677             73.3253484454956634            183.3133711137392083              1.3999999999999999              1.3999999999999999
       0.01171875               0.1547070865928849              0.2017123958438546             73.3390494749379229            183.3476236873448499              1.3999999999999999              1.3999999999999999
       0.01953125               0.1547505180427521              0.3353189975200457             73.3669160304042407            183.4172900760106586              1.3999999999999999              1.3999999999999999
       0.02734375               0.1548163742036794              0.4676588473963831             73.4097785795032962            183.5244464487582832              1.3999999999999999              1.3999999999999999
       0.03515625               0.1549056850338059              0.5982962527436377             73.4686781478322359            183.6716953695806467              1.3999999999999999              1.3999999999999999
       0.04296875               0.1550198451805768              0.7268542597108536             73.5447226658828015            183.8618066647070179              1.3999999999999999              1.3999999999999999
       0.05078125               0.1551606226937037              0.8529998393871296             73.6390157265624055            184.0975393164060563              1.3999999999999999              1.3999999999999999
       0.05859375               0.1553301217305154              0.9764094053961108             73.7526593603713536            184.3816484009284409              1.3999999999999999              1.3999999999999999
       0.06640625               0.1555305376066688              1.0967440879034815             73.8867395039755479            184.7168487599388982              1.3999999999999999              1.3999999999999999
       0.07421875               0.1557635752149719              1.2136816447744230             74.0421410283686470            185.1053525709216672              1.3999999999999999              1.3999999999999999
       0.08203125               0.1560295892484097              1.3270341073668399             74.2191002517580074            185.5477506293950398              1.3999999999999999              1.3999999999999999
       0.08984375               0.1563267782541788              1.4369152366730693             74.4166341955753978            186.0415854889385230              1.3999999999999999              1.3999999999999999
       0.09765625               0.1566510171000224              1.5438402880169253             74.6322806092340301            186.5807015230851107              1.3999999999999999              1.3999999999999999
       0.10546875               0.1569969049170006              1.6486204366558534             74.8626488636986949            187.1566221592467514              1.3999999999999999              1.3999999999999999
       0.11328125               0.1573600567488206              1.7520135576780340             75.1048932154140090            187.7622330385350722              1.3999999999999999              1.3999999999999999
       0.12109375               0.1577397854467107              1.8542645356425815             75.3585561383890195            188.3963903459725771              1.3999999999999999              1.3999999999999999
       0.12890625               0.1581406963246934              1.9547983649627227             75.6267317875009724            189.0668294687525020              1.3999999999999999              1.3999999999999999
       0.13671875               0.1585716828965083              2.0523452766609029             75.9154502156130349            189.7886255390326369              1.3999999999999999              1.3999999999999999
       0.14453125               0.1590416509079927              2.1456253257702040             76.2307924932623280            190.5769812331558626              1.3999999999999999              1.3999999999999999
       0.15234375               0.1595535931120466              2.2343210711108310             76.5748483752466740            191.4371209381166921              1.3999999999999999              1.3999999999999999
       0.16015625               0.1601013404966062              2.3196158681297780             76.9434691378671545            192.3586728446679217              1.3999999999999999              1.3999999999999999
       0.16796875               0.1606722527683509              2.4037567475164501             77.3280613488612403            193.3201533721531007              1.3999999999999999              1.3999999999999999
       0.17578125               0.1612537295449266              2.4889851258613871             77.7200391821316003            194.3000979553290506              1.3999999999999999              1.3999999999999999
       0.18359375               0.1618383276138477              2.5766810274208338             78.1144086502159638            195.2860216255399735              1.3999999999999999              1.3999999999999999
       0.19140625               0.1624243351205764              2.6672345553013002             78.5102634021618258            196.2756585054046070              1.3999999999999999              1.3999999999999999
       0.19921875               0.1630125631810394              2.7605356238663794             78.9085868205726939            197.2714670514317845              1.3999999999999999              1.3999999999999999
       0.20703125               0.1636028552105595              2.8565337000266453             79.3096929489058766            198.2742323722647200              1.3999999999999999              1.3999999999999999
       0.21484375               0.1641934422313046              2.9553687103766535             79.7125246483276442            199.2813116208191673              1.3999999999999999              1.3999999999999999
       0.22265625               0.1647829411258391              3.0570929381270804             80.1158430902151792            200.2896077255380192              1.3999999999999999              1.3999999999999999
       0.23046875               0.1653722105601154              3.1614072274323481             80.5195383468530821            201.2988458671327408              1.3999999999999999              1.3999999999999999
       0.23828125               0.1659640655767407              3.2677132161761362             80.9246955921620952            202.3117389804052664              1.3999999999999999              1.3999999999999999
       0.24609375               0.1665613274213337              3.3754048151633844             81.3326244279474366            203.3315610698686555              1.3999999999999999              1.3999999999999999
       0.25390625               0.1671650551602128              3.4841217871429211             81.7439533860650158            204.3598834651625680              1.3999999999999999              1.3999999999999999
       0.26171875               0.1677741119247451              3.5938065410596027             82.1584452368695963            205.3961130921740335              1.3999999999999999              1.3999999999999999
       0.26953125               0.1683857312231679              3.7046346922231175             82.5752377617069442            206.4380944042674173              1.3999999999999999              1.3999999999999999
       0.27734375               0.1689962674812326              3.8169482235226644             82.9929738465796163            207.4824346164490692              1.3999999999999999              1.3999999999999999
       0.28515625               0.1696019727518459              3.9311952533613597             83.4098344447365463            208.5245861118414155              1.3999999999999999              1.3999999999999999
       0.29296875               0.1702001719858559              4.0477820569502585             83.8239295363861459            209.5598238409653788              1.3999999999999999              1.3999999999999999
       0.30078125               0.1707908249222172              4.1668017739584435             84.2342498653634095            210.5856246634085380              1.3999999999999999              1.3999999999999999
       0.30859375               0.1713776344590429              4.2877507218690791             84.6417255789146736            211.6043139472867267              1.3999999999999999              1.3999999999999999
       0.31640625               0.1719674723305409              4.4094397112770940             85.0494895138028966            212.6237237845072912              1.3999999999999999              1.3999999999999999
       0.32421875               0.1725673345921693              4.5302820473822942             85.4615412183113392            213.6538530457784191              1.3999999999999999              1.3999999999999999
       0.33203125               0.1731794235281514              4.6489500117762139             85.8798604075499696            214.6996510188749880              1.3999999999999999              1.3999999999999999
       0.33984375               0.1737970905968200              4.7650466170297650             86.3016023571417321            215.7540058928543942              1.3999999999999999              1.3999999999999999
       0.34765625               0.1744052660111973              4.8792558703519990             86.7188913541239828            216.7972283853100066              1.3999999999999999              1.3999999999999999
       0.35546875               0.1749860999186608              4.9928273130881724             87.1219493421646831            217.8048733554117575              1.3999999999999999              1.3999999999999999
       0.36328125               0.1755263523911258              5.1068484642452745             87.5034365046717113            218.7585912616793280              1.3999999999999999              1.3999999999999999
       0.37109375               0.1760224731701387              5.2218236262858220             87.8613584347119172            219.6533960867798498              1.3999999999999999              1.3999999999999999
       0.37890625               0.1764818654052898              5.3376917808880400             88.1995319527747483            220.4988298819368993              1.3999999999999999              1.3999999999999999
       0.38671875               0.1769211728954031              5.4540918553513604             88.5261409741887348            221.3153524354718797              1.3999999999999999              1.3999999999999999
       0.39453125               0.1773630453629600              5.5706550624876172             88.8512973507205857            222.1282433768015210              1.3999999999999999              1.3999999999999999
       0.40234375               0.1778323505810686              5.6872447947708187             89.1841669253223586            222.9604173133059248              1.3999999999999999              1.3999999999999999
       0.41015625               0.1783529101679714              5.8041104987439054             89.5303014274171716            223.8257535685429502              1.3999999999999999              1.3999999999999999
       0.41796875               0.1789465751489287              5.9218388869317931             89.8903581061003507            224.7258952652509265              1.3999999999999999              1.3999999999999999
       0.42578125               0.1796357148967986              6.0410512669343648             90.2609011493129856            225.6522528732825492              1.3999999999999999              1.3999999999999999
       0.43359375               0.1804479800641735              6.1620791419670837             90.6364416518330813            226.5911041295827886              1.3999999999999999              1.3999999999999999
       0.44140625               0.1814210453592909              6.2849007854284151             91.0110509158494949            227.5276272896238083              1.3999999999999999              1.3999999999999999
       0.44921875               0.1826066798941741              6.4093586433870744             91.3790122628995931            228.4475306572490183              1.3999999999999999              1.3999999999999999
       0.45703125               0.1840754635913643              6.5353991480268743             91.7353154964595205            229.3382887411488298              1.3999999999999999              1.3999999999999999
       0.46484375               0.1859233004650478              6.6630922687518570             92.0765840945088172            230.1914602362721212              1.3999999999999999              1.3999999999999999
       0.47265625               0.1882799996075424              6.7925310422755940             92.4022666815856724            231.0056667039642093              1.3999999999999999              1.3999999999999999
       0.48046875               0.1913189148096333              6.9237374680865980             92.7149151676210863            231.7872879190527442              1.3999999999999999              1.3999999999999999
       0.48828125               0.1952682840491038              7.0566847876353638             93.0194982121447396            232.5487455303619129              1.3999999999999999              1.3999999999999999
       0.49609375               0.2004260132382588              7.1913335080327387             93.3225068238759690            233.3062670596899864              1.3999999999999999              1.3999999999999999
       0.50390625               0.2071797723003782              7.3274083117764786             93.6316156210995985            234.0790390527490388              1.3999999999999999              1.3999999999999999
       0.51171875               0.2160357913126049              7.4640035891177661             93.9574313874868210            234.8935784687170951              1.3999999999999999              1.3999999999999999
       0.51953125               0.2276550213915224              7.5992051739769924             94.3155914116257179            235.7889785290643374              1.3999999999999999              1.3999999999999999
       0.52734375               0.2428902996661272              7.7304677824896180             94.7243923765154250            236.8109809412885909              1.3999999999999999              1.3999999999999999
       0.53515625               0.2628195410154808              7.8570014978475484             95.1963592239283827            237.9908980598210348              1.3999999999999999              1.3999999999999999
       0.54296875               0.2887737326735954              7.9809623180876219             95.7259675100487186            239.3149187751218676              1.3999999999999999              1.3999999999999999
       0.55078125               0.3224154463771563              8.1060723970734596             96.3017144968462446            240.7542862421156826              1.3999999999999999              1.3999999999999999
       0.55859375               0.3658153382768647              8.2349101584612505             96.9233689932331401            242.3084224830829214              1.3999999999999999              1.3999999999999999
       0.56640625               0.4215046398467884              8.3680126946345617             97.5995590275161504            243.9988975687904258              1.3999999999999999              1.3999999999999999
       0.57421875               0.4926918466527387              8.5067473081246021             98.3539686921088645            245.8849217302721968              1.3999999999999999              1.3999999999999999
       0.58203125               0.5831808988296371              8.6505597735317625             99.2079878363007310            248.0199695907518560              1.3999999999999999              1.3999999999999999
       0.58984375               0.7017318799759606              8.7961759785585105            100.1979264914345435            250.4948162285864157              1.3999999999999999              1.3999999999999999
       0.59765625               0.8767939410778013              8.9365195043949939            101.4134065549281587            253.5335163873204465              1.3999999999999999              1.3999999999999999
       0.60546875               1.0843514080559875              9.0785255237472171            102.8362028220526270            257.0905070551316385              1.3999999999999999              1.3999999999999999
       0.61328125               1.2940294238441383              9.2149618806091915            104.3396805695820291            260.8492014239551509              1.3999999999999999              1.3999999999999999
       0.62109375               1.4987904395060940              9.3610753376990630            105.8513070775609322            264.6282676939023872              1.3999999999999999              1.3999999999999999
       0.62890625               1.6908663226429028              9.5020422753318083            107.8506952792484412            269.6267381981211884              1.3999999999999999              1.3999999999999999
       0.63671875               1.8549189731270961              9.7421767413803213            107.6475891094446951            269.1189727736118016              1.3999999999999999              1.3999999999999999
       0.64453125               3.2993915030311332              4.7704414246943969            232.8453583900710271            582.1133959751778093              1.3999999999999999              1.3999999999999999
       0.65234375               4.9151428915603272              1.9479639381323131            365.4994996591363474            913.7487491478410675              1.3999999999999999              1.3999999999999999
       0.66015625               4.9750111182351233              2.2890081263049908            363.4761757775680167            908.6904394439203543              1.3999999999999999              1.3999999999999999
       0.66796875               4.7392126827593293              2.8639288001406253            348.8454655065469865            872.1136637663676083              1.3999999999999999              1.3999999999999999
       0.67578125               4.4457555469498322              3.3911125666070143            324.5952792043638055            811.4881980109096276              1.3999999999999999              1.3999999999999999
       0.68359375               4.2096247564656606              3.8368590948012535            299.2592762223903264            748.1481905559760435              1.3999999999999999              1.3999999999999999
       0.69140625               4.0725443275451836              4.2553782444538975            275.0319199795391114            687.5797999488479491              1.3999999999999999              1.3999999999999999
       0.69921875               3.9580087190092899              4.6728060868006773            251.3957586994715143            628.4893967486789279              1.3999999999999999              1.3999999999999999
       0.70703125               3.8500595589041469              5.0637674193867319            228.4535285129794602            571.1338212824488210              1.3999999999999999              1.3999999999999999
       0.71484375               3.7509248539322577              5.4489278275643258            206.6305498624983841            516.5763746562460028              1.3999999999999999              1.3999999999999999
       0.72265625               3.6788248744787868              5.8695135181060598            186.6196703208784413            466.5491758021962028              1.3999999999999999              1.3999999999999999
       0.73046875               3.7366862961582670              6.5459575518181010            174.2183292793416740            435.5458231983542419              1.3999999999999999              1.3999999999999999
       0.73828125               3.9873769347204129              7.3010308638672150            164.4229856989134078            411.0574642472836331              1.3999999999999999              1.3999999999999999
       0.74609375               4.2842664890849829              8.0534286304694778            153.4748952710404524            383.6872381776012162              1.3999999999999999              1.3999999999999999
       0.75390625               4.5279023210340741              8.7641382088459778            141.9676760988313617            354.9191902470784612              1.3999999999999999              1.3999999999999999
       0.76171875               4.7034332786319748              9.4285034093511406            130.5389858068770366            326.3474645171926340              1.3999999999999999              1.3999999999999999
       0.76953125               4.8445926523378136             10.0176868080191905            121.2168502584194698            303.0421256460487598              1.3999999999999999              1.3999999999999999
       0.77734375               4.9807380365337179             10.4959568939168619            116.3780264615717357            290.9450661539294174              1.3999999999999999              1.3999999999999999
       0.78515625               4.9679515427522212             10.9778330607406769            113.1088513801269784            282.7721284503174957              1.3999999999999999              1.3999999999999999
       0.79296875               4.4093782503536918             11.4083603693132787            111.4012799327090590            278.5031998317726902              1.3999999999999999              1.3999999999999999
       0.80078125               3.4312689046203082             11.7950537855414161            110.7759921250127064            276.9399803125318158              1.3999999999999999              1.3999999999999999
       0.80859375               2.4697191758245212             12.1837304777239375            110.7978839273160077            276.9947098182900618              1.3999999999999999              1.3999999999999999
       0.81640625               1.5580343954138265             12.6294684645973962            110.8496199588457216            277.1240498971143325              1.3999999999999999              1.3999999999999999
       0.82421875               0.7566820647516339             13.0596416416964178            110.7174273644419458            276.7935684111049568              1.3999999999999999              1.3999999999999999
       0.83203125               0.7826590373893604             13.5128982971105458            110.4636853805881458            276.1592134514704071              1.3999999999999999              1.3999999999999999
       0.83984375               0.8704253999995581             14.0422363291727432            110.8043129488559799            277.0107823721399996              1.3999999999999999              1.3999999999999999
       0.84765625               0.9102185504935939             14.5602286232599969            111.2589905334683351            278.1474763336708520              1.3999999999999999              1.3999999999999999
       0.85546875               0.9117745867427243             14.7892226573159515            111.7650445066507388            279.4126112666269250              1.3999999999999999              1.3999999999999999
       0.86328125               0.8932131040185681             14.5600583128952650            108.7551294200118406            271.8878235500296796              1.3999999999999999              1.3999999999999999
       0.87109375               0.7421246499973200             12.0442527333074505             83.8562864661783181            209.6407161654458378              1.3999999999999999              1.3999999999999999
       0.87890625               0.3822044452077659              2.8702124501447766             27.3549665831634314             68.3874164579085857              1.3999999999999999              1.3999999999999999
       0.88671875               0.3004464012855661             -0.0533349541158528             18.4715368739851478             46.1788421849628818              1.3999999999999999              1.3999999999999999
       0.89453125               0.3023870053199769              0.0511006077344045             18.7501698790784701             46.8754246976961895              1.3999999999999999              1.3999999999999999
       0.90234375               0.3028824574576902              0.0678023340968442             18.7846758909567590             46.9616897273919136              1.3999999999999999              1.3999999999999999
       0.91015625               0.3030350478645310              0.0792286572172662             18.7976110932310263             46.9940277330775800              1.3999999999999999              1.3999999999999999
       0.91796875               0.3032173176430181              0.0879187078444306             18.8131110876588679             47.0327777191471768              1.3999999999999999              1.3999999999999999
       0.92578125               0.3032887505269741              0.0936745022533446             18.8194297017594252             47.0485742543985737              1.3999999999999999              1.3999999999999999
       0.93359375               0.3032719389088258              0.0969938355065036             18.8183617880677723             47.0459044701694395              1.3999999999999999              1.3999999999999999
       0.94140625               0.3033227985095232              0.0956795202273156             18.8227416419619438             47.0568541049048719              1.3999999999999999              1.3999999999999999
       0.94921875               0.3035816234076874              0.0869482143499451             18.8447079986757871             47.1117699966894818              1.3999999999999999              1.3999999999999999
       0.95703125               0.3039973707308972              0.0723645630760691             18.8807085490257158             47.2017713725642949              1.3999999999999999              1.3999999999999999
       0.96484375               0.3043988937518117              0.0563312037451498             18.9161693703163714             47.2904234257909479              1.3999999999999999              1.3999999999999999
       0.97265625               0.3046903476187589              0.0416535819575978             18.9414133294702403             47.3535333236756131              1.3999999999999999              1.3999999999999999
       0.98046875               0.3048770493456618              0.0286904290908404             18.9572925927512337             47.3932314818780966              1.3999999999999999              1.3999999999999999
       0.98828125               0.3050048559818268              0.0167818970341746             18.9690105110641731             47.4225262776604453              1.3999999999999999              1.3999999999999999
       0.99609375               0.3050969403830820              0.0055058776973543             18.9767680357226638             47.4419200893066773              1.3999999999999999              1.3999999999999999
