       0.00375000               1.0000000000201785              1.0000000000000000              0.5999999999987999              0.8999999999755391              1.6666666666700001              1.6666666666700001
       0.01125000               1.0000000000422400              1.0000000000000000              0.5999999999987999              0.8999999999556838              1.6666666666700001              1.6666666666700001
       0.01875000               1.0000000000874323              1.0000000000000000              0.5999999999987999              0.8999999999150108              1.6666666666700001              1.6666666666700001
       0.02625000               1.0000000001789515              1.0000000000000000              0.5999999999987999              0.8999999998326434              1.6666666666700001              1.6666666666700001
       0.03375000               1.0000000003621705              1.0000000000000000              0.5999999999987999              0.8999999996677464              1.6666666666700001              1.6666666666700001
       0.04125000               1.0000000007247776              1.0000000000000000              0.5999999999987999              0.8999999993414001              1.6666666666700001              1.6666666666700001
       0.04875000               1.0000000014342034              1.0000000000000000              0.5999999999987999              0.8999999987029168              1.6666666666700001              1.6666666666700001
       0.05625000               1.0000000028062794              1.0000000000000000              0.5999999999987999              0.8999999974680484              1.6666666666700001              1.6666666666700001
       0.06375000               1.0000000054295681              1.0000000000000000              0.5999999999987999              0.8999999951070885              1.6666666666700001              1.6666666666700001
       0.07125000               1.0000000103875668              1.0000000000000000              0.5999999999987999              0.8999999906448898              1.6666666666700001              1.6666666666700001
       0.07875000               1.0000000196506338              1.0000000000000000              0.5999999999987999              0.8999999823081298              1.6666666666700001              1.6666666666700001
       0.08625000               1.0000000367581359              1.0000000000000000              0.5999999999987999              0.8999999669113787              1.6666666666700001              1.6666666666700001
       0.09375000               1.0000000679899288              1.0000000000000000              0.5999999999987999              0.8999999388027681              1.6666666666700001              1.6666666666700001
       0.10125000               1.0000001243511709              1.0000000000000000              0.5999999999987999              0.8999998880776600              1.6666666666700001              1.6666666666700001
       0.10875000               1.0000002248895936              1.0000000000000000              0.5999999999987999              0.8999997975931111              1.6666666666700001              1.6666666666700001
       0.11625000               1.0000004021638478              1.0000000000000000              0.5999999999987999              0.8999996380463824              1.6666666666700001              1.6666666666700001
       0.12375000               1.0000007111330811              1.0000000000000000              0.5999999999987999              0.8999993599743820              1.6666666666700001              1.6666666666700001
       0.13125000               1.0000012434059000              1.0000000000000000              0.5999999999987999              0.8999988809297813              1.6666666666700001              1.6666666666700001
       0.13875000               1.0000021497559153              1.0000000000000000              0.5999999999987999              0.8999980652175354              1.6666666666700001              1.6666666666700001
       0.14625000               1.0000036751880741              1.0000000000000000              0.5999999999987999              0.8999966923365894              1.6666666666700001              1.6666666666700001
       0.15375000               1.0000062127541993              1.0000000000000000              0.5999999999987999              0.8999944085496587              1.6666666666700001              1.6666666666700001
       0.16125000               1.0000103849153692              1.0000000000000000              0.5999999999987999              0.8999906536669284              1.6666666666700001              1.6666666666700001
       0.16875000               1.0000171646889910              1.0000000000000000              0.5999999999987999              0.8999845520387674              1.6666666666700001              1.6666666666700001
       0.17625000               1.0000280532448993              1.0000000000000000              0.5999999999987999              0.8999747527815569              1.6666666666700001              1.6666666666700001
       0.18375000               1.0000453361309802              1.0000000000000000              0.5999999999987999              0.8999591993255623              1.6666666666700001              1.6666666666700001
       0.19125000               1.0000724469310249              1.0000000000000000              0.5999999999987999              0.8999348024791377              1.6666666666700001              1.6666666666700001
       0.19875000               1.0001144747538127              1.0000000000000000              0.5999999999987999              0.8998969845079415              1.6666666666700001              1.6666666666700001
       0.20625000               1.0001788601665269              1.0000000000000000              0.5999999999987999              0.8998390546305413              1.6666666666700001              1.6666666666700001
       0.21375000               1.0002763323500021              1.0000000000000000              0.5999999999987999              0.8997513695833252              1.6666666666700001              1.6666666666700001
       0.22125000               1.0004221473011399              1.0000000000000000              0.5999999999987999              0.8996202277425075              1.6666666666700001              1.6666666666700001
       0.22875000               1.0006376912984152              1.0000000000000000              0.5999999999987999              0.8994264435770662              1.6666666666700001              1.6666666666700001
       0.23625000               1.0009525135265136              1.0000000000000000              0.5999999999987999              0.8991435535966216              1.6666666666700001              1.6666666666700001
       0.24375000               1.0014068441845743              1.0000000000000000              0.5999999999987999              0.8987356190146194              1.6666666666700001              1.6666666666700001
       0.25125000               1.0020546366691476              1.0000000000000000              0.5999999999987999              0.8981546185798015              1.6666666666700001              1.6666666666700001
       0.25875000               1.0029671414927008              1.0000000000000000              0.5999999999987999              0.8973374727453618              1.6666666666700001              1.6666666666700001
       0.26625000               1.0042369727025278              1.0000000000000000              0.5999999999987999              0.8962028131385034              1.6666666666700001              1.6666666666700001
       0.27375000               1.0059825627458763              1.0000000000000000              0.5999999999987999              0.8946477139097798              1.6666666666700001              1.6666666666700001
       0.28125000               1.0083528185180810              1.0000000000000000              0.5999999999987999              0.8925447357963245              1.6666666666700001              1.6666666666700001
       0.28875000               1.0115316915139696              1.0000000000000000              0.5999999999987999              0.8897397951483466              1.6666666666700001              1.6666666666700001
       0.29625000               1.0157422633542434              1.0000000000000000              0.5999999999987999              0.8860515432543560              1.6666666666700001              1.6666666666700001
       0.30375000               1.0212498328399062              1.0000000000000000              0.5999999999987999              0.8812730940586466              1.6666666666700001              1.6666666666700001
       0.31125000               1.0283633843246616              1.0000000000000000              0.5999999999987999              0.8751770178833628              1.6666666666700001              1.6666666666700001
       0.31875000               1.0374347354590010              1.0000000000000000              0.5999999999987999              0.8675244516422570              1.6666666666700001              1.6666666666700001
       0.32625000               1.0488546238954235              1.0000000000000000              0.5999999999987999              0.8580788790834704              1.6666666666700001              1.6666666666700001
       0.33375000               1.0630450171392236              1.0000000000000000              0.5999999999987999              0.8466245412783208              1.6666666666700001              1.6666666666700001
       0.34125000               1.0804470359180995              1.0000000000000000              0.5999999999987999              0.8329885409227241              1.6666666666700001              1.6666666666700001
       0.34875000               1.1015040834779195              1.0000000000000000              0.5999999999987999              0.8170646060176326              1.6666666666700001              1.6666666666700001
       0.35625000               1.1266400776821879              1.0000000000000000              0.5999999999987999              0.7988354203103180              1.6666666666700001              1.6666666666700001
       0.36375000               1.1562330853477325              1.0000000000000000              0.5999999999987999              0.7783897653499756              1.6666666666700001              1.6666666666700001
       0.37125000               1.1905851409766726              1.0000000000000000              0.5999999999987999              0.7559308184002724              1.6666666666700001              1.6666666666700001
       0.37875000               1.2298895621362247              1.0000000000000000              0.5999999999987999              0.7317730206852624              1.6666666666700001              1.6666666666700001
       0.38625000               1.2741976040108138              1.0000000000000000              0.5999999999987999              0.7063268657551657              1.6666666666700001              1.6666666666700001
       0.39375000               1.3233867673375048              1.0000000000000000              0.5999999999987999              0.6800732954315326              1.6666666666700001              1.6666666666700001
       0.40125000               1.3771334218620717              1.0000000000000000              0.5999999999987999              0.6535314485191838              1.6666666666700001              1.6666666666700001
       0.40875000               1.4348925673522435              1.0000000000000000              0.5999999999987999              0.6272246581180904              1.6666666666700001              1.6666666666700001
       0.41625000               1.4958874714862915              1.0000000000000000              0.5999999999987999              0.6016495339047617              1.6666666666700001              1.6666666666700001
       0.42375000               1.5591115628384509              1.0000000000000000              0.5999999999987999              0.5772518281855333              1.6666666666700001              1.6666666666700001
       0.43125000               1.6233443089596342              1.0000000000000000              0.5999999999987999              0.5544110359252684              1.6666666666700001              1.6666666666700001
       0.43875000               1.6871818982304858              1.0000000000000000              0.5999999999987999              0.5334338881525570              1.6666666666700001              1.6666666666700001
       0.44625000               1.7490824285885860              1.0000000000000000              0.5999999999987999              0.5145555093821111              1.6666666666700001              1.6666666666700001
       0.45375000               1.8074240774818058              1.0000000000000000              0.5999999999987999              0.4979462270125477              1.6666666666700001              1.6666666666700001
       0.46125000               1.8605735013098834              1.0000000000000000              0.5999999999987999              0.4837218198367765              1.6666666666700001              1.6666666666700001
       0.46875000               1.9069606178873837              1.0000000000000000              0.5999999999987999              0.4719552105857121              1.6666666666700001              1.6666666666700001
       0.47625000               1.9451550886313222              1.0000000000000000              0.5999999999987999              0.4626880423334114              1.6666666666700001              1.6666666666700001
       0.48375000               1.9739393463693840              1.0000000000000000              0.5999999999987999              0.4559410610305969              1.6666666666700001              1.6666666666700001
       0.49125000               1.9923729844257627              1.0000000000000000              0.5999999999987999              0.4517226478319750              1.6666666666700001              1.6666666666700001
       0.49875000               1.9998437622063956              1.0000000000000000              0.5999999999987999              0.4500351562467781              1.6666666666700001              1.6666666666700001
       0.50625000               1.9961013694701175              1.0000000000000000              0.5999999999987999              0.4508789051292584              1.6666666666700001              1.6666666666700001
       0.51375000               1.9812713521199745              1.0000000000000000              0.5999999999987999              0.4542537795394323              1.6666666666700001              1.6666666666700001
       0.52125000               1.9558481188958470              1.0000000000000000              0.5999999999987999              0.4601584301452739              1.6666666666700001              1.6666666666700001
       0.52875000               1.9206675723094282              1.0000000000000000              0.5999999999987999              0.4685870751238496              1.6666666666700001              1.6666666666700001
       0.53625000               1.8768614770479952              1.0000000000000000              0.5999999999987999              0.4795239345043497              1.6666666666700001              1.6666666666700001
       0.54375000               1.8257970399501011              1.0000000000000000              0.5999999999987999              0.4929354031696189              1.6666666666700001              1.6666666666700001
       0.55125000               1.7690061977623985              1.0000000000000000              0.5999999999987999              0.5087602299709874              1.6666666666700001              1.6666666666700001
       0.55875000               1.7081097026823886              1.0000000000000000              0.5999999999987999              0.5268982422969403              1.6666666666700001              1.6666666666700001
       0.56625000               1.6447412212860497              1.0000000000000000              0.5999999999987999              0.5471985430571110              1.6666666666700001              1.6666666666700001
       0.57375000               1.5804763322460489              1.0000000000000000              0.5999999999987999              0.5694485780212162              1.6666666666700001              1.6666666666700001
       0.58125000               1.5167705827795772              1.0000000000000000              0.5999999999987999              0.5933659382715568              1.6666666666700001              1.6666666666700001
       0.58875000               1.4549097415176746              1.0000000000000000              0.5999999999987999              0.6185950745335403              1.6666666666700001              1.6666666666700001
       0.59625000               1.3959741886613823              1.0000000000000000              0.5999999999987999              0.6447110607802293              1.6666666666700001              1.6666666666700001
       0.60375000               1.3408181426392922              1.0000000000000000              0.5999999999987999              0.6712319675374637              1.6666666666700001              1.6666666666700001
       0.61125000               1.2900632576386539              1.0000000000000000              0.5999999999987999              0.6976402084662653              1.6666666666700001              1.6666666666700001
       0.61875000               1.2441051387455537              1.0000000000000000              0.5999999999987999              0.7234115284671042              1.6666666666700001              1.6666666666700001
       0.62625000               1.2031305811184816              1.0000000000000000              0.5999999999987999              0.7480484779607393              1.6666666666700001              1.6666666666700001
       0.63375000               1.1671428822553462              1.0000000000000000              0.5999999999987999              0.7711138144925077              1.6666666666700001              1.6666666666700001
       0.64125000               1.1359924036936222              1.0000000000000000              0.5999999999987999              0.7922588188683262              1.6666666666700001              1.6666666666700001
       0.64875000               1.1094096428309204              1.0000000000000000              0.5999999999987999              0.8112422726894076              1.6666666666700001              1.6666666666700001
       0.65625000               1.0870383676562234              1.0000000000000000              0.5999999999987999              0.8279376577426616              1.6666666666700001              1.6666666666700001
       0.66375000               1.0684668049801396              1.0000000000000000              0.5999999999987999              0.8423284614915377              1.6666666666700001              1.6666666666700001
       0.67125000               1.0532553904717250              1.0000000000000000              0.5999999999987999              0.8544936091811633              1.6666666666700001              1.6666666666700001
       0.67875000               1.0409601248565465              1.0000000000000000              0.5999999999987999              0.8645864317979786              1.6666666666700001              1.6666666666700001
       0.68625000               1.0311510835326156              1.0000000000000000              0.5999999999987999              0.8728109918775375              1.6666666666700001              1.6666666666700001
       0.69375000               1.0234260588540209              1.0000000000000000              0.5999999999987999              0.8793991438926939              1.6666666666700001              1.6666666666700001
       0.70125000               1.0174196526061206              1.0000000000000000              0.5999999999987999              0.8845907366624477              1.6666666666700001              1.6666666666700001
       0.70875000               1.0128083721199148              1.0000000000000000              0.5999999999987999              0.8886182468159350              1.6666666666700001              1.6666666666700001
       0.71625000               1.0093124203344779              1.0000000000000000              0.5999999999987999              0.8916961506284121              1.6666666666700001              1.6666666666700001
       0.72375000               1.0066949199941502              1.0000000000000000              0.5999999999987999              0.8940146434819892              1.6666666666700001              1.6666666666700001
       0.73125000               1.0047592925296969              1.0000000000000000              0.5999999999987999              0.8957369259335307              1.6666666666700001              1.6666666666700001
       0.73875000               1.0033454426912107              1.0000000000000000              0.5999999999987999              0.8969991407741745              1.6666666666700001              1.6666666666700001
       0.74625000               1.0023252999209600              1.0000000000000000              0.5999999999987999              0.8979120850932036              1.6666666666700001              1.6666666666700001
       0.75375000               1.0015981537056493              1.0000000000000000              0.5999999999987999              0.8985639566765743              1.6666666666700001              1.6666666666700001
       0.76125000               1.0010861062241074              1.0000000000000000              0.5999999999987999              0.8990235649042381              1.6666666666700001              1.6666666666700001
       0.76875000               1.0007298611480970              1.0000000000000000              0.5999999999987999              0.8993436040383227              1.6666666666700001              1.6666666666700001
       0.77625000               1.0004849783777401              1.0000000000000000              0.5999999999987999              0.8995637310347487              1.6666666666700001              1.6666666666700001
       0.78375000               1.0003186535007731              1.0000000000000000              0.5999999999987999              0.8997133031999430              1.6666666666700001              1.6666666666700001
       0.79125000               1.0002070280534434              1.0000000000000000              0.5999999999987999              0.8998137133121711              1.6666666666700001              1.6666666666700001
       0.79875000               1.0001330006889075              1.0000000000000000              0.5999999999987999              0.8998803152918317              1.6666666666700001              1.6666666666700001
       0.80625000               1.0000844875602850              1.0000000000000000              0.5999999999987999              0.8999239676132342              1.6666666666700001              1.6666666666700001
       0.81375000               1.0000530696025669              1.0000000000000000              0.5999999999987999              0.8999522398859999              1.6666666666700001              1.6666666666700001
       0.82125000               1.0000329619645709              1.0000000000000000              0.5999999999987999              0.8999703352033960              1.6666666666700001              1.6666666666700001
       0.82875000               1.0000202439160810              1.0000000000000000              0.5999999999987999              0.8999817808380541              1.6666666666700001              1.6666666666700001
       0.83625000               1.0000122939135672              1.0000000000000000              0.5999999999987999              0.8999889356075140              1.6666666666700001              1.6666666666700001
       0.84375000               1.0000073824407434              1.0000000000000000              0.5999999999987999              0.8999933558460809              1.6666666666700001              1.6666666666700001
       0.85125000               1.0000043835298777              1.0000000000000000              0.5999999999987999              0.8999960548341036              1.6666666666700001              1.6666666666700001
       0.85875000               1.0000025737251084              1.0000000000000000              0.5999999999987999              0.8999976836470640              1.6666666666700001              1.6666666666700001
       0.86625000               1.0000014942199646              1.0000000000000000              0.5999999999987999              0.8999986551977411              1.6666666666700001              1.6666666666700001
       0.87375000               1.0000008577902340              1.0000000000000000              0.5999999999987999              0.8999992279831515              1.6666666666700001              1.6666666666700001
       0.88125000               1.0000004869247467              1.0000000000000000              0.5999999999987999              0.8999995617616412              1.6666666666700001              1.6666666666700001
       0.88875000               1.0000002733107940              1.0000000000000000              0.5999999999987999              0.8999997540140525              1.6666666666700001              1.6666666666700001
       0.89625000               1.0000001516931283              1.0000000000000000              0.5999999999987999              0.8999998634699051              1.6666666666700001              1.6666666666700001
       0.90375000               1.0000000832509539              1.0000000000000000              0.5999999999987999              0.8999999250678475              1.6666666666700001              1.6666666666700001
       0.91125000               1.0000000451779705              1.0000000000000000              0.5999999999987999              0.8999999593335283              1.6666666666700001              1.6666666666700001
       0.91875000               1.0000000242425557              1.0000000000000000              0.5999999999987999              0.8999999781754002              1.6666666666700001              1.6666666666700001
       0.92625000               1.0000000128630593              1.0000000000000000              0.5999999999987999              0.8999999884169466              1.6666666666700001              1.6666666666700001
       0.93375000               1.0000000067487653              1.0000000000000000              0.5999999999987999              0.8999999939198111              1.6666666666700001              1.6666666666700001
       0.94125000               1.0000000035012133              1.0000000000000000              0.5999999999987999              0.8999999968426079              1.6666666666700001              1.6666666666700001
       0.94875000               1.0000000017960855              1.0000000000000000              0.5999999999987999              0.8999999983772229              1.6666666666700001              1.6666666666700001
       0.95625000               1.0000000009110657              1.0000000000000000              0.5999999999987999              0.8999999991737407              1.6666666666700001              1.6666666666700001
       0.96375000               1.0000000004569687              1.0000000000000000              0.5999999999987999              0.8999999995824280              1.6666666666700001              1.6666666666700001
       0.97125000               1.0000000002266405              1.0000000000000000              0.5999999999987999              0.8999999997897234              1.6666666666700001              1.6666666666700001
       0.97875000               1.0000000001111482              1.0000000000000000              0.5999999999987999              0.8999999998936664              1.6666666666700001              1.6666666666700001
       0.98625000               1.0000000000538991              1.0000000000000000              0.5999999999987999              0.8999999999451906              1.6666666666700001              1.6666666666700001
       0.99375000               1.0000000000258449              1.0000000000000000              0.5999999999987999              0.8999999999704394              1.6666666666700001              1.6666666666700001
       1.00125000               1.0000000000122542              1.0000000000000000              0.5999999999987999              0.8999999999826711              1.6666666666700001              1.6666666666700001
       1.00875000               1.0000000000057452              1.0000000000000000              0.5999999999987999              0.8999999999885292              1.6666666666700001              1.6666666666700001
       1.01625000               1.0000000000026634              1.0000000000000000              0.5999999999987999              0.8999999999913028              1.6666666666700001              1.6666666666700001
       1.02375000               1.0000000000012210              1.0000000000000000              0.5999999999987999              0.8999999999926009              1.6666666666700001              1.6666666666700001
       1.03125000               1.0000000000005533              1.0000000000000000              0.5999999999987999              0.8999999999932018              1.6666666666700001              1.6666666666700001
       1.03875000               1.0000000000002480              1.0000000000000000              0.5999999999987999              0.8999999999934766              1.6666666666700001              1.6666666666700001
       1.04625000               1.0000000000001099              1.0000000000000000              0.5999999999987999              0.8999999999936009              1.6666666666700001              1.6666666666700001
       1.05375000               1.0000000000000482              1.0000000000000000              0.5999999999987999              0.8999999999936564              1.6666666666700001              1.6666666666700001
       1.06125000               1.0000000000000209              1.0000000000000000              0.5999999999987999              0.8999999999936811              1.6666666666700001              1.6666666666700001
       1.06875000               1.0000000000000089              1.0000000000000000              0.5999999999987999              0.8999999999936918              1.6666666666700001              1.6666666666700001
       1.07625000               1.0000000000000038              1.0000000000000000              0.5999999999987999              0.8999999999936964              1.6666666666700001              1.6666666666700001
       1.08375000               1.0000000000000016              1.0000000000000000              0.5999999999987999              0.8999999999936984              1.6666666666700001              1.6666666666700001
       1.09125000               1.0000000000000007              1.0000000000000000              0.5999999999987999              0.8999999999936993              1.6666666666700001              1.6666666666700001
       1.09875000               1.0000000000000002              1.0000000000000000              0.5999999999987999              0.8999999999936996              1.6666666666700001              1.6666666666700001
       1.10625000               1.0000000000000000              1.0000000000000000              0.5999999999987999              0.8999999999936998              1.6666666666700001              1.6666666666700001
       1.11375000               1.0000000000000000              1.0000000000000000              0.5999999999987999              0.8999999999936998              1.6666666666700001              1.6666666666700001
       1.12125000               1.0000000000000000              1.0000000000000000              0.5999999999987999              0.8999999999936998              1.6666666666700001              1.6666666666700001
       1.12875000               1.0000000000000000              1.0000000000000000              0.5999999999987999              0.8999999999936998              1.6666666666700001              1.6666666666700001
       1.13625000               1.0000000000000000              1.0000000000000000              0.5999999999987999              0.8999999999936998              1.6666666666700001              1.6666666666700001
       1.14375000               1.0000000000000000              1.0000000000000000              0.5999999999987999              0.8999999999936998              1.6666666666700001              1.6666666666700001
       1.15125000               1.0000000000000000              1.0000000000000000              0.5999999999987999              0.8999999999936998              1.6666666666700001              1.6666666666700001
       1.15875000               1.0000000000000000              1.0000000000000000              0.5999999999987999              0.8999999999936998              1.6666666666700001              1.6666666666700001
       1.16625000               1.0000000000000000              1.0000000000000000              0.5999999999987999              0.8999999999936998              1.6666666666700001              1.6666666666700001
       1.17375000               1.0000000000000000              1.0000000000000000              0.5999999999987999              0.8999999999936998              1.6666666666700001              1.6666666666700001
       1.18125000               1.0000000000000000              1.0000000000000000              0.5999999999987999              0.8999999999936998              1.6666666666700001              1.6666666666700001
       1.18875000               1.0000000000000000              1.0000000000000000              0.5999999999987999              0.8999999999936998              1.6666666666700001              1.6666666666700001
       1.19625000               1.0000000000000000              1.0000000000000000              0.5999999999987999              0.8999999999936998              1.6666666666700001              1.6666666666700001
       1.20375000               1.0000000000000000              1.0000000000000000              0.5999999999987999              0.8999999999936998              1.6666666666700001              1.6666666666700001
       1.21125000               1.0000000000000000              1.0000000000000000              0.5999999999987999              0.8999999999936998              1.6666666666700001              1.6666666666700001
       1.21875000               1.0000000000000000              1.0000000000000000              0.5999999999987999              0.8999999999936998              1.6666666666700001              1.6666666666700001
       1.22625000               1.0000000000000000              1.0000000000000000              0.5999999999987999              0.8999999999936998              1.6666666666700001              1.6666666666700001
       1.23375000               1.0000000000000000              1.0000000000000000              0.5999999999987999              0.8999999999936998              1.6666666666700001              1.6666666666700001
       1.24125000               1.0000000000000000              1.0000000000000000              0.5999999999987999              0.8999999999936998              1.6666666666700001              1.6666666666700001
       1.24875000               1.0000000000000000              1.0000000000000000              0.5999999999987999              0.8999999999936998              1.6666666666700001              1.6666666666700001
       1.25625000               1.0000000000000000              1.0000000000000000              0.5999999999987999              0.8999999999936998              1.6666666666700001              1.6666666666700001
       1.26375000               1.0000000000000000              1.0000000000000000              0.5999999999987999              0.8999999999936998              1.6666666666700001              1.6666666666700001
       1.27125000               1.0000000000000000              1.0000000000000000              0.5999999999987999              0.8999999999936998              1.6666666666700001              1.6666666666700001
       1.27875000               1.0000000000000000              1.0000000000000000              0.5999999999987999              0.8999999999936998              1.6666666666700001              1.6666666666700001
       1.28625000               1.0000000000000000              1.0000000000000000              0.5999999999987999              0.8999999999936998              1.6666666666700001              1.6666666666700001
       1.29375000               1.0000000000000000              1.0000000000000000              0.5999999999987999              0.8999999999936998              1.6666666666700001              1.6666666666700001
       1.30125000               1.0000000000000000              1.0000000000000000              0.5999999999987999              0.8999999999936998              1.6666666666700001              1.6666666666700001
       1.30875000               1.0000000000000000              1.0000000000000000              0.5999999999987999              0.8999999999936998              1.6666666666700001              1.6666666666700001
       1.31625000               1.0000000000000000              1.0000000000000000              0.5999999999987999              0.8999999999936998              1.6666666666700001              1.6666666666700001
       1.32375000               1.0000000000000000              1.0000000000000000              0.5999999999987999              0.8999999999936998              1.6666666666700001              1.6666666666700001
       1.33125000               1.0000000000000000              1.0000000000000000              0.5999999999987999              0.8999999999936998              1.6666666666700001              1.6666666666700001
       1.33875000               1.0000000000000000              1.0000000000000000              0.5999999999987999              0.8999999999936998              1.6666666666700001              1.6666666666700001
       1.34625000               1.0000000000000000              1.0000000000000000              0.5999999999987999              0.8999999999936998              1.6666666666700001              1.6666666666700001
       1.35375000               1.0000000000000000              1.0000000000000000              0.5999999999987999              0.8999999999936998              1.6666666666700001              1.6666666666700001
       1.36125000               1.0000000000000000              1.0000000000000000              0.5999999999987999              0.8999999999936998              1.6666666666700001              1.6666666666700001
       1.36875000               1.0000000000000000              1.0000000000000000              0.5999999999987999              0.8999999999936998              1.6666666666700001              1.6666666666700001
       1.37625000               1.0000000000000000              1.0000000000000000              0.5999999999987999              0.8999999999936998              1.6666666666700001              1.6666666666700001
       1.38375000               1.0000000000000000              1.0000000000000000              0.5999999999987999              0.8999999999936998              1.6666666666700001              1.6666666666700001
       1.39125000               1.0000000000000000              1.0000000000000000              0.5999999999987999              0.8999999999936998              1.6666666666700001              1.6666666666700001
       1.39875000               1.0000000000000000              1.0000000000000000              0.5999999999987999              0.8999999999936998              1.6666666666700001              1.6666666666700001
       1.40625000               1.0000000000000000              1.0000000000000000              0.5999999999987999              0.8999999999936998              1.6666666666700001              1.6666666666700001
       1.41375000               1.0000000000000000              1.0000000000000000              0.5999999999987999              0.8999999999936998              1.6666666666700001              1.6666666666700001
       1.42125000               1.0000000000000000              1.0000000000000000              0.5999999999987999              0.8999999999936998              1.6666666666700001              1.6666666666700001
       1.42875000               1.0000000000000000              1.0000000000000000              0.5999999999987999              0.8999999999936998              1.6666666666700001              1.6666666666700001
       1.43625000               1.0000000000000000              1.0000000000000000              0.5999999999987999              0.8999999999936998              1.6666666666700001              1.6666666666700001
       1.44375000               1.0000000000000000              1.0000000000000000              0.5999999999987999              0.8999999999936998              1.6666666666700001              1.6666666666700001
       1.45125000               1.0000000000000000              1.0000000000000000              0.5999999999987999              0.8999999999936998              1.6666666666700001              1.6666666666700001
       1.45875000               1.0000000000000000              1.0000000000000000              0.5999999999987999              0.8999999999936998              1.6666666666700001              1.6666666666700001
       1.46625000               1.0000000000000000              1.0000000000000000              0.5999999999987999              0.8999999999936998              1.6666666666700001              1.6666666666700001
       1.47375000               1.0000000000000000              1.0000000000000000              0.5999999999987999              0.8999999999936998              1.6666666666700001              1.6666666666700001
       1.48125000               1.0000000000000000              1.0000000000000000              0.5999999999987999              0.8999999999936998              1.6666666666700001              1.6666666666700001
       1.48875000               1.0000000000000000              1.0000000000000000              0.5999999999987999              0.8999999999936998              1.6666666666700001              1.6666666666700001
       1.49625000               1.0000000000000000              1.0000000000000000              0.5999999999987999              0.8999999999936998              1.6666666666700001              1.6666666666700001
       1.50375000               1.0000000000000000              1.0000000000000000              0.5999999999987999              0.8999999999936998              1.6666666666700001              1.6666666666700001
       1.51125000               1.0000000000000000              1.0000000000000000              0.5999999999987999              0.8999999999936998              1.6666666666700001              1.6666666666700001
       1.51875000               1.0000000000000000              1.0000000000000000              0.5999999999987999              0.8999999999936998              1.6666666666700001              1.6666666666700001
       1.52625000               1.0000000000000000              1.0000000000000000              0.5999999999987999              0.8999999999936998              1.6666666666700001              1.6666666666700001
       1.53375000               1.0000000000000000              1.0000000000000000              0.5999999999987999              0.8999999999936998              1.6666666666700001              1.6666666666700001
       1.54125000               1.0000000000000000              1.0000000000000000              0.5999999999987999              0.8999999999936998              1.6666666666700001              1.6666666666700001
       1.54875000               1.0000000000000000              1.0000000000000000              0.5999999999987999              0.8999999999936998              1.6666666666700001              1.6666666666700001
       1.55625000               1.0000000000000000              1.0000000000000000              0.5999999999987999              0.8999999999936998              1.6666666666700001              1.6666666666700001
       1.56375000               1.0000000000000000              1.0000000000000000              0.5999999999987999              0.8999999999936998              1.6666666666700001              1.6666666666700001
       1.57125000               1.0000000000000000              1.0000000000000000              0.5999999999987999              0.8999999999936998              1.6666666666700001              1.6666666666700001
       1.57875000               1.0000000000000000              1.0000000000000000              0.5999999999987999              0.8999999999936998              1.6666666666700001              1.6666666666700001
       1.58625000               1.0000000000000000              1.0000000000000000              0.5999999999987999              0.8999999999936998              1.6666666666700001              1.6666666666700001
       1.59375000               1.0000000000000000              1.0000000000000000              0.5999999999987999              0.8999999999936998              1.6666666666700001              1.6666666666700001
       1.60125000               1.0000000000000000              1.0000000000000000              0.5999999999987999              0.8999999999936998              1.6666666666700001              1.6666666666700001
       1.60875000               1.0000000000000000              1.0000000000000000              0.5999999999987999              0.8999999999936998              1.6666666666700001              1.6666666666700001
       1.61625000               1.0000000000000000              1.0000000000000000              0.5999999999987999              0.8999999999936998              1.6666666666700001              1.6666666666700001
       1.62375000               1.0000000000000000              1.0000000000000000              0.5999999999987999              0.8999999999936998              1.6666666666700001              1.6666666666700001
       1.63125000               1.0000000000000000              1.0000000000000000              0.5999999999987999              0.8999999999936998              1.6666666666700001              1.6666666666700001
       1.63875000               1.0000000000000000              1.0000000000000000              0.5999999999987999              0.8999999999936998              1.6666666666700001              1.6666666666700001
       1.64625000               1.0000000000000000              1.0000000000000000              0.5999999999987999              0.8999999999936998              1.6666666666700001              1.6666666666700001
       1.65375000               1.0000000000000000              1.0000000000000000              0.5999999999987999              0.8999999999936998              1.6666666666700001              1.6666666666700001
       1.66125000               1.0000000000000000              1.0000000000000000              0.5999999999987999              0.8999999999936998              1.6666666666700001              1.6666666666700001
       1.66875000               1.0000000000000000              1.0000000000000000              0.5999999999987999              0.8999999999936998              1.6666666666700001              1.6666666666700001
       1.67625000               1.0000000000000000              1.0000000000000000              0.5999999999987999              0.8999999999936998              1.6666666666700001              1.6666666666700001
       1.68375000               1.0000000000000000              1.0000000000000000              0.5999999999987999              0.8999999999936998              1.6666666666700001              1.6666666666700001
       1.69125000               1.0000000000000000              1.0000000000000000              0.5999999999987999              0.8999999999936998              1.6666666666700001              1.6666666666700001
       1.69875000               1.0000000000000000              1.0000000000000000              0.5999999999987999              0.8999999999936998              1.6666666666700001              1.6666666666700001
       1.70625000               1.0000000000000000              1.0000000000000000              0.5999999999987999              0.8999999999936998              1.6666666666700001              1.6666666666700001
       1.71375000               1.0000000000000000              1.0000000000000000              0.5999999999987999              0.8999999999936998              1.6666666666700001              1.6666666666700001
       1.72125000               1.0000000000000000              1.0000000000000000              0.5999999999987999              0.8999999999936998              1.6666666666700001              1.6666666666700001
       1.72875000               1.0000000000000000              1.0000000000000000              0.5999999999987999              0.8999999999936998              1.6666666666700001              1.6666666666700001
       1.73625000               1.0000000000000000              1.0000000000000000              0.5999999999987999              0.8999999999936998              1.6666666666700001              1.6666666666700001
       1.74375000               1.0000000000000000              1.0000000000000000              0.5999999999987999              0.8999999999936998              1.6666666666700001              1.6666666666700001
       1.75125000               1.0000000000000000              1.0000000000000000              0.5999999999987999              0.8999999999936998              1.6666666666700001              1.6666666666700001
       1.75875000               1.0000000000000000              1.0000000000000000              0.5999999999987999              0.8999999999936998              1.6666666666700001              1.6666666666700001
       1.76625000               1.0000000000000000              1.0000000000000000              0.5999999999987999              0.8999999999936998              1.6666666666700001              1.6666666666700001
       1.77375000               1.0000000000000000              1.0000000000000000              0.5999999999987999              0.8999999999936998              1.6666666666700001              1.6666666666700001
       1.78125000               1.0000000000000000              1.0000000000000000              0.5999999999987999              0.8999999999936998              1.6666666666700001              1.6666666666700001
       1.78875000               1.0000000000000000              1.0000000000000000              0.5999999999987999              0.8999999999936998              1.6666666666700001              1.6666666666700001
       1.79625000               1.0000000000000000              1.0000000000000000              0.5999999999987999              0.8999999999936998              1.6666666666700001              1.6666666666700001
       1.80375000               1.0000000000000000              1.0000000000000000              0.5999999999987999              0.8999999999936998              1.6666666666700001              1.6666666666700001
       1.81125000               1.0000000000000000              1.0000000000000000              0.5999999999987999              0.8999999999936998              1.6666666666700001              1.6666666666700001
       1.81875000               1.0000000000000000              1.0000000000000000              0.5999999999987999              0.8999999999936998              1.6666666666700001              1.6666666666700001
       1.82625000               1.0000000000000000              1.0000000000000000              0.5999999999987999              0.8999999999936998              1.6666666666700001              1.6666666666700001
       1.83375000               1.0000000000000000              1.0000000000000000              0.5999999999987999              0.8999999999936998              1.6666666666700001              1.6666666666700001
       1.84125000               1.0000000000000000              1.0000000000000000              0.5999999999987999              0.8999999999936998              1.6666666666700001              1.6666666666700001
       1.84875000               1.0000000000000000              1.0000000000000000              0.5999999999987999              0.8999999999936998              1.6666666666700001              1.6666666666700001
       1.85625000               1.0000000000000000              1.0000000000000000              0.5999999999987999              0.8999999999936998              1.6666666666700001              1.6666666666700001
       1.86375000               1.0000000000000000              1.0000000000000000              0.5999999999987999              0.8999999999936998              1.6666666666700001              1.6666666666700001
       1.87125000               1.0000000000000000              1.0000000000000000              0.5999999999987999              0.8999999999936998              1.6666666666700001              1.6666666666700001
       1.87875000               1.0000000000000000              1.0000000000000000              0.5999999999987999              0.8999999999936998              1.6666666666700001              1.6666666666700001
       1.88625000               1.0000000000000000              1.0000000000000000              0.5999999999987999              0.8999999999936998              1.6666666666700001              1.6666666666700001
       1.89375000               1.0000000000000000              1.0000000000000000              0.5999999999987999              0.8999999999936998              1.6666666666700001              1.6666666666700001
       1.90125000               1.0000000000000000              1.0000000000000000              0.5999999999987999              0.8999999999936998              1.6666666666700001              1.6666666666700001
       1.90875000               1.0000000000000000              1.0000000000000000              0.5999999999987999              0.8999999999936998              1.6666666666700001              1.6666666666700001
       1.91625000               1.0000000000000000              1.0000000000000000              0.5999999999987999              0.8999999999936998              1.6666666666700001              1.6666666666700001
       1.92375000               1.0000000000000000              1.0000000000000000              0.5999999999987999              0.8999999999936998              1.6666666666700001              1.6666666666700001
       1.93125000               1.0000000000000000              1.0000000000000000              0.5999999999987999              0.8999999999936998              1.6666666666700001              1.6666666666700001
       1.93875000               1.0000000000000000              1.0000000000000000              0.5999999999987999              0.8999999999936998              1.6666666666700001              1.6666666666700001
       1.94625000               1.0000000000000000              1.0000000000000000              0.5999999999987999              0.8999999999936998              1.6666666666700001              1.6666666666700001
       1.95375000               1.0000000000000000              1.0000000000000000              0.5999999999987999              0.8999999999936998              1.6666666666700001              1.6666666666700001
       1.96125000               1.0000000000000000              1.0000000000000000              0.5999999999987999              0.8999999999936998              1.6666666666700001              1.6666666666700001
       1.96875000               1.0000000000000000              1.0000000000000000              0.5999999999987999              0.8999999999936998              1.6666666666700001              1.6666666666700001
       1.97625000               1.0000000000000000              1.0000000000000000              0.5999999999987999              0.8999999999936998              1.6666666666700001              1.6666666666700001
       1.98375000               1.0000000000000000              1.0000000000000000              0.5999999999987999              0.8999999999936998              1.6666666666700001              1.6666666666700001
       1.99125000               1.0000000000000000              1.0000000000000000              0.5999999999987999              0.8999999999936998              1.6666666666700001              1.6666666666700001
       1.99875000               1.0000000000000000              1.0000000000000000              0.5999999999987999              0.8999999999936998              1.6666666666700001              1.6666666666700001
       2.00625000               1.0000000000000000              1.0000000000000000              0.5999999999987999              0.8999999999936998              1.6666666666700001              1.6666666666700001
       2.01375000               1.0000000000000000              1.0000000000000000              0.5999999999987999              0.8999999999936998              1.6666666666700001              1.6666666666700001
       2.02125000               1.0000000000000000              1.0000000000000000              0.5999999999987999              0.8999999999936998              1.6666666666700001              1.6666666666700001
       2.02875000               1.0000000000000000              1.0000000000000000              0.5999999999987999              0.8999999999936998              1.6666666666700001              1.6666666666700001
       2.03625000               1.0000000000000000              1.0000000000000000              0.5999999999987999              0.8999999999936998              1.6666666666700001              1.6666666666700001
       2.04375000               1.0000000000000000              1.0000000000000000              0.5999999999987999              0.8999999999936998              1.6666666666700001              1.6666666666700001
       2.05125000               1.0000000000000000              1.0000000000000000              0.5999999999987999              0.8999999999936998              1.6666666666700001              1.6666666666700001
       2.05875000               1.0000000000000000              1.0000000000000000              0.5999999999987999              0.8999999999936998              1.6666666666700001              1.6666666666700001
       2.06625000               1.0000000000000000              1.0000000000000000              0.5999999999987999              0.8999999999936998              1.6666666666700001              1.6666666666700001
       2.07375000               1.0000000000000000              1.0000000000000000              0.5999999999987999              0.8999999999936998              1.6666666666700001              1.6666666666700001
       2.08125000               1.0000000000000000              1.0000000000000000              0.5999999999987999              0.8999999999936998              1.6666666666700001              1.6666666666700001
       2.08875000               1.0000000000000000              1.0000000000000000              0.5999999999987999              0.8999999999936998              1.6666666666700001              1.6666666666700001
       2.09625000               1.0000000000000000              1.0000000000000000              0.5999999999987999              0.8999999999936998              1.6666666666700001              1.6666666666700001
       2.10375000               1.0000000000000000              1.0000000000000000              0.5999999999987999              0.8999999999936998              1.6666666666700001              1.6666666666700001
       2.11125000               1.0000000000000000              1.0000000000000000              0.5999999999987999              0.8999999999936998              1.6666666666700001              1.6666666666700001
       2.11875000               1.0000000000000000              1.0000000000000000              0.5999999999987999              0.8999999999936998              1.6666666666700001              1.6666666666700001
       2.12625000               1.0000000000000000              1.0000000000000000              0.5999999999987999              0.8999999999936998              1.6666666666700001              1.6666666666700001
       2.13375000               1.0000000000000000              1.0000000000000000              0.5999999999987999              0.8999999999936998              1.6666666666700001              1.6666666666700001
       2.14125000               1.0000000000000000              1.0000000000000000              0.5999999999987999              0.8999999999936998              1.6666666666700001              1.6666666666700001
       2.14875000               1.0000000000000000              1.0000000000000000              0.5999999999987999              0.8999999999936998              1.6666666666700001              1.6666666666700001
       2.15625000               1.0000000000000000              1.0000000000000000              0.5999999999987999              0.8999999999936998              1.6666666666700001              1.6666666666700001
       2.16375000               1.0000000000000000              1.0000000000000000              0.5999999999987999              0.8999999999936998              1.6666666666700001              1.6666666666700001
       2.17125000               1.0000000000000000              1.0000000000000000              0.5999999999987999              0.8999999999936998              1.6666666666700001              1.6666666666700001
       2.17875000               1.0000000000000000              1.0000000000000000              0.5999999999987999              0.8999999999936998              1.6666666666700001              1.6666666666700001
       2.18625000               1.0000000000000000              1.0000000000000000              0.5999999999987999              0.8999999999936998              1.6666666666700001              1.6666666666700001
       2.19375000               1.0000000000000000              1.0000000000000000              0.5999999999987999              0.8999999999936998              1.6666666666700001              1.6666666666700001
       2.20125000               1.0000000000000000              1.0000000000000000              0.5999999999987999              0.8999999999936998              1.6666666666700001              1.6666666666700001
       2.20875000               1.0000000000000000              1.0000000000000000              0.5999999999987999              0.8999999999936998              1.6666666666700001              1.6666666666700001
       2.21625000               1.0000000000000000              1.0000000000000000              0.5999999999987999              0.8999999999936998              1.6666666666700001              1.6666666666700001
       2.22375000               1.0000000000000000              1.0000000000000000              0.5999999999987999              0.8999999999936998              1.6666666666700001              1.6666666666700001
       2.23125000               1.0000000000000000              1.0000000000000000              0.5999999999987999              0.8999999999936998              1.6666666666700001              1.6666666666700001
       2.23875000               1.0000000000000000              1.0000000000000000              0.5999999999987999              0.8999999999936998              1.6666666666700001              1.6666666666700001
       2.24625000               1.0000000000000000              1.0000000000000000              0.5999999999987999              0.8999999999936998              1.6666666666700001              1.6666666666700001
       2.25375000               1.0000000000000000              1.0000000000000000              0.5999999999987999              0.8999999999936998              1.6666666666700001              1.6666666666700001
       2.26125000               1.0000000000000000              1.0000000000000000              0.5999999999987999              0.8999999999936998              1.6666666666700001              1.6666666666700001
       2.26875000               1.0000000000000000              1.0000000000000000              0.5999999999987999              0.8999999999936998              1.6666666666700001              1.6666666666700001
       2.27625000               1.0000000000000000              1.0000000000000000              0.5999999999987999              0.8999999999936998              1.6666666666700001              1.6666666666700001
       2.28375000               1.0000000000000000              1.0000000000000000              0.5999999999987999              0.8999999999936998              1.6666666666700001              1.6666666666700001
       2.29125000               1.0000000000000000              1.0000000000000000              0.5999999999987999              0.8999999999936998              1.6666666666700001              1.6666666666700001
       2.29875000               1.0000000000000000              1.0000000000000000              0.5999999999987999              0.8999999999936998              1.6666666666700001              1.6666666666700001
       2.30625000               1.0000000000000000              1.0000000000000000              0.5999999999987999              0.8999999999936998              1.6666666666700001              1.6666666666700001
       2.31375000               1.0000000000000000              1.0000000000000000              0.5999999999987999              0.8999999999936998              1.6666666666700001              1.6666666666700001
       2.32125000               1.0000000000000000              1.0000000000000000              0.5999999999987999              0.8999999999936998              1.6666666666700001              1.6666666666700001
       2.32875000               1.0000000000000000              1.0000000000000000              0.5999999999987999              0.8999999999936998              1.6666666666700001              1.6666666666700001
       2.33625000               1.0000000000000000              1.0000000000000000              0.5999999999987999              0.8999999999936998              1.6666666666700001              1.6666666666700001
       2.34375000               1.0000000000000000              1.0000000000000000              0.5999999999987999              0.8999999999936998              1.6666666666700001              1.6666666666700001
       2.35125000               1.0000000000000000              1.0000000000000000              0.5999999999987999              0.8999999999936998              1.6666666666700001              1.6666666666700001
       2.35875000               1.0000000000000000              1.0000000000000000              0.5999999999987999              0.8999999999936998              1.6666666666700001              1.6666666666700001
       2.36625000               1.0000000000000000              1.0000000000000000              0.5999999999987999              0.8999999999936998              1.6666666666700001              1.6666666666700001
       2.37375000               1.0000000000000000              1.0000000000000000              0.5999999999987999              0.8999999999936998              1.6666666666700001              1.6666666666700001
       2.38125000               1.0000000000000000              1.0000000000000000              0.5999999999987999              0.8999999999936998              1.6666666666700001              1.6666666666700001
       2.38875000               1.0000000000000000              1.0000000000000000              0.5999999999987999              0.8999999999936998              1.6666666666700001              1.6666666666700001
       2.39625000               1.0000000000000000              1.0000000000000000              0.5999999999987999              0.8999999999936998              1.6666666666700001              1.6666666666700001
       2.40375000               1.0000000000000000              1.0000000000000000              0.5999999999987999              0.8999999999936998              1.6666666666700001              1.6666666666700001
       2.41125000               1.0000000000000000              1.0000000000000000              0.5999999999987999              0.8999999999936998              1.6666666666700001              1.6666666666700001
       2.41875000               1.0000000000000000              1.0000000000000000              0.5999999999987999              0.8999999999936998              1.6666666666700001              1.6666666666700001
       2.42625000               1.0000000000000000              1.0000000000000000              0.5999999999987999              0.8999999999936998              1.6666666666700001              1.6666666666700001
       2.43375000               1.0000000000000000              1.0000000000000000              0.5999999999987999              0.8999999999936998              1.6666666666700001              1.6666666666700001
       2.44125000               1.0000000000000000              1.0000000000000000              0.5999999999987999              0.8999999999936998              1.6666666666700001              1.6666666666700001
       2.44875000               1.0000000000000000              1.0000000000000000              0.5999999999987999              0.8999999999936998              1.6666666666700001              1.6666666666700001
       2.45625000               1.0000000000000000              1.0000000000000000              0.5999999999987999              0.8999999999936998              1.6666666666700001              1.6666666666700001
       2.46375000               1.0000000000000000              1.0000000000000000              0.5999999999987999              0.8999999999936998              1.6666666666700001              1.6666666666700001
       2.47125000               1.0000000000000000              1.0000000000000000              0.5999999999987999              0.8999999999936998              1.6666666666700001              1.6666666666700001
       2.47875000               1.0000000000000000              1.0000000000000000              0.5999999999987999              0.8999999999936998              1.6666666666700001              1.6666666666700001
       2.48625000               1.0000000000000000              1.0000000000000000              0.5999999999987999              0.8999999999936998              1.6666666666700001              1.6666666666700001
       2.49375000               1.0000000000000000              1.0000000000000000              0.5999999999987999              0.8999999999936998              1.6666666666700001              1.6666666666700001
       2.50125000               1.0000000000000000              1.0000000000000000              0.5999999999987999              0.8999999999936998              1.6666666666700001              1.6666666666700001
       2.50875000               1.0000000000000000              1.0000000000000000              0.5999999999987999              0.8999999999936998              1.6666666666700001              1.6666666666700001
       2.51625000               1.0000000000000000              1.0000000000000000              0.5999999999987999              0.8999999999936998              1.6666666666700001              1.6666666666700001
       2.52375000               1.0000000000000000              1.0000000000000000              0.5999999999987999              0.8999999999936998              1.6666666666700001              1.6666666666700001
       2.53125000               1.0000000000000000              1.0000000000000000              0.5999999999987999              0.8999999999936998              1.6666666666700001              1.6666666666700001
       2.53875000               1.0000000000000000              1.0000000000000000              0.5999999999987999              0.8999999999936998              1.6666666666700001              1.6666666666700001
       2.54625000               1.0000000000000000              1.0000000000000000              0.5999999999987999              0.8999999999936998              1.6666666666700001              1.6666666666700001
       2.55375000               1.0000000000000000              1.0000000000000000              0.5999999999987999              0.8999999999936998              1.6666666666700001              1.6666666666700001
       2.56125000               1.0000000000000000              1.0000000000000000              0.5999999999987999              0.8999999999936998              1.6666666666700001              1.6666666666700001
       2.56875000               1.0000000000000000              1.0000000000000000              0.5999999999987999              0.8999999999936998              1.6666666666700001              1.6666666666700001
       2.57625000               1.0000000000000000              1.0000000000000000              0.5999999999987999              0.8999999999936998              1.6666666666700001              1.6666666666700001
       2.58375000               1.0000000000000000              1.0000000000000000              0.5999999999987999              0.8999999999936998              1.6666666666700001              1.6666666666700001
       2.59125000               1.0000000000000000              1.0000000000000000              0.5999999999987999              0.8999999999936998              1.6666666666700001              1.6666666666700001
       2.59875000               1.0000000000000000              1.0000000000000000              0.5999999999987999              0.8999999999936998              1.6666666666700001              1.6666666666700001
       2.60625000               1.0000000000000000              1.0000000000000000              0.5999999999987999              0.8999999999936998              1.6666666666700001              1.6666666666700001
       2.61375000               1.0000000000000000              1.0000000000000000              0.5999999999987999              0.8999999999936998              1.6666666666700001              1.6666666666700001
       2.62125000               1.0000000000000000              1.0000000000000000              0.5999999999987999              0.8999999999936998              1.6666666666700001              1.6666666666700001
       2.62875000               1.0000000000000000              1.0000000000000000              0.5999999999987999              0.8999999999936998              1.6666666666700001              1.6666666666700001
       2.63625000               1.0000000000000000              1.0000000000000000              0.5999999999987999              0.8999999999936998              1.6666666666700001              1.6666666666700001
       2.64375000               1.0000000000000000              1.0000000000000000              0.5999999999987999              0.8999999999936998              1.6666666666700001              1.6666666666700001
       2.65125000               1.0000000000000000              1.0000000000000000              0.5999999999987999              0.8999999999936998              1.6666666666700001              1.6666666666700001
       2.65875000               1.0000000000000000              1.0000000000000000              0.5999999999987999              0.8999999999936998              1.6666666666700001              1.6666666666700001
       2.66625000               1.0000000000000000              1.0000000000000000              0.5999999999987999              0.8999999999936998              1.6666666666700001              1.6666666666700001
       2.67375000               1.0000000000000000              1.0000000000000000              0.5999999999987999              0.8999999999936998              1.6666666666700001              1.6666666666700001
       2.68125000               1.0000000000000000              1.0000000000000000              0.5999999999987999              0.8999999999936998              1.6666666666700001              1.6666666666700001
       2.68875000               1.0000000000000000              1.0000000000000000              0.5999999999987999              0.8999999999936998              1.6666666666700001              1.6666666666700001
       2.69625000               1.0000000000000000              1.0000000000000000              0.5999999999987999              0.8999999999936998              1.6666666666700001              1.6666666666700001
       2.70375000               1.0000000000000000              1.0000000000000000              0.5999999999987999              0.8999999999936998              1.6666666666700001              1.6666666666700001
       2.71125000               1.0000000000000000              1.0000000000000000              0.5999999999987999              0.8999999999936998              1.6666666666700001              1.6666666666700001
       2.71875000               1.0000000000000000              1.0000000000000000              0.5999999999987999              0.8999999999936998              1.6666666666700001              1.6666666666700001
       2.72625000               1.0000000000000000              1.0000000000000000              0.5999999999987999              0.8999999999936998              1.6666666666700001              1.6666666666700001
       2.73375000               1.0000000000000000              1.0000000000000000              0.5999999999987999              0.8999999999936998              1.6666666666700001              1.6666666666700001
       2.74125000               1.0000000000000000              1.0000000000000000              0.5999999999987999              0.8999999999936998              1.6666666666700001              1.6666666666700001
       2.74875000               1.0000000000000000              1.0000000000000000              0.5999999999987999              0.8999999999936998              1.6666666666700001              1.6666666666700001
       2.75625000               1.0000000000000000              1.0000000000000000              0.5999999999987999              0.8999999999936998              1.6666666666700001              1.6666666666700001
       2.76375000               1.0000000000000000              1.0000000000000000              0.5999999999987999              0.8999999999936998              1.6666666666700001              1.6666666666700001
       2.77125000               1.0000000000000000              1.0000000000000000              0.5999999999987999              0.8999999999936998              1.6666666666700001              1.6666666666700001
       2.77875000               1.0000000000000000              1.0000000000000000              0.5999999999987999              0.8999999999936998              1.6666666666700001              1.6666666666700001
       2.78625000               1.0000000000000000              1.0000000000000000              0.5999999999987999              0.8999999999936998              1.6666666666700001              1.6666666666700001
       2.79375000               1.0000000000000000              1.0000000000000000              0.5999999999987999              0.8999999999936998              1.6666666666700001              1.6666666666700001
       2.80125000               1.0000000000000000              1.0000000000000000              0.5999999999987999              0.8999999999936998              1.6666666666700001              1.6666666666700001
       2.80875000               1.0000000000000000              1.0000000000000000              0.5999999999987999              0.8999999999936998              1.6666666666700001              1.6666666666700001
       2.81625000               1.0000000000000000              1.0000000000000000              0.5999999999987999              0.8999999999936998              1.6666666666700001              1.6666666666700001
       2.82375000               1.0000000000000000              1.0000000000000000              0.5999999999987999              0.8999999999936998              1.6666666666700001              1.6666666666700001
       2.83125000               1.0000000000000000              1.0000000000000000              0.5999999999987999              0.8999999999936998              1.6666666666700001              1.6666666666700001
       2.83875000               1.0000000000000000              1.0000000000000000              0.5999999999987999              0.8999999999936998              1.6666666666700001              1.6666666666700001
       2.84625000               1.0000000000000000              1.0000000000000000              0.5999999999987999              0.8999999999936998              1.6666666666700001              1.6666666666700001
       2.85375000               1.0000000000000000              1.0000000000000000              0.5999999999987999              0.8999999999936998              1.6666666666700001              1.6666666666700001
       2.86125000               1.0000000000000000              1.0000000000000000              0.5999999999987999              0.8999999999936998              1.6666666666700001              1.6666666666700001
       2.86875000               1.0000000000000000              1.0000000000000000              0.5999999999987999              0.8999999999936998              1.6666666666700001              1.6666666666700001
       2.87625000               1.0000000000000000              1.0000000000000000              0.5999999999987999              0.8999999999936998              1.6666666666700001              1.6666666666700001
       2.88375000               1.0000000000000000              1.0000000000000000              0.5999999999987999              0.8999999999936998              1.6666666666700001              1.6666666666700001
       2.89125000               1.0000000000000000              1.0000000000000000              0.5999999999987999              0.8999999999936998              1.6666666666700001              1.6666666666700001
       2.89875000               1.0000000000000000              1.0000000000000000              0.5999999999987999              0.8999999999936998              1.6666666666700001              1.6666666666700001
       2.90625000               1.0000000000000000              1.0000000000000000              0.5999999999987999              0.8999999999936998              1.6666666666700001              1.6666666666700001
       2.91375000               1.0000000000000000              1.0000000000000000              0.5999999999987999              0.8999999999936998              1.6666666666700001              1.6666666666700001
       2.92125000               1.0000000000000000              1.0000000000000000              0.5999999999987999              0.8999999999936998              1.6666666666700001              1.6666666666700001
       2.92875000               1.0000000000000000              1.0000000000000000              0.5999999999987999              0.8999999999936998              1.6666666666700001              1.6666666666700001
       2.93625000               1.0000000000000000              1.0000000000000000              0.5999999999987999              0.8999999999936998              1.6666666666700001              1.6666666666700001
       2.94375000               1.0000000000000000              1.0000000000000000              0.5999999999987999              0.8999999999936998              1.6666666666700001              1.6666666666700001
       2.95125000               1.0000000000000000              1.0000000000000000              0.5999999999987999              0.8999999999936998              1.6666666666700001              1.6666666666700001
       2.95875000               1.0000000000000000              1.0000000000000000              0.5999999999987999              0.8999999999936998              1.6666666666700001              1.6666666666700001
       2.96625000               1.0000000000000000              1.0000000000000000              0.5999999999987999              0.8999999999936998              1.6666666666700001              1.6666666666700001
       2.97375000               1.0000000000000000              1.0000000000000000              0.5999999999987999              0.8999999999936998              1.6666666666700001              1.6666666666700001
       2.98125000               1.0000000000000000              1.0000000000000000              0.5999999999987999              0.8999999999936998              1.6666666666700001              1.6666666666700001
       2.98875000               1.0000000000000000              1.0000000000000000              0.5999999999987999              0.8999999999936998              1.6666666666700001              1.6666666666700001
       2.99625000               1.0000000000000000              1.0000000000000000              0.5999999999987999              0.8999999999936998              1.6666666666700001              1.6666666666700001
