       0.00250000               1.5157073235317127              0.9999999999911071              0.6000000000022548              0.9000000000033371              1.6666666666667000              1.6666666666667000
       0.00750000               1.5471064563273553              0.9999999999911893              0.6000000000024432              0.9000000000036197              1.6666666666667000              1.6666666666667000
       0.01250000               1.5784591007984972              0.9999999999912864              0.6000000000026171              0.9000000000038807              1.6666666666667000              1.6666666666667000
       0.01750000               1.6097343156641586              0.9999999999913883              0.6000000000027873              0.9000000000041360              1.6666666666667000              1.6666666666667000
       0.02250000               1.6409012360568080              0.9999999999914980              0.6000000000029504              0.9000000000043805              1.6666666666667000              1.6666666666667000
       0.02750000               1.6719291039823581              0.9999999999916170              0.6000000000031036              0.9000000000046103              1.6666666666667000              1.6666666666667000
       0.03250000               1.7027872986746773              0.9999999999917445              0.6000000000032506              0.9000000000048309              1.6666666666667000              1.6666666666667000
       0.03750000               1.7334453668146592              0.9999999999918814              0.6000000000033905              0.9000000000050407              1.6666666666667000              1.6666666666667000
       0.04250000               1.7638730525840478              0.9999999999920269              0.6000000000035211              0.9000000000052365              1.6666666666667000              1.6666666666667000
       0.04750000               1.7940403275243546              0.9999999999921773              0.6000000000036441              0.9000000000054210              1.6666666666667000              1.6666666666667000
       0.05250000               1.8239174201713795              0.9999999999923309              0.6000000000037637              0.9000000000056005              1.6666666666667000              1.6666666666667000
       0.05750000               1.8534748454361256              0.9999999999924926              0.6000000000038745              0.9000000000057667              1.6666666666667000              1.6666666666667000
       0.06250000               1.8826834337031420              0.9999999999926569              0.6000000000039839              0.9000000000059308              1.6666666666667000              1.6666666666667000
       0.06750000               1.9115143596174478              0.9999999999928221              0.6000000000040935              0.9000000000060951              1.6666666666667000              1.6666666666667000
       0.07250000               1.9399391705317675              0.9999999999929907              0.6000000000041980              0.9000000000062519              1.6666666666667000              1.6666666666667000
       0.07750000               1.9679298145859554              0.9999999999931634              0.6000000000042982              0.9000000000064022              1.6666666666667000              1.6666666666667000
       0.08250000               1.9954586683908913              0.9999999999933381              0.6000000000043948              0.9000000000065472              1.6666666666667000              1.6666666666667000
       0.08750000               2.0224985642895255              0.9999999999935142              0.6000000000044916              0.9000000000066923              1.6666666666667000              1.6666666666667000
       0.09250000               2.0490228171681526              0.9999999999936918              0.6000000000045884              0.9000000000068376              1.6666666666667000              1.6666666666667000
       0.09750000               2.0750052507914813              0.9999999999938733              0.6000000000046791              0.9000000000069737              1.6666666666667000              1.6666666666667000
       0.10250000               2.1004202236355276              0.9999999999940605              0.6000000000047621              0.9000000000070980              1.6666666666667000              1.6666666666667000
       0.10750000               2.1252426541927827              0.9999999999942512              0.6000000000048393              0.9000000000072139              1.6666666666667000              1.6666666666667000
       0.11250000               2.1494480457246681              0.9999999999944396              0.6000000000049187              0.9000000000073329              1.6666666666667000              1.6666666666667000
       0.11750000               2.1730125104368838              0.9999999999946299              0.6000000000049969              0.9000000000074502              1.6666666666667000              1.6666666666667000
       0.12250000               2.1959127930538278              0.9999999999948191              0.6000000000050791              0.9000000000075735              1.6666666666667000              1.6666666666667000
       0.12750000               2.2181262937686475              0.9999999999950052              0.6000000000051636              0.9000000000077004              1.6666666666667000              1.6666666666667000
       0.13250000               2.2396310905464465              0.9999999999951978              0.6000000000052362              0.9000000000078092              1.6666666666667000              1.6666666666667000
       0.13750000               2.2604059607586287              0.9999999999953962              0.6000000000052995              0.9000000000079043              1.6666666666667000              1.6666666666667000
       0.14250000               2.2804304021267985              0.9999999999955941              0.6000000000053621              0.9000000000079982              1.6666666666667000              1.6666666666667000
       0.14750000               2.2996846529557335              0.9999999999957919              0.6000000000054250              0.9000000000080923              1.6666666666667000              1.6666666666667000
       0.15250000               2.3181497116354479              0.9999999999959878              0.6000000000054933              0.9000000000081949              1.6666666666667000              1.6666666666667000
       0.15750000               2.3358073553929928              0.9999999999961883              0.6000000000055520              0.9000000000082828              1.6666666666667000              1.6666666666667000
       0.16250000               2.3526401582756811              0.9999999999963903              0.6000000000056082              0.9000000000083671              1.6666666666667000              1.6666666666667000
       0.16750000               2.3686315083477307              0.9999999999965911              0.6000000000056613              0.9000000000084468              1.6666666666667000              1.6666666666667000
       0.17250000               2.3837656240835869              0.9999999999967927              0.6000000000057100              0.9000000000085198              1.6666666666667000              1.6666666666667000
       0.17750000               2.3980275699417102              0.9999999999969962              0.6000000000057555              0.9000000000085882              1.6666666666667000              1.6666666666667000
       0.18250000               2.4114032711035183              0.9999999999972007              0.6000000000058001              0.9000000000086551              1.6666666666667000              1.6666666666667000
       0.18750000               2.4238795273629004              0.9999999999974062              0.6000000000058427              0.9000000000087189              1.6666666666667000              1.6666666666667000
       0.19250000               2.4354440261527426              0.9999999999976128              0.6000000000058785              0.9000000000087727              1.6666666666667000              1.6666666666667000
       0.19750000               2.4460853546956645              0.9999999999978205              0.6000000000059108              0.9000000000088211              1.6666666666667000              1.6666666666667000
       0.20250000               2.4557930112669601              0.9999999999980297              0.6000000000059382              0.9000000000088622              1.6666666666667000              1.6666666666667000
       0.20750000               2.4645574155587884              0.9999999999982349              0.6000000000059692              0.9000000000089088              1.6666666666667000              1.6666666666667000
       0.21250000               2.4723699181352496              0.9999999999984386              0.6000000000059996              0.9000000000089543              1.6666666666667000              1.6666666666667000
       0.21750000               2.4792228089692321              0.9999999999986451              0.6000000000060225              0.9000000000089887              1.6666666666667000              1.6666666666667000
       0.22250000               2.4851093250525196              0.9999999999988524              0.6000000000060427              0.9000000000090189              1.6666666666667000              1.6666666666667000
       0.22750000               2.4900236570714815              0.9999999999990601              0.6000000000060607              0.9000000000090459              1.6666666666667000              1.6666666666667000
       0.23250000               2.4939609551418029              0.9999999999992701              0.6000000000060723              0.9000000000090635              1.6666666666667000              1.6666666666667000
       0.23750000               2.4969173335964885              0.9999999999994774              0.6000000000060852              0.9000000000090826              1.6666666666667000              1.6666666666667000
       0.24250000               2.4988898748221806              0.9999999999996865              0.6000000000060876              0.9000000000090862              1.6666666666667000              1.6666666666667000
       0.24750000               2.4998766321400212              0.9999999999998945              0.6000000000060898              0.9000000000090895              1.6666666666667000              1.6666666666667000
       0.25250000               2.4998766317279371              1.0000000000001044              0.6000000000060870              0.9000000000090854              1.6666666666667000              1.6666666666667000
       0.25750000               2.4988898735825087              1.0000000000003146              0.6000000000060817              0.9000000000090774              1.6666666666667000              1.6666666666667000
       0.26250000               2.4969173315191946              1.0000000000005196              0.6000000000060826              0.9000000000090789              1.6666666666667000              1.6666666666667000
       0.26750000               2.4939609522109820              1.0000000000007272              0.6000000000060760              0.9000000000090690              1.6666666666667000              1.6666666666667000
       0.27250000               2.4900236532665909              1.0000000000009375              0.6000000000060620              0.9000000000090480              1.6666666666667000              1.6666666666667000
       0.27750000               2.4851093203499710              1.0000000000011449              0.6000000000060443              0.9000000000090214              1.6666666666667000              1.6666666666667000
       0.28250000               2.4792228033440913              1.0000000000013534              0.6000000000060196              0.9000000000089844              1.6666666666667000              1.6666666666667000
       0.28750000               2.4723699115630247              1.0000000000015610              0.6000000000059951              0.9000000000089475              1.6666666666667000              1.6666666666667000
       0.29250000               2.4645574080170785              1.0000000000017712              0.6000000000059653              0.9000000000089028              1.6666666666667000              1.6666666666667000
       0.29750000               2.4557930027369022              1.0000000000019782              0.6000000000059378              0.9000000000088615              1.6666666666667000              1.6666666666667000
       0.30250000               2.4460853451630493              1.0000000000021814              0.6000000000059120              0.9000000000088231              1.6666666666667000              1.6666666666667000
       0.30750000               2.4354440156088595              1.0000000000023836              0.6000000000058816              0.9000000000087773              1.6666666666667000              1.6666666666667000
       0.31250000               2.4238795158049569              1.0000000000025904              0.6000000000058422              0.9000000000087183              1.6666666666667000              1.6666666666667000
       0.31750000               2.4114032585347767              1.0000000000027984              0.6000000000057977              0.9000000000086513              1.6666666666667000              1.6666666666667000
       0.32250000               2.3980275563712472              1.0000000000030063              0.6000000000057489              0.9000000000085784              1.6666666666667000              1.6666666666667000
       0.32750000               2.3837656095258595              1.0000000000032094              0.6000000000057016              0.9000000000085076              1.6666666666667000              1.6666666666667000
       0.33250000               2.3686314928219758              1.0000000000034102              0.6000000000056529              0.9000000000084343              1.6666666666667000              1.6666666666667000
       0.33750000               2.3526401418051544              1.0000000000036107              0.6000000000056009              0.9000000000083563              1.6666666666667000              1.6666666666667000
       0.34250000               2.3358073380042086              1.0000000000038094              0.6000000000055457              0.9000000000082734              1.6666666666667000              1.6666666666667000
       0.34750000               2.3181496933574368              1.0000000000040079              0.6000000000054873              0.9000000000081858              1.6666666666667000              1.6666666666667000
       0.35250000               2.2996846338193482              1.0000000000042049              0.6000000000054281              0.9000000000080972              1.6666666666667000              1.6666666666667000
       0.35750000               2.2804303821640182              1.0000000000044058              0.6000000000053600              0.9000000000079951              1.6666666666667000              1.6666666666667000
       0.36250000               2.2604059400020740              1.0000000000046045              0.6000000000052922              0.9000000000078933              1.6666666666667000              1.6666666666667000
       0.36750000               2.2396310690288828              1.0000000000048008              0.6000000000052247              0.9000000000077919              1.6666666666667000              1.6666666666667000
       0.37250000               2.2181262715226651              1.0000000000049911              0.6000000000051604              0.9000000000076955              1.6666666666667000              1.6666666666667000
       0.37750000               2.1959127701115557              1.0000000000051807              0.6000000000050892              0.9000000000075887              1.6666666666667000              1.6666666666667000
       0.38250000               2.1730124868297596              1.0000000000053741              0.6000000000050068              0.9000000000074651              1.6666666666667000              1.6666666666667000
       0.38750000               2.1494480214833898              1.0000000000055664              0.6000000000049214              0.9000000000073369              1.6666666666667000              1.6666666666667000
       0.39250000               2.1252426293472739              1.0000000000057525              0.6000000000048408              0.9000000000072161              1.6666666666667000              1.6666666666667000
       0.39750000               2.1004201982148758              1.0000000000059370              0.6000000000047562              0.9000000000070891              1.6666666666667000              1.6666666666667000
       0.40250000               2.0750052248239883              1.0000000000061169              0.6000000000046730              0.9000000000069643              1.6666666666667000              1.6666666666667000
       0.40750000               2.0490227906813865              1.0000000000062983              0.6000000000045842              0.9000000000068311              1.6666666666667000              1.6666666666667000
       0.41250000               2.0224985373103759              1.0000000000064777              0.6000000000044924              0.9000000000066934              1.6666666666667000              1.6666666666667000
       0.41750000               1.9954586409456234              1.0000000000066578              0.6000000000043939              0.9000000000065458              1.6666666666667000              1.6666666666667000
       0.42250000               1.9679297867003160              1.0000000000068352              0.6000000000042934              0.9000000000063951              1.6666666666667000              1.6666666666667000
       0.42750000               1.9399391422310444              1.0000000000070082              0.6000000000041933              0.9000000000062449              1.6666666666667000              1.6666666666667000
       0.43250000               1.9115143309265101              1.0000000000071796              0.6000000000040885              0.9000000000060877              1.6666666666667000              1.6666666666667000
       0.43750000               1.8826834046465029              1.0000000000073479              0.6000000000039796              0.9000000000059244              1.6666666666667000              1.6666666666667000
       0.44250000               1.8534748160380046              1.0000000000075076              0.6000000000038742              0.9000000000057662              1.6666666666667000              1.6666666666667000
       0.44750000               1.8239173904557338              1.0000000000076619              0.6000000000037656              0.9000000000056034              1.6666666666667000              1.6666666666667000
       0.45250000               1.7940402975149137              1.0000000000078186              0.6000000000036441              0.9000000000054210              1.6666666666667000              1.6666666666667000
       0.45750000               1.7638730223043353              1.0000000000079738              0.6000000000035136              0.9000000000052252              1.6666666666667000              1.6666666666667000
       0.46250000               1.7334453362880220              1.0000000000081175              0.6000000000033836              0.9000000000050303              1.6666666666667000              1.6666666666667000
       0.46750000               1.7027872679242890              1.0000000000082518              0.6000000000032490              0.9000000000048286              1.6666666666667000              1.6666666666667000
       0.47250000               1.6719290730312277              1.0000000000083773              0.6000000000031087              0.9000000000046181              1.6666666666667000              1.6666666666667000
       0.47750000               1.6409012049277787              1.0000000000085032              0.6000000000029513              0.9000000000043819              1.6666666666667000              1.6666666666667000
       0.48250000               1.6097342843799483              1.0000000000086178              0.6000000000027892              0.9000000000041387              1.6666666666667000              1.6666666666667000
       0.48750000               1.5784590693816751              1.0000000000087217              0.6000000000026190              0.9000000000038832              1.6666666666667000              1.6666666666667000
       0.49250000               1.5471064248003639              1.0000000000088167              0.6000000000024356              0.9000000000036081              1.6666666666667000              1.6666666666667000
       0.49750000               1.5157072919169283              1.0000000000088922              0.6000000000022486              0.9000000000033279              1.6666666666667000              1.6666666666667000
       0.50250000               1.4842926578903637              1.0000000000089542              0.6000000000020492              0.9000000000030287              1.6666666666667000              1.6666666666667000
       0.50750000               1.4528935251771216              1.0000000000090017              0.6000000000018355              0.9000000000027082              1.6666666666667000              1.6666666666667000
       0.51250000               1.4215408809353334              1.0000000000090354              0.6000000000016054              0.9000000000023630              1.6666666666667000              1.6666666666667000
       0.51750000               1.3902656664441315              1.0000000000090592              0.6000000000013551              0.9000000000019875              1.6666666666667000              1.6666666666667000
       0.52250000               1.3590987465682773              1.0000000000090632              0.6000000000010947              0.9000000000015970              1.6666666666667000              1.6666666666667000
       0.52750000               1.3280708792981351              1.0000000000090425              0.6000000000008282              0.9000000000011973              1.6666666666667000              1.6666666666667000
       0.53250000               1.2972126853951396              1.0000000000090059              0.6000000000005453              0.9000000000007730              1.6666666666667000              1.6666666666667000
       0.53750000               1.2665546181727083              1.0000000000089582              0.6000000000002422              0.9000000000003183              1.6666666666667000              1.6666666666667000
       0.54250000               1.2361269334423992              1.0000000000088953              0.5999999999999228              0.8999999999998392              1.6666666666667000              1.6666666666667000
       0.54750000               1.2059596596549427              1.0000000000088132              0.5999999999995964              0.8999999999993494              1.6666666666667000              1.6666666666667000
       0.55250000               1.1760825682656577              1.0000000000087117              0.5999999999992612              0.8999999999988468              1.6666666666667000              1.6666666666667000
       0.55750000               1.1465251443535027              1.0000000000085922              0.5999999999989208              0.8999999999983362              1.6666666666667000              1.6666666666667000
       0.56250000               1.1173165575227462              1.0000000000084568              0.5999999999985760              0.8999999999978189              1.6666666666667000              1.6666666666667000
       0.56750000               1.0884856331159731              1.0000000000083056              0.5999999999982315              0.8999999999973022              1.6666666666667000              1.6666666666667000
       0.57250000               1.0600608237668334              1.0000000000081424              0.5999999999978857              0.8999999999967835              1.6666666666667000              1.6666666666667000
       0.57750000               1.0320701813206485              1.0000000000079763              0.5999999999975315              0.8999999999962521              1.6666666666667000              1.6666666666667000
       0.58250000               1.0045413291505723              1.0000000000078015              0.5999999999971772              0.8999999999957208              1.6666666666667000              1.6666666666667000
       0.58750000               0.9775014348965827              1.0000000000076184              0.5999999999968241              0.8999999999951910              1.6666666666667000              1.6666666666667000
       0.59250000               0.9509771836543058              1.0000000000074254              0.5999999999964762              0.8999999999946692              1.6666666666667000              1.6666666666667000
       0.59750000               0.9249947516400701              1.0000000000072280              0.5999999999961305              0.8999999999941507              1.6666666666667000              1.6666666666667000
       0.60250000               0.8995797803582354              1.0000000000070235              0.5999999999957927              0.8999999999936440              1.6666666666667000              1.6666666666667000
       0.60750000               0.8747573512962521              1.0000000000068112              0.5999999999954648              0.8999999999931522              1.6666666666667000              1.6666666666667000
       0.61250000               0.8505519611724736              1.0000000000065978              0.5999999999951404              0.8999999999926656              1.6666666666667000              1.6666666666667000
       0.61750000               0.8269874977611493              1.0000000000063778              0.5999999999948266              0.8999999999921948              1.6666666666667000              1.6666666666667000
       0.62250000               0.8040872163184327              1.0000000000061575              0.5999999999945183              0.8999999999917323              1.6666666666667000              1.6666666666667000
       0.62750000               0.7818737166327288              1.0000000000059281              0.5999999999942247              0.8999999999912920              1.6666666666667000              1.6666666666667000
       0.63250000               0.7603689207219589              1.0000000000056961              0.5999999999939405              0.8999999999908657              1.6666666666667000              1.6666666666667000
       0.63750000               0.7395940511998303              1.0000000000054616              0.5999999999936676              0.8999999999904563              1.6666666666667000              1.6666666666667000
       0.64250000               0.7195696103324009              1.0000000000052287              0.5999999999934018              0.8999999999900578              1.6666666666667000              1.6666666666667000
       0.64750000               0.7003153598056209              1.0000000000049940              0.5999999999931461              0.8999999999896742              1.6666666666667000              1.6666666666667000
       0.65250000               0.6818503012237852              1.0000000000047591              0.5999999999929010              0.8999999999893065              1.6666666666667000              1.6666666666667000
       0.65750000               0.6641926573581308              1.0000000000045219              0.5999999999926677              0.8999999999889565              1.6666666666667000              1.6666666666667000
       0.66250000               0.6473598541640437              1.0000000000042806              0.5999999999924500              0.8999999999886299              1.6666666666667000              1.6666666666667000
       0.66750000               0.6313685035845846              1.0000000000040361              0.5999999999922458              0.8999999999883237              1.6666666666667000              1.6666666666667000
       0.67250000               0.6162343871572622              1.0000000000037925              0.5999999999920529              0.8999999999880341              1.6666666666667000              1.6666666666667000
       0.67750000               0.6019724404401896              1.0000000000035496              0.5999999999918689              0.8999999999877584              1.6666666666667000              1.6666666666667000
       0.68250000               0.5885967382729256              1.0000000000033054              0.5999999999916988              0.8999999999875031              1.6666666666667000              1.6666666666667000
       0.68750000               0.5761204808864981              1.0000000000030611              0.5999999999915389              0.8999999999872633              1.6666666666667000              1.6666666666667000
       0.69250000               0.5645559808762840              1.0000000000028184              0.5999999999913889              0.8999999999870384              1.6666666666667000              1.6666666666667000
       0.69750000               0.5539146510505476              1.0000000000025755              0.5999999999912523              0.8999999999868333              1.6666666666667000              1.6666666666667000
       0.70250000               0.5442069931666105              1.0000000000023337              0.5999999999911266              0.8999999999866448              1.6666666666667000              1.6666666666667000
       0.70750000               0.5354425875657717              1.0000000000020868              0.5999999999910168              0.8999999999864803              1.6666666666667000              1.6666666666667000
       0.71250000               0.5276300837171906              1.0000000000018463              0.5999999999909156              0.8999999999863284              1.6666666666667000              1.6666666666667000
       0.71750000               0.5207771916801529              1.0000000000016058              0.5999999999908260              0.8999999999861941              1.6666666666667000              1.6666666666667000
       0.72250000               0.5148906744931493              1.0000000000013598              0.5999999999907523              0.8999999999860834              1.6666666666667000              1.6666666666667000
       0.72750000               0.5099763414973900              1.0000000000011100              0.5999999999906936              0.8999999999859954              1.6666666666667000              1.6666666666667000
       0.73250000               0.5060390426014423              1.0000000000008600              0.5999999999906458              0.8999999999859236              1.6666666666667000              1.6666666666667000
       0.73750000               0.5030826634927702              1.0000000000006135              0.5999999999906080              0.8999999999858670              1.6666666666667000              1.6666666666667000
       0.74250000               0.5011101218010151              1.0000000000003690              0.5999999999905804              0.8999999999858256              1.6666666666667000              1.6666666666667000
       0.74750000               0.5001233642169127              1.0000000000001226              0.5999999999905682              0.8999999999858072              1.6666666666667000              1.6666666666667000
       0.75250000               0.5001233645698079              0.9999999999998788              0.5999999999905660              0.8999999999858039              1.6666666666667000              1.6666666666667000
       0.75750000               0.5011101228657476              0.9999999999996337              0.5999999999905766              0.8999999999858199              1.6666666666667000              1.6666666666667000
       0.76250000               0.5030826652871423              0.9999999999993940              0.5999999999905979              0.8999999999858519              1.6666666666667000              1.6666666666667000
       0.76750000               0.5060390451540414              0.9999999999991538              0.5999999999906321              0.8999999999859032              1.6666666666667000              1.6666666666667000
       0.77250000               0.5099763448460402              0.9999999999989059              0.5999999999906823              0.8999999999859785              1.6666666666667000              1.6666666666667000
       0.77750000               0.5148906786828812              0.9999999999986561              0.5999999999907457              0.8999999999860735              1.6666666666667000              1.6666666666667000
       0.78250000               0.5207771967608457              0.9999999999984058              0.5999999999908229              0.8999999999861892              1.6666666666667000              1.6666666666667000
       0.78750000               0.5276300897410221              0.9999999999981590              0.5999999999909101              0.8999999999863202              1.6666666666667000              1.6666666666667000
       0.79250000               0.5354425945846341              0.9999999999979103              0.5999999999910114              0.8999999999864721              1.6666666666667000              1.6666666666667000
       0.79750000               0.5442070012296270              0.9999999999976660              0.5999999999911227              0.8999999999866390              1.6666666666667000              1.6666666666667000
       0.80250000               0.5539146602018266              0.9999999999974216              0.5999999999912458              0.8999999999868237              1.6666666666667000              1.6666666666667000
       0.80750000               0.5645559911530271              0.9999999999971776              0.5999999999913818              0.8999999999870276              1.6666666666667000              1.6666666666667000
       0.81250000               0.5761204923175063              0.9999999999969342              0.5999999999915298              0.8999999999872496              1.6666666666667000              1.6666666666667000
       0.81750000               0.5885967508775641              0.9999999999966918              0.5999999999916891              0.8999999999874886              1.6666666666667000              1.6666666666667000
       0.82250000               0.6019724542278141              0.9999999999964462              0.5999999999918636              0.8999999999877504              1.6666666666667000              1.6666666666667000
       0.82750000               0.6162344021270739              0.9999999999962002              0.5999999999920499              0.8999999999880297              1.6666666666667000              1.6666666666667000
       0.83250000               0.6313685197258871              0.9999999999959561              0.5999999999922476              0.8999999999883264              1.6666666666667000              1.6666666666667000
       0.83750000               0.6473598714568380              0.9999999999957176              0.5999999999924546              0.8999999999886367              1.6666666666667000              1.6666666666667000
       0.84250000               0.6641926757739808              0.9999999999954785              0.5999999999926761              0.8999999999889692              1.6666666666667000              1.6666666666667000
       0.84750000               0.6818503207268748              0.9999999999952421              0.5999999999929077              0.8999999999893163              1.6666666666667000              1.6666666666667000
       0.85250000               0.7003153803539364              0.9999999999950032              0.5999999999931518              0.8999999999896827              1.6666666666667000              1.6666666666667000
       0.85750000               0.7195696318789568              0.9999999999947710              0.5999999999934036              0.8999999999900603              1.6666666666667000              1.6666666666667000
       0.86250000               0.7395940736939052              0.9999999999945381              0.5999999999936670              0.8999999999904557              1.6666666666667000              1.6666666666667000
       0.86750000               0.7603689441102627              0.9999999999943040              0.5999999999939438              0.8999999999908705              1.6666666666667000              1.6666666666667000
       0.87250000               0.7818737408604843              0.9999999999940751              0.5999999999942282              0.8999999999912972              1.6666666666667000              1.6666666666667000
       0.87750000               0.8040872413303488              0.9999999999938486              0.5999999999945238              0.8999999999917406              1.6666666666667000              1.6666666666667000
       0.88250000               0.8269875235022422              0.9999999999936291              0.5999999999948255              0.8999999999921930              1.6666666666667000              1.6666666666667000
       0.88750000               0.8505519875887813              0.9999999999934052              0.5999999999951412              0.8999999999926669              1.6666666666667000              1.6666666666667000
       0.89250000               0.8747573783353587              0.9999999999931826              0.5999999999954679              0.8999999999931568              1.6666666666667000              1.6666666666667000
       0.89750000               0.8995798079696828              0.9999999999929778              0.5999999999957912              0.8999999999936418              1.6666666666667000              1.6666666666667000
       0.90250000               0.9249947797756692              0.9999999999927699              0.5999999999961304              0.8999999999941506              1.6666666666667000              1.6666666666667000
       0.90750000               0.9509772122682892              0.9999999999925726              0.5999999999964710              0.8999999999946615              1.6666666666667000              1.6666666666667000
       0.91250000               0.9775014639457025              0.9999999999923819              0.5999999999968165              0.8999999999951798              1.6666666666667000              1.6666666666667000
       0.91750000               1.0045413585940819              0.9999999999921979              0.5999999999971659              0.8999999999957037              1.6666666666667000              1.6666666666667000
       0.92250000               1.0320702111202451              0.9999999999920173              0.5999999999975224              0.8999999999962386              1.6666666666667000              1.6666666666667000
       0.92750000               1.0600608538865242              0.9999999999918485              0.5999999999978769              0.8999999999967703              1.6666666666667000              1.6666666666667000
       0.93250000               1.0884856635219349              0.9999999999916911              0.5999999999982299              0.8999999999972997              1.6666666666667000              1.6666666666667000
       0.93750000               1.1173165881831248              0.9999999999915449              0.5999999999985810              0.8999999999978265              1.6666666666667000              1.6666666666667000
       0.94250000               1.1465251752382064              0.9999999999914133              0.5999999999989252              0.8999999999983427              1.6666666666667000              1.6666666666667000
       0.94750000               1.1760825993461630              0.9999999999912960              0.5999999999992621              0.8999999999988482              1.6666666666667000              1.6666666666667000
       0.95250000               1.2059596909040970              0.9999999999911894              0.5999999999995976              0.8999999999993513              1.6666666666667000              1.6666666666667000
       0.95750000               1.2361269648341928              0.9999999999911074              0.5999999999999146              0.8999999999998268              1.6666666666667000              1.6666666666667000
       0.96250000               1.2665546496821167              0.9999999999910404              0.6000000000002254              0.9000000000002929              1.6666666666667000              1.6666666666667000
       0.96750000               1.2972127169979393              0.9999999999909863              0.6000000000005318              0.9000000000007525              1.6666666666667000              1.6666666666667000
       0.97250000               1.3280709109707232              0.9999999999909513              0.6000000000008249              0.9000000000011921              1.6666666666667000              1.6666666666667000
       0.97750000               1.3590987782875192              0.9999999999909411              0.6000000000010968              0.9000000000016001              1.6666666666667000              1.6666666666667000
       0.98250000               1.3902656981872581              0.9999999999909466              0.6000000000013557              0.9000000000019884              1.6666666666667000              1.6666666666667000
       0.98750000               1.4215409126798302              0.9999999999909652              0.6000000000016008              0.9000000000023561              1.6666666666667000              1.6666666666667000
       0.99250000               1.4528935569006469              0.9999999999909974              0.6000000000018322              0.9000000000027031              1.6666666666667000              1.6666666666667000
       0.99750000               1.4842926895706461              0.9999999999910435              0.6000000000020506              0.9000000000030307              1.6666666666667000              1.6666666666667000
