       0.00250000               1.5157073173118207              1.0000000000000000              0.5999999999999880              0.5937821832226355              1.6666666666667000              1.6666666666667000
       0.00750000               1.5471064507096426              1.0000000000000000              0.5999999999999880              0.5817311404700793              1.6666666666667000              1.6666666666667000
       0.01250000               1.5784590957278450              1.0000000000000000              0.5999999999999880              0.5701763209675934              1.6666666666667000              1.6666666666667000
       0.01750000               1.6097343110910454              1.0000000000000000              0.5999999999999880              0.5590984759403775              1.6666666666667000              1.6666666666667000
       0.02250000               1.6409012319375826              1.0000000000000000              0.5999999999999880              0.5484790811798059              1.6666666666667000              1.6666666666667000
       0.02750000               1.6719291002794094              1.0000000000000000              0.5999999999999880              0.5383003381241052              1.6666666666667000              1.6666666666667000
       0.03250000               1.7027872953565124              1.0000000000000000              0.5999999999999880              0.5285451697074731              1.6666666666667000              1.6666666666667000
       0.03750000               1.7334453638559053              1.0000000000000000              0.5999999999999880              0.5191972119605557              1.6666666666667000              1.6666666666667000
       0.04250000               1.7638730499653730              1.0000000000000000              0.5999999999999880              0.5102408022037669              1.6666666666667000              1.6666666666667000
       0.04750000               1.7940403252323041              1.0000000000000000              0.5999999999999880              0.5016609645512841              1.6666666666667000              1.6666666666667000
       0.05250000               1.8239174181981492              1.0000000000000000              0.5999999999999880              0.4934433933357840              1.6666666666667000              1.6666666666667000
       0.05750000               1.8534748437792572              1.0000000000000000              0.5999999999999880              0.4855744349703858              1.6666666666667000              1.6666666666667000
       0.06250000               1.8826834323650898              1.0000000000000000              0.5999999999999880              0.4780410686831864              1.6666666666667000              1.6666666666667000
       0.06750000               1.9115143586051089              1.0000000000000000              0.5999999999999880              0.4708308864897540              1.6666666666667000              1.6666666666667000
       0.07250000               1.9399391698559150              1.0000000000000000              0.5999999999999880              0.4639320727086420              1.6666666666667000              1.6666666666667000
       0.07750000               1.9679298142605735              1.0000000000000000              0.5999999999999880              0.4573333832731740              1.6666666666667000              1.6666666666667000
       0.08250000               1.9954586684324076              1.0000000000000000              0.5999999999999880              0.4510241250483825              1.6666666666667000              1.6666666666667000
       0.08750000               2.0224985647159488              1.0000000000000000              0.5999999999999880              0.4449941353240654              1.6666666666667000              1.6666666666667000
       0.09250000               2.0490228179981318              1.0000000000000000              0.5999999999999880              0.4392337616226378              1.6666666666667000              1.6666666666667000
       0.09750000               2.0750052520432787              1.0000000000000000              0.5999999999999880              0.4337338419330254              1.6666666666667000              1.6666666666667000
       0.10250000               2.1004202253258839              1.0000000000000000              0.5999999999999880              0.4284856854586326              1.6666666666667000              1.6666666666667000
       0.10750000               2.1252426563357050              1.0000000000000000              0.5999999999999880              0.4234810539478332              1.6666666666667000              1.6666666666667000
       0.11250000               2.1494480483301839              1.0000000000000000              0.5999999999999880              0.4187121436589776              1.6666666666667000              1.6666666666667000
       0.11750000               2.1730125135097733              1.0000000000000000              0.5999999999999880              0.4141715679981468              1.6666666666667000              1.6666666666667000
       0.12250000               2.1959127965923142              1.0000000000000000              0.5999999999999880              0.4098523408564242              1.6666666666667000              1.6666666666667000
       0.12750000               2.2181262977631890              1.0000000000000000              0.5999999999999880              0.4057478606639839              1.6666666666667000              1.6666666666667000
       0.13250000               2.2396310949786096              1.0000000000000000              0.5999999999999880              0.4018518951705003              1.6666666666667000              1.6666666666667000
       0.13750000               2.2604059656000310              1.0000000000000000              0.5999999999999880              0.3981585669550423              1.6666666666667000              1.6666666666667000
       0.14250000               2.2804304073383297              1.0000000000000000              0.5999999999999880              0.3946623396635015              1.6666666666667000              1.6666666666667000
       0.14750000               2.2996846584870907              1.0000000000000000              0.5999999999999880              0.3913580049675272              1.6666666666667000              1.6666666666667000
       0.15250000               2.3181497174250234              1.0000000000000000              0.5999999999999880              0.3882406702357635              1.6666666666667000              1.6666666666667000
       0.15750000               2.3358073613682704              1.0000000000000000              0.5999999999999880              0.3853057469057442              1.6666666666667000              1.6666666666667000
       0.16250000               2.3526401643540922              1.0000000000000000              0.5999999999999880              0.3825489395430042              1.6666666666667000              1.6666666666667000
       0.16750000               2.3686315144381913              1.0000000000000000              0.5999999999999880              0.3799662355726975              1.6666666666667000              1.6666666666667000
       0.17250000               2.3837656300886936              1.0000000000000000              0.5999999999999880              0.3775538956681955              1.6666666666667000              1.6666666666667000
       0.17750000               2.3980275757606155              1.0000000000000000              0.5999999999999880              0.3753084447806950              1.6666666666667000              1.6666666666667000
       0.18250000               2.4114032766354452              1.0000000000000000              0.5999999999999880              0.3732266637937386              1.6666666666667000              1.6666666666667000
       0.18750000               2.4238795325112870              1.0000000000000000              0.5999999999999880              0.3713055817866832              1.6666666666667000              1.6666666666667000
       0.19250000               2.4354440308298670              1.0000000000000000              0.5999999999999880              0.3695424688915006              1.6666666666667000              1.6666666666667000
       0.19750000               2.4460853588275455              1.0000000000000000              0.5999999999999880              0.3679348297278243              1.6666666666667000              1.6666666666667000
       0.20250000               2.4557930147983300              1.0000000000000000              0.5999999999999880              0.3664803974018327              1.6666666666667000              1.6666666666667000
       0.20750000               2.4645574184577983              1.0000000000000000              0.5999999999999880              0.3651771280553543              1.6666666666667000              1.6666666666667000
       0.21250000               2.4723699203976768              1.0000000000000000              0.5999999999999880              0.3640231959524784              1.6666666666667000              1.6666666666667000
       0.21750000               2.4792228106217657              1.0000000000000000              0.5999999999999880              0.3630169890919265              1.6666666666667000              1.6666666666667000
       0.22250000               2.4851093261547739              1.0000000000000000              0.5999999999999880              0.3621571053344816              1.6666666666667000              1.6666666666667000
       0.22750000               2.4900236577165575              1.0000000000000000              0.5999999999999880              0.3614423490358601              1.6666666666667000              1.6666666666667000
       0.23250000               2.4939609554551798              1.0000000000000000              0.5999999999999880              0.3608717281765446              1.6666666666667000              1.6666666666667000
       0.23750000               2.4969173337331281              1.0000000000000000              0.5999999999999880              0.3604444519812563              1.6666666666667000              1.6666666666667000
       0.24250000               2.4988898749619701              1.0000000000000000              0.5999999999999880              0.3601599290219357              1.6666666666667000              1.6666666666667000
       0.24750000               2.4998766324816604              1.0000000000000000              0.5999999999999880              0.3600177657993047              1.6666666666667000              1.6666666666667000
       0.25250000               2.4998766324816604              1.0000000000000000              0.5999999999999880              0.3600177657993047              1.6666666666667000              1.6666666666667000
       0.25750000               2.4988898749619701              1.0000000000000000              0.5999999999999880              0.3601599290219357              1.6666666666667000              1.6666666666667000
       0.26250000               2.4969173337331281              1.0000000000000000              0.5999999999999880              0.3604444519812563              1.6666666666667000              1.6666666666667000
       0.26750000               2.4939609554551798              1.0000000000000000              0.5999999999999880              0.3608717281765446              1.6666666666667000              1.6666666666667000
       0.27250000               2.4900236577165575              1.0000000000000000              0.5999999999999880              0.3614423490358601              1.6666666666667000              1.6666666666667000
       0.27750000               2.4851093261547739              1.0000000000000000              0.5999999999999880              0.3621571053344816              1.6666666666667000              1.6666666666667000
       0.28250000               2.4792228106217657              1.0000000000000000              0.5999999999999880              0.3630169890919265              1.6666666666667000              1.6666666666667000
       0.28750000               2.4723699203976768              1.0000000000000000              0.5999999999999880              0.3640231959524784              1.6666666666667000              1.6666666666667000
       0.29250000               2.4645574184577983              1.0000000000000000              0.5999999999999880              0.3651771280553543              1.6666666666667000              1.6666666666667000
       0.29750000               2.4557930147983305              1.0000000000000000              0.5999999999999880              0.3664803974018327              1.6666666666667000              1.6666666666667000
       0.30250000               2.4460853588275455              1.0000000000000000              0.5999999999999880              0.3679348297278243              1.6666666666667000              1.6666666666667000
       0.30750000               2.4354440308298675              1.0000000000000000              0.5999999999999880              0.3695424688915006              1.6666666666667000              1.6666666666667000
       0.31250000               2.4238795325112870              1.0000000000000000              0.5999999999999880              0.3713055817866832              1.6666666666667000              1.6666666666667000
       0.31750000               2.4114032766354452              1.0000000000000000              0.5999999999999880              0.3732266637937386              1.6666666666667000              1.6666666666667000
       0.32250000               2.3980275757606155              1.0000000000000000              0.5999999999999880              0.3753084447806950              1.6666666666667000              1.6666666666667000
       0.32750000               2.3837656300886936              1.0000000000000000              0.5999999999999880              0.3775538956681955              1.6666666666667000              1.6666666666667000
       0.33250000               2.3686315144381913              1.0000000000000000              0.5999999999999880              0.3799662355726975              1.6666666666667000              1.6666666666667000
       0.33750000               2.3526401643540922              1.0000000000000000              0.5999999999999880              0.3825489395430042              1.6666666666667000              1.6666666666667000
       0.34250000               2.3358073613682704              1.0000000000000000              0.5999999999999880              0.3853057469057442              1.6666666666667000              1.6666666666667000
       0.34750000               2.3181497174250234              1.0000000000000000              0.5999999999999880              0.3882406702357635              1.6666666666667000              1.6666666666667000
       0.35250000               2.2996846584870907              1.0000000000000000              0.5999999999999880              0.3913580049675272              1.6666666666667000              1.6666666666667000
       0.35750000               2.2804304073383301              1.0000000000000000              0.5999999999999880              0.3946623396635014              1.6666666666667000              1.6666666666667000
       0.36250000               2.2604059656000310              1.0000000000000000              0.5999999999999880              0.3981585669550423              1.6666666666667000              1.6666666666667000
       0.36750000               2.2396310949786100              1.0000000000000000              0.5999999999999880              0.4018518951705002              1.6666666666667000              1.6666666666667000
       0.37250000               2.2181262977631890              1.0000000000000000              0.5999999999999880              0.4057478606639839              1.6666666666667000              1.6666666666667000
       0.37750000               2.1959127965923146              1.0000000000000000              0.5999999999999880              0.4098523408564242              1.6666666666667000              1.6666666666667000
       0.38250000               2.1730125135097733              1.0000000000000000              0.5999999999999880              0.4141715679981468              1.6666666666667000              1.6666666666667000
       0.38750000               2.1494480483301839              1.0000000000000000              0.5999999999999880              0.4187121436589776              1.6666666666667000              1.6666666666667000
       0.39250000               2.1252426563357050              1.0000000000000000              0.5999999999999880              0.4234810539478332              1.6666666666667000              1.6666666666667000
       0.39750000               2.1004202253258839              1.0000000000000000              0.5999999999999880              0.4284856854586326              1.6666666666667000              1.6666666666667000
       0.40250000               2.0750052520432782              1.0000000000000000              0.5999999999999880              0.4337338419330255              1.6666666666667000              1.6666666666667000
       0.40750000               2.0490228179981318              1.0000000000000000              0.5999999999999880              0.4392337616226378              1.6666666666667000              1.6666666666667000
       0.41250000               2.0224985647159488              1.0000000000000000              0.5999999999999880              0.4449941353240654              1.6666666666667000              1.6666666666667000
       0.41750000               1.9954586684324078              1.0000000000000000              0.5999999999999880              0.4510241250483824              1.6666666666667000              1.6666666666667000
       0.42250000               1.9679298142605735              1.0000000000000000              0.5999999999999880              0.4573333832731740              1.6666666666667000              1.6666666666667000
       0.42750000               1.9399391698559154              1.0000000000000000              0.5999999999999880              0.4639320727086419              1.6666666666667000              1.6666666666667000
       0.43250000               1.9115143586051087              1.0000000000000000              0.5999999999999880              0.4708308864897541              1.6666666666667000              1.6666666666667000
       0.43750000               1.8826834323650898              1.0000000000000000              0.5999999999999880              0.4780410686831864              1.6666666666667000              1.6666666666667000
       0.44250000               1.8534748437792574              1.0000000000000000              0.5999999999999880              0.4855744349703858              1.6666666666667000              1.6666666666667000
       0.44750000               1.8239174181981495              1.0000000000000000              0.5999999999999880              0.4934433933357839              1.6666666666667000              1.6666666666667000
       0.45250000               1.7940403252323041              1.0000000000000000              0.5999999999999880              0.5016609645512841              1.6666666666667000              1.6666666666667000
       0.45750000               1.7638730499653728              1.0000000000000000              0.5999999999999880              0.5102408022037670              1.6666666666667000              1.6666666666667000
       0.46250000               1.7334453638559055              1.0000000000000000              0.5999999999999880              0.5191972119605556              1.6666666666667000              1.6666666666667000
       0.46750000               1.7027872953565124              1.0000000000000000              0.5999999999999880              0.5285451697074731              1.6666666666667000              1.6666666666667000
       0.47250000               1.6719291002794097              1.0000000000000000              0.5999999999999880              0.5383003381241050              1.6666666666667000              1.6666666666667000
       0.47750000               1.6409012319375824              1.0000000000000000              0.5999999999999880              0.5484790811798060              1.6666666666667000              1.6666666666667000
       0.48250000               1.6097343110910456              1.0000000000000000              0.5999999999999880              0.5590984759403774              1.6666666666667000              1.6666666666667000
       0.48750000               1.5784590957278450              1.0000000000000000              0.5999999999999880              0.5701763209675934              1.6666666666667000              1.6666666666667000
       0.49250000               1.5471064507096430              1.0000000000000000              0.5999999999999880              0.5817311404700791              1.6666666666667000              1.6666666666667000
       0.49750000               1.5157073173118207              1.0000000000000000              0.5999999999999880              0.5937821832226355              1.6666666666667000              1.6666666666667000
       0.50250000               1.4842926826881790              1.0000000000000000              0.5999999999999880              0.6063494151099372              1.6666666666667000              1.6666666666667000
       0.50750000               1.4528935492903572              1.0000000000000000              0.5999999999999880              0.6194535039676704              1.6666666666667000              1.6666666666667000
       0.51250000               1.4215409042721556              1.0000000000000000              0.5999999999999880              0.6331157951875798              1.6666666666667000              1.6666666666667000
       0.51750000               1.3902656889089551              1.0000000000000000              0.5999999999999880              0.6473582763207182              1.6666666666667000              1.6666666666667000
       0.52250000               1.3590987680624178              1.0000000000000000              0.5999999999999880              0.6622035286537790              1.6666666666667000              1.6666666666667000
       0.52750000               1.3280708997205908              1.0000000000000000              0.5999999999999880              0.6776746634455175              1.6666666666667000              1.6666666666667000
       0.53250000               1.2972127046434878              1.0000000000000000              0.5999999999999880              0.6937952401933062              1.6666666666667000              1.6666666666667000
       0.53750000               1.2665546361440947              1.0000000000000000              0.5999999999999880              0.7105891639541911              1.6666666666667000              1.6666666666667000
       0.54250000               1.2361269500346275              1.0000000000000000              0.5999999999999880              0.7280805583720389              1.6666666666667000              1.6666666666667000
       0.54750000               1.2059596747676959              1.0000000000000000              0.5999999999999880              0.7462936106659652              1.6666666666667000              1.6666666666667000
       0.55250000               1.1760825818018508              1.0000000000000000              0.5999999999999880              0.7652523844210551              1.6666666666667000              1.6666666666667000
       0.55750000               1.1465251562207428              1.0000000000000000              0.5999999999999880              0.7849805955994725              1.6666666666667000              1.6666666666667000
       0.56250000               1.1173165676349104              1.0000000000000000              0.5999999999999880              0.8055013467714166              1.6666666666667000              1.6666666666667000
       0.56750000               1.0884856413948916              1.0000000000000000              0.5999999999999880              0.8268368141692611              1.6666666666667000              1.6666666666667000
       0.57250000               1.0600608301440850              1.0000000000000000              0.5999999999999880              0.8490078818190157              1.6666666666667000              1.6666666666667000
       0.57750000               1.0320701857394268              1.0000000000000000              0.5999999999999880              0.8720337167332587              1.6666666666667000              1.6666666666667000
       0.58250000               1.0045413315675924              1.0000000000000000              0.5999999999999880              0.8959312790002198              1.6666666666667000              1.6666666666667000
       0.58750000               0.9775014352840512              1.0000000000000000              0.5999999999999880              0.9207147606268290              1.6666666666667000              1.6666666666667000
       0.59250000               0.9509771820018682              1.0000000000000000              0.5999999999999880              0.9463949472534967              1.6666666666667000              1.6666666666667000
       0.59750000               0.9249947479567214              1.0000000000000000              0.5999999999999880              0.9729784974325563              1.6666666666667000              1.6666666666667000
       0.60250000               0.8995797746741158              1.0000000000000000              0.5999999999999880              1.0004671351420429              1.6666666666667000              1.6666666666667000
       0.60750000               0.8747573436642948              1.0000000000000000              0.5999999999999880              1.0288567526965851              1.6666666666667000              1.6666666666667000
       0.61250000               0.8505519516698161              1.0000000000000000              0.5999999999999880              1.0581364233343344              1.6666666666667000              1.6666666666667000
       0.61750000               0.8269874864902266              1.0000000000000000              0.5999999999999880              1.0882873256275967              1.6666666666667000              1.6666666666667000
       0.62250000               0.8040872034076854              1.0000000000000000              0.5999999999999880              1.1192815856113336              1.6666666666667000              1.6666666666667000
       0.62750000               0.7818737022368111              1.0000000000000000              0.5999999999999880              1.1510810472652886              1.6666666666667000              1.6666666666667000
       0.63250000               0.7603689050213903              1.0000000000000000              0.5999999999999880              1.1836359878164910              1.6666666666667000              1.6666666666667000
       0.63750000               0.7395940343999690              1.0000000000000000              0.5999999999999880              1.2168838013006757              1.6666666666667000              1.6666666666667000
       0.64250000               0.7195695926616708              1.0000000000000000              0.5999999999999880              1.2507476819175452              1.6666666666667000              1.6666666666667000
       0.64750000               0.7003153415129095              1.0000000000000000              0.5999999999999880              1.2851353478215164              1.6666666666667000              1.6666666666667000
       0.65250000               0.6818502825749767              1.0000000000000000              0.5999999999999880              1.3199378558605677              1.6666666666667000              1.6666666666667000
       0.65750000               0.6641926386317301              1.0000000000000000              0.5999999999999880              1.3550285679979559              1.6666666666667000              1.6666666666667000
       0.66250000               0.6473598356459082              1.0000000000000000              0.5999999999999880              1.3902623401125205              1.6666666666667000              1.6666666666667000
       0.66750000               0.6313684855618087              1.0000000000000000              0.5999999999999880              1.4254750127401319              1.6666666666667000              1.6666666666667000
       0.67250000               0.6162343699113066              1.0000000000000000              0.5999999999999880              1.4604832900337450              1.6666666666667000              1.6666666666667000
       0.67750000               0.6019724242393845              1.0000000000000000              0.5999999999999880              1.4950850965260110              1.6666666666667000              1.6666666666667000
       0.68250000               0.5885967233645549              1.0000000000000000              0.5999999999999880              1.5290604997855390              1.6666666666667000              1.6666666666667000
       0.68750000               0.5761204674887135              1.0000000000000000              0.5999999999999880              1.5621732793542324              1.6666666666667000              1.6666666666667000
       0.69250000               0.5645559691701326              1.0000000000000000              0.5999999999999880              1.5941732071718049              1.6666666666667000              1.6666666666667000
       0.69750000               0.5539146411724547              1.0000000000000000              0.5999999999999880              1.6247990811272539              1.6666666666667000              1.6666666666667000
       0.70250000               0.5442069852016700              1.0000000000000000              0.5999999999999880              1.6537825211236836              1.6666666666667000              1.6666666666667000
       0.70750000               0.5354425815422020              1.0000000000000000              0.5999999999999880              1.6808524966537455              1.6666666666667000              1.6666666666667000
       0.71250000               0.5276300796023233              1.0000000000000000              0.5999999999999880              1.7057405079677606              1.6666666666667000              1.6666666666667000
       0.71750000               0.5207771893782343              1.0000000000000000              0.5999999999999880              1.7281862922499813              1.6666666666667000              1.6666666666667000
       0.72250000               0.5148906738452261              1.0000000000000000              0.5999999999999880              1.7479438756944217              1.6666666666667000              1.6666666666667000
       0.72750000               0.5099763422834425              1.0000000000000000              0.5999999999999880              1.7647877467612432              1.6666666666667000              1.6666666666667000
       0.73250000               0.5060390445448203              1.0000000000000000              0.5999999999999880              1.7785188903940854              1.6666666666667000              1.6666666666667000
       0.73750000               0.5030826662668720              1.0000000000000000              0.5999999999999880              1.7889704025749733              1.6666666666667000              1.6666666666667000
       0.74250000               0.5011101250380300              1.0000000000000000              0.5999999999999880              1.7960124033247875              1.6666666666667000              1.6666666666667000
       0.74750000               0.5001233675183394              1.0000000000000000              0.5999999999999880              1.7995559864875423              1.6666666666667000              1.6666666666667000
       0.75250000               0.5001233675183394              1.0000000000000000              0.5999999999999880              1.7995559864875423              1.6666666666667000              1.6666666666667000
       0.75750000               0.5011101250380301              1.0000000000000000              0.5999999999999880              1.7960124033247871              1.6666666666667000              1.6666666666667000
       0.76250000               0.5030826662668720              1.0000000000000000              0.5999999999999880              1.7889704025749733              1.6666666666667000              1.6666666666667000
       0.76750000               0.5060390445448203              1.0000000000000000              0.5999999999999880              1.7785188903940854              1.6666666666667000              1.6666666666667000
       0.77250000               0.5099763422834425              1.0000000000000000              0.5999999999999880              1.7647877467612432              1.6666666666667000              1.6666666666667000
       0.77750000               0.5148906738452260              1.0000000000000000              0.5999999999999880              1.7479438756944221              1.6666666666667000              1.6666666666667000
       0.78250000               0.5207771893782341              1.0000000000000000              0.5999999999999880              1.7281862922499815              1.6666666666667000              1.6666666666667000
       0.78750000               0.5276300796023232              1.0000000000000000              0.5999999999999880              1.7057405079677610              1.6666666666667000              1.6666666666667000
       0.79250000               0.5354425815422019              1.0000000000000000              0.5999999999999880              1.6808524966537457              1.6666666666667000              1.6666666666667000
       0.79750000               0.5442069852016699              1.0000000000000000              0.5999999999999880              1.6537825211236838              1.6666666666667000              1.6666666666667000
       0.80250000               0.5539146411724546              1.0000000000000000              0.5999999999999880              1.6247990811272541              1.6666666666667000              1.6666666666667000
       0.80750000               0.5645559691701325              1.0000000000000000              0.5999999999999880              1.5941732071718053              1.6666666666667000              1.6666666666667000
       0.81250000               0.5761204674887134              1.0000000000000000              0.5999999999999880              1.5621732793542327              1.6666666666667000              1.6666666666667000
       0.81750000               0.5885967233645548              1.0000000000000000              0.5999999999999880              1.5290604997855393              1.6666666666667000              1.6666666666667000
       0.82250000               0.6019724242393844              1.0000000000000000              0.5999999999999880              1.4950850965260112              1.6666666666667000              1.6666666666667000
       0.82750000               0.6162343699113064              1.0000000000000000              0.5999999999999880              1.4604832900337454              1.6666666666667000              1.6666666666667000
       0.83250000               0.6313684855618085              1.0000000000000000              0.5999999999999880              1.4254750127401323              1.6666666666667000              1.6666666666667000
       0.83750000               0.6473598356459078              1.0000000000000000              0.5999999999999880              1.3902623401125214              1.6666666666667000              1.6666666666667000
       0.84250000               0.6641926386317298              1.0000000000000000              0.5999999999999880              1.3550285679979563              1.6666666666667000              1.6666666666667000
       0.84750000               0.6818502825749765              1.0000000000000000              0.5999999999999880              1.3199378558605681              1.6666666666667000              1.6666666666667000
       0.85250000               0.7003153415129093              1.0000000000000000              0.5999999999999880              1.2851353478215166              1.6666666666667000              1.6666666666667000
       0.85750000               0.7195695926616705              1.0000000000000000              0.5999999999999880              1.2507476819175456              1.6666666666667000              1.6666666666667000
       0.86250000               0.7395940343999692              1.0000000000000000              0.5999999999999880              1.2168838013006753              1.6666666666667000              1.6666666666667000
       0.86750000               0.7603689050213903              1.0000000000000000              0.5999999999999880              1.1836359878164910              1.6666666666667000              1.6666666666667000
       0.87250000               0.7818737022368111              1.0000000000000000              0.5999999999999880              1.1510810472652886              1.6666666666667000              1.6666666666667000
       0.87750000               0.8040872034076861              1.0000000000000000              0.5999999999999880              1.1192815856113325              1.6666666666667000              1.6666666666667000
       0.88250000               0.8269874864902270              1.0000000000000000              0.5999999999999880              1.0882873256275962              1.6666666666667000              1.6666666666667000
       0.88750000               0.8505519516698166              1.0000000000000000              0.5999999999999880              1.0581364233343340              1.6666666666667000              1.6666666666667000
       0.89250000               0.8747573436642949              1.0000000000000000              0.5999999999999880              1.0288567526965848              1.6666666666667000              1.6666666666667000
       0.89750000               0.8995797746741159              1.0000000000000000              0.5999999999999880              1.0004671351420427              1.6666666666667000              1.6666666666667000
       0.90250000               0.9249947479567212              1.0000000000000000              0.5999999999999880              0.9729784974325566              1.6666666666667000              1.6666666666667000
       0.90750000               0.9509771820018679              1.0000000000000000              0.5999999999999880              0.9463949472534970              1.6666666666667000              1.6666666666667000
       0.91250000               0.9775014352840505              1.0000000000000000              0.5999999999999880              0.9207147606268296              1.6666666666667000              1.6666666666667000
       0.91750000               1.0045413315675926              1.0000000000000000              0.5999999999999880              0.8959312790002196              1.6666666666667000              1.6666666666667000
       0.92250000               1.0320701857394265              1.0000000000000000              0.5999999999999880              0.8720337167332589              1.6666666666667000              1.6666666666667000
       0.92750000               1.0600608301440846              1.0000000000000000              0.5999999999999880              0.8490078818190160              1.6666666666667000              1.6666666666667000
       0.93250000               1.0884856413948909              1.0000000000000000              0.5999999999999880              0.8268368141692616              1.6666666666667000              1.6666666666667000
       0.93750000               1.1173165676349095              1.0000000000000000              0.5999999999999880              0.8055013467714173              1.6666666666667000              1.6666666666667000
       0.94250000               1.1465251562207430              1.0000000000000000              0.5999999999999880              0.7849805955994724              1.6666666666667000              1.6666666666667000
       0.94750000               1.1760825818018505              1.0000000000000000              0.5999999999999880              0.7652523844210554              1.6666666666667000              1.6666666666667000
       0.95250000               1.2059596747676957              1.0000000000000000              0.5999999999999880              0.7462936106659654              1.6666666666667000              1.6666666666667000
       0.95750000               1.2361269500346266              1.0000000000000000              0.5999999999999880              0.7280805583720394              1.6666666666667000              1.6666666666667000
       0.96250000               1.2665546361440947              1.0000000000000000              0.5999999999999880              0.7105891639541911              1.6666666666667000              1.6666666666667000
       0.96750000               1.2972127046434876              1.0000000000000000              0.5999999999999880              0.6937952401933063              1.6666666666667000              1.6666666666667000
       0.97250000               1.3280708997205903              1.0000000000000000              0.5999999999999880              0.6776746634455177              1.6666666666667000              1.6666666666667000
       0.97750000               1.3590987680624169              1.0000000000000000              0.5999999999999880              0.6622035286537794              1.6666666666667000              1.6666666666667000
       0.98250000               1.3902656889089551              1.0000000000000000              0.5999999999999880              0.6473582763207182              1.6666666666667000              1.6666666666667000
       0.98750000               1.4215409042721552              1.0000000000000000              0.5999999999999880              0.6331157951875799              1.6666666666667000              1.6666666666667000
       0.99250000               1.4528935492903574              1.0000000000000000              0.5999999999999880              0.6194535039676703              1.6666666666667000              1.6666666666667000
       0.99750000               1.4842926826881793              1.0000000000000000              0.5999999999999880              0.6063494151099371              1.6666666666667000              1.6666666666667000
