       0.00125000               1.0000000603063235              1.0000000266225044              0.6000000503098365              0.9000000754647096              1.6666666666667000              1.6666666666667000
       0.00375000               1.0000000816369619              1.0000000384121421              0.6000000713845659              0.9000001070768038              1.6666666666667000              1.6666666666667000
       0.00625000               1.0000001076558873              1.0000000605681743              0.6000000971504379              0.9000001457256117              1.6666666666667000              1.6666666666667000
       0.00875000               1.0000001443624698              1.0000000995058895              0.6000001336067086              0.9000002004100177              1.6666666666667000              1.6666666666667000
       0.01125000               1.0000002097411040              1.0000001744274754              0.6000001987375834              0.9000002981063301              1.6666666666667000              1.6666666666667000
       0.01375000               1.0000001695639147              1.0000001515750332              0.6000001583167436              0.9000002374750703              1.6666666666667000              1.6666666666667000
       0.01625000               1.0000001459817260              1.0000001565721126              0.6000001345132631              0.9000002017698495              1.6666666666667000              1.6666666666667000
       0.01875000               0.9999999778102212              0.9999999676295428              0.5999999661549662              0.8999999492324042              1.6666666666667000              1.6666666666667000
       0.02125000               0.9999998775858030              0.9999998605415984              0.5999998656148946              0.8999997984222967              1.6666666666667000              1.6666666666667000
       0.02375000               0.9999998475495422              0.9999998347427773              0.5999998353481399              0.8999997530221648              1.6666666666667000              1.6666666666667000
       0.02625000               0.9999998630578264              0.9999998631878170              0.5999998504928573              0.8999997757392408              1.6666666666667000              1.6666666666667000
       0.02875000               0.9999998857591584              0.9999999112681289              0.5999998729562231              0.8999998094342898              1.6666666666667000              1.6666666666667000
       0.03125000               0.9999999227642170              0.9999999350015391              0.5999999097237168              0.8999998645855301              1.6666666666667000              1.6666666666667000
       0.03375000               0.9999999535562457              0.9999999420772732              0.5999999403027476              0.8999999104540763              1.6666666666667000              1.6666666666667000
       0.03625000               0.9999999746424176              0.9999999472558226              0.5999999611961194              0.8999999417941341              1.6666666666667000              1.6666666666667000
       0.03875000               0.9999999865768454              0.9999999537173513              0.5999999729688873              0.8999999594532859              1.6666666666667000              1.6666666666667000
       0.04125000               0.9999999945260126              0.9999999593861082              0.5999999806422606              0.8999999709633459              1.6666666666667000              1.6666666666667000
       0.04375000               0.9999999997151274              0.9999999644357577              0.5999999856587589              0.8999999784880932              1.6666666666667000              1.6666666666667000
       0.04625000               1.0000000030467489              0.9999999692573509              0.5999999886670292              0.8999999830004988              1.6666666666667000              1.6666666666667000
       0.04875000               1.0000000045221893              0.9999999743032352              0.5999999899058562              0.8999999848587393              1.6666666666667000              1.6666666666667000
       0.05125000               1.0000000039074719              0.9999999804536570              0.5999999889781643              0.8999999834672014              1.6666666666667000              1.6666666666667000
       0.05375000               0.9999999994685698              0.9999999897160881              0.5999999842332612              0.8999999763498467              1.6666666666667000              1.6666666666667000
       0.05625000               0.9999999863690147              1.0000000072182365              0.5999999708234970              0.8999999562352005              1.6666666666667000              1.6666666666667000
       0.05875000               0.9999999930976294              1.0000000046637700              0.5999999772809990              0.8999999659214533              1.6666666666667000              1.6666666666667000
       0.06125000               0.9999999976139510              1.0000000043289430              0.5999999815444457              0.8999999723166234              1.6666666666667000              1.6666666666667000
       0.06375000               0.9999999979324659              1.0000000083981722              0.5999999816427646              0.8999999724641019              1.6666666666667000              1.6666666666667000
       0.06625000               1.0000000200658081              0.9999999911535025              0.6000000035245177              0.9000000052867313              1.6666666666667000              1.6666666666667000
       0.06875000               1.0000000213640421              0.9999999954277897              0.6000000046268587              0.9000000069402430              1.6666666666667000              1.6666666666667000
       0.07125000               1.0000000270346030              0.9999999965212344              0.6000000099892712              0.9000000149838616              1.6666666666667000              1.6666666666667000
       0.07375000               1.0000000315735880              1.0000000002904783              0.6000000142102544              0.9000000213153366              1.6666666666667000              1.6666666666667000
       0.07625000               1.0000000355388754              1.0000000069927686              0.6000000176768767              0.9000000265152701              1.6666666666667000              1.6666666666667000
       0.07875000               1.0000000385427819              1.0000000177819874              0.6000000201922526              0.9000000302883339              1.6666666666667000              1.6666666666667000
       0.08125000               1.0000000391431232              1.0000000356807992              0.6000000202149074              0.9000000303223159              1.6666666666667000              1.6666666666667000
       0.08375000               1.0000000556498745              1.0000000447030348              0.6000000360969877              0.9000000541454364              1.6666666666667000              1.6666666666667000
       0.08625000               1.0000000727296043              1.0000000642679165              0.6000000522479418              0.9000000783718678              1.6666666666667000              1.6666666666667000
       0.08875000               1.0000001173254378              1.0000000739317414              0.6000000951817268              0.9000001427725451              1.6666666666667000              1.6666666666667000
       0.09125000               1.0000001585227283              1.0000001140836976              0.6000001332646071              0.9000001998968656              1.6666666666667000              1.6666666666667000
       0.09375000               1.0000002249180180              1.0000001733266135              0.6000001939624231              0.9000002909435896              1.6666666666667000              1.6666666666667000
       0.09625000               1.0000002228856510              1.0000001619324181              0.6000001815488865              0.9000002723232845              1.6666666666667000              1.6666666666667000
       0.09875000               1.0000001643117267              1.0000000892587151              0.6000001052684391              0.9000001579026135              1.6666666666667000              1.6666666666667000
       0.10125000               1.0000000649220286              0.9999999671034770              0.5999999748921896              0.8999999623382394              1.6666666666667000              1.6666666666667000
       0.10375000               1.0000000202844428              0.9999998861842712              0.5999998742081408              0.8999998113121661              1.6666666666667000              1.6666666666667000
       0.10625000               1.0000000806546141              0.9999998863507138              0.5999998640848669              0.8999997961272552              1.6666666666667000              1.6666666666667000
       0.10875000               1.0000001508139387              0.9999999232889272              0.5999998791805239              0.8999998187707408              1.6666666666667000              1.6666666666667000
       0.11125000               1.0000002434269306              0.9999999303907557              0.5999999346379506              0.8999999019568810              1.6666666666667000              1.6666666666667000
       0.11375000               1.0000003025626991              0.9999999459471843              0.5999999631585164              0.8999999447377296              1.6666666666667000              1.6666666666667000
       0.11625000               1.0000003480212827              0.9999999591812607              0.5999999770027298              0.8999999655040497              1.6666666666667000              1.6666666666667000
       0.11875000               1.0000003959151329              0.9999999708756890              0.5999999842590226              0.8999999763884888              1.6666666666667000              1.6666666666667000
       0.12125000               1.0000004601698407              0.9999999810380674              0.5999999872793290              0.8999999809189484              1.6666666666667000              1.6666666666667000
       0.12375000               1.0000005605645390              0.9999999908084272              0.5999999872494194              0.8999999808740841              1.6666666666667000              1.6666666666667000
       0.12625000               1.0000007319738684              1.0000000021126745              0.5999999835246100              0.8999999752868700              1.6666666666667000              1.6666666666667000
       0.12875000               1.0000009652181630              1.0000000188302778              0.5999999731150875              0.8999999596725862              1.6666666666667000              1.6666666666667000
       0.13125000               1.0000012294187253              1.0000000164722322              0.5999999811742373              0.8999999717613107              1.6666666666667000              1.6666666666667000
       0.13375000               1.0000014942535047              1.0000000032127045              0.6000000000907983              0.9000000001361523              1.6666666666667000              1.6666666666667000
       0.13625000               1.0000017702369921              0.9999999964108729              0.6000000130601951              0.9000000195902476              1.6666666666667000              1.6666666666667000
       0.13875000               1.0000021114062136              0.9999999998739442              0.6000000169105535              0.9000000253657851              1.6666666666667000              1.6666666666667000
       0.14125000               1.0000025603094933              1.0000000075134492              0.6000000185581191              0.9000000278371337              1.6666666666667000              1.6666666666667000
       0.14375000               1.0000031001731982              1.0000000182582089              0.6000000202667293              0.9000000304000488              1.6666666666667000              1.6666666666667000
       0.14625000               1.0000037137024116              1.0000000333303145              0.6000000226715122              0.9000000340072233              1.6666666666667000              1.6666666666667000
       0.14875000               1.0000044168662490              1.0000000572593035              0.6000000243100121              0.9000000364649732              1.6666666666667000              1.6666666666667000
       0.15125000               1.0000052761754736              1.0000000657366930              0.6000000548875962              0.9000000823313492              1.6666666666667000              1.6666666666667000
       0.15375000               1.0000062851418303              1.0000001072138376              0.6000000756675085              0.9000001135012176              1.6666666666667000              1.6666666666667000
       0.15625000               1.0000075235369357              1.0000001555140634              0.6000001422610876              0.9000002133915863              1.6666666666667000              1.6666666666667000
       0.15875000               1.0000088515736880              1.0000000688592428              0.6000000885966804              0.9000001328949756              1.6666666666667000              1.6666666666667000
       0.16125000               1.0000105196168503              1.0000000938674523              0.6000001309597217              0.9000001964395375              1.6666666666667000              1.6666666666667000
       0.16375000               1.0000123612428142              1.0000000278825139              0.6000000619500684              0.9000000929250576              1.6666666666667000              1.6666666666667000
       0.16625000               1.0000145381248142              0.9999999698868612              0.5999999961683686              0.8999999942525079              1.6666666666667000              1.6666666666667000
       0.16875000               1.0000171324446447              0.9999999428902756              0.5999999612503287              0.8999999418754480              1.6666666666667000              1.6666666666667000
       0.17125000               1.0000202047467817              0.9999999421823151              0.5999999542320492              0.8999999313480287              1.6666666666667000              1.6666666666667000
       0.17375000               1.0000238153258549              0.9999999557924969              0.5999999623601985              0.8999999435402527              1.6666666666667000              1.6666666666667000
       0.17625000               1.0000280408343136              0.9999999782781706              0.5999999790306300              0.8999999685458999              1.6666666666667000              1.6666666666667000
       0.17875000               1.0000329698840897              1.0000000046183468              0.5999999978094459              0.8999999967141239              1.6666666666667000              1.6666666666667000
       0.18125000               1.0000387044719332              1.0000000304419829              0.6000000116815205              0.9000000175222357              1.6666666666667000              1.6666666666667000
       0.18375000               1.0000453656425536              1.0000000587122235              0.6000000166050447              0.9000000249075218              1.6666666666667000              1.6666666666667000
       0.18625000               1.0000531285925467              1.0000000638286459              0.6000000446835660              0.9000000670253040              1.6666666666667000              1.6666666666667000
       0.18875000               1.0000621268864049              1.0000000839769250              0.6000000663272160              0.9000000994907791              1.6666666666667000              1.6666666666667000
       0.19125000               1.0000725638497312              1.0000001099651519              0.6000000991878295              0.9000001487816992              1.6666666666667000              1.6666666666667000
       0.19375000               1.0000846169923070              1.0000001259217988              0.6000001097076646              0.9000001645614518              1.6666666666667000              1.6666666666667000
       0.19625000               1.0000985648185228              1.0000001191872157              0.6000001367189062              0.9000002050783141              1.6666666666667000              1.6666666666667000
       0.19875000               1.0001146449942737              1.0000001330474106              0.6000001461275207              0.9000002191912360              1.6666666666667000              1.6666666666667000
       0.20125000               1.0001331935835387              1.0000001582921307              0.6000001663572351              0.9000002495358076              1.6666666666667000              1.6666666666667000
       0.20375000               1.0001544288576765              1.0000000667832309              0.6000000680206430              0.9000001020309195              1.6666666666667000              1.6666666666667000
       0.20625000               1.0001789259627938              1.0000000457313962              0.6000000339112113              0.9000000508667718              1.6666666666667000              1.6666666666667000
       0.20875000               1.0002071319802168              1.0000000627056853              0.6000000690813726              0.9000001036220138              1.6666666666667000              1.6666666666667000
       0.21125000               1.0002394507481702              1.0000000717636683              0.6000000801483205              0.9000001202224357              1.6666666666667000              1.6666666666667000
       0.21375000               1.0002764851590240              1.0000001046521976              0.6000001115062615              0.9000001672593472              1.6666666666667000              1.6666666666667000
       0.21625000               1.0003186950743777              0.9999999940618380              0.5999999968132467              0.8999999952198250              1.6666666666667000              1.6666666666667000
       0.21875000               1.0003669632217997              0.9999999208348892              0.5999999175902956              0.8999998763853985              1.6666666666667000              1.6666666666667000
       0.22125000               1.0004220863023121              0.9999998985060595              0.5999998867799915              0.8999998301699422              1.6666666666667000              1.6666666666667000
       0.22375000               1.0004849201846271              0.9999999095374945              0.5999998855876638              0.8999998283814508              1.6666666666667000              1.6666666666667000
       0.22625000               1.0005564286899218              0.9999999228073863              0.5999999032848456              0.8999998549272233              1.6666666666667000              1.6666666666667000
       0.22875000               1.0006376786142508              0.9999999352054434              0.5999999226070264              0.8999998839104945              1.6666666666667000              1.6666666666667000
       0.23125000               1.0007298636696187              0.9999999440609940              0.5999999333533981              0.8999999000300520              1.6666666666667000              1.6666666666667000
       0.23375000               1.0008343204629135              0.9999999529588918              0.5999999373232108              0.8999999059847711              1.6666666666667000              1.6666666666667000
       0.23625000               1.0009525427099519              0.9999999483992019              0.5999999507432274              0.8999999261147962              1.6666666666667000              1.6666666666667000
       0.23875000               1.0010861440558090              0.9999999510539793              0.5999999546208857              0.8999999319312836              1.6666666666667000              1.6666666666667000
       0.24125000               1.0012369335270948              0.9999999539631710              0.5999999568916499              0.8999999353374296              1.6666666666667000              1.6666666666667000
       0.24375000               1.0014068946153412              0.9999999578032140              0.5999999575237851              0.8999999362856326              1.6666666666667000              1.6666666666667000
       0.24625000               1.0015982060971493              0.9999999649409173              0.5999999546178261              0.8999999319266940              1.6666666666667000              1.6666666666667000
       0.24875000               1.0018132857052193              0.9999999513910092              0.5999999725538959              0.8999999588307988              1.6666666666667000              1.6666666666667000
       0.25125000               1.0020547227203700              0.9999999501987252              0.5999999785791874              0.8999999678687362              1.6666666666667000              1.6666666666667000
       0.25375000               1.0023253934020715              0.9999999530429128              0.5999999812910900              0.8999999719365900              1.6666666666667000              1.6666666666667000
       0.25625000               1.0026284285360183              0.9999999600032240              0.5999999807955537              0.8999999711932855              1.6666666666667000              1.6666666666667000
       0.25875000               1.0029672409593842              0.9999999699570922              0.5999999782875222              0.8999999674312381              1.6666666666667000              1.6666666666667000
       0.26125000               1.0033455423462683              0.9999999823238128              0.5999999743009256              0.8999999614513432              1.6666666666667000              1.6666666666667000
       0.26375000               1.0037673600739001              0.9999999990040036              0.5999999668026206              0.8999999502038857              1.6666666666667000              1.6666666666667000
       0.26625000               1.0042370815006050              0.9999999996735917              0.5999999760071669              0.8999999640107054              1.6666666666667000              1.6666666666667000
       0.26875000               1.0047594147737442              0.9999999999368296              0.5999999862158777              0.8999999793237714              1.6666666666667000              1.6666666666667000
       0.27125000               1.0053394571567795              1.0000000029890719              0.5999999943877909              0.8999999915816415              1.6666666666667000              1.6666666666667000
       0.27375000               1.0059827042760083              1.0000000096087349              0.6000000002349816              0.9000000003524272              1.6666666666667000              1.6666666666667000
       0.27625000               1.0066950662997514              1.0000000213566171              0.6000000030433852              0.9000000045650327              1.6666666666667000              1.6666666666667000
       0.27875000               1.0074828834166474              1.0000000433151675              0.5999999988757430              0.8999999983135692              1.6666666666667000              1.6666666666667000
       0.28125000               1.0083529953603405              1.0000000334583097              0.6000000311780177              0.9000000467669813              1.6666666666667000              1.6666666666667000
       0.28375000               1.0093126198987277              1.0000000387607608              0.6000000535093092              0.9000000802639186              1.6666666666667000              1.6666666666667000
       0.28625000               1.0103695065303526              1.0000000583924615              0.6000000658415096              0.9000000987622193              1.6666666666667000              1.6666666666667000
       0.28875000               1.0115319014649415              1.0000000930306794              0.6000000653992444              0.9000000980988215              1.6666666666667000              1.6666666666667000
       0.29125000               1.0128085994223448              1.0000001108474577              0.6000000843131491              0.9000001264696785              1.6666666666667000              1.6666666666667000
       0.29375000               1.0142088810327348              1.0000001217799497              0.6000001172591383              0.9000001758886623              1.6666666666667000              1.6666666666667000
       0.29625000               1.0157425602706716              1.0000001420912605              0.6000001585057753              0.9000002377586178              1.6666666666667000              1.6666666666667000
       0.29875000               1.0174200036932359              1.0000001870730728              0.6000002153736579              0.9000003230604419              1.6666666666667000              1.6666666666667000
       0.30125000               1.0192520004758789              1.0000001528940188              0.6000001762241787              0.9000002643362229              1.6666666666667000              1.6666666666667000
       0.30375000               1.0212500461354588              1.0000000779958274              0.6000000893890987              0.9000001340836030              1.6666666666667000              1.6666666666667000
       0.30625000               1.0234261231486808              0.9999999561505871              0.5999999497665364              0.8999999246497595              1.6666666666667000              1.6666666666667000
       0.30875000               1.0257928387080135              0.9999998761564435              0.5999998405278033              0.8999997607916600              1.6666666666667000              1.6666666666667000
       0.31125000               1.0283633264187662              0.9999998590709188              0.5999998465488967              0.8999997698233001              1.6666666666667000              1.6666666666667000
       0.31375000               1.0311510488488527              0.9999998805480831              0.5999998782974065              0.8999998174460647              1.6666666666667000              1.6666666666667000
       0.31625000               1.0341700221526997              0.9999999108556263              0.5999999111003890              0.8999998666505383              1.6666666666667000              1.6666666666667000
       0.31875000               1.0374347357790481              0.9999999335173443              0.5999999317495009              0.8999998976242064              1.6666666666667000              1.6666666666667000
       0.32125000               1.0409601250822957              0.9999999499107284              0.5999999419006684              0.8999999128509576              1.6666666666667000              1.6666666666667000
       0.32375000               1.0447615195167104              0.9999999663366668              0.5999999437308307              0.8999999155962009              1.6666666666667000              1.6666666666667000
       0.32625000               1.0488546275070876              0.9999999564438903              0.5999999665379863              0.8999999498069343              1.6666666666667000              1.6666666666667000
       0.32875000               1.0532553833866787              0.9999999646351678              0.5999999672154410              0.8999999508231163              1.6666666666667000              1.6666666666667000
       0.33125000               1.0579800181484500              0.9999999852705193              0.5999999527048994              0.8999999290573041              1.6666666666667000              1.6666666666667000
       0.33375000               1.0630449989268189              0.9999999647818955              0.5999999788028960              0.8999999682042988              1.6666666666667000              1.6666666666667000
       0.33625000               1.0684667776320482              0.9999999664715470              0.5999999808823515              0.8999999713234822              1.6666666666667000              1.6666666666667000
       0.33875000               1.0742619287971977              0.9999999757025859              0.5999999743912361              0.8999999615868089              1.6666666666667000              1.6666666666667000
       0.34125000               1.0804469650781887              0.9999999916257999              0.5999999604548039              0.8999999406821608              1.6666666666667000              1.6666666666667000
       0.34375000               1.0870382963312795              0.9999999852166064              0.5999999693694021              0.8999999540540581              1.6666666666667000              1.6666666666667000
       0.34625000               1.0940520296428167              0.9999999895244547              0.5999999668662911              0.8999999502993915              1.6666666666667000              1.6666666666667000
       0.34875000               1.1015040162727130              0.9999999687221601              0.5999999904715692              0.8999999857073087              1.6666666666667000              1.6666666666667000
       0.35125000               1.1094095664634578              0.9999999709676941              0.5999999897785415              0.8999999846677672              1.6666666666667000              1.6666666666667000
       0.35375000               1.1177835119057042              0.9999999750290810              0.5999999872184605              0.8999999808276457              1.6666666666667000              1.6666666666667000
       0.35625000               1.1266399813529391              0.9999999800250969              0.5999999837857911              0.8999999756786417              1.6666666666667000              1.6666666666667000
       0.35875000               1.1359922973850882              0.9999999865807678              0.5999999788858525              0.8999999683287336              1.6666666666667000              1.6666666666667000
       0.36125000               1.1458528471197640              0.9999999961039486              0.5999999711018710              0.8999999566527613              1.6666666666667000              1.6666666666667000
       0.36375000               1.1562329679934154              0.9999999961004506              0.5999999738948838              0.8999999608422806              1.6666666666667000              1.6666666666667000
       0.36625000               1.1671427619087495              1.0000000006643426              0.5999999722303552              0.8999999583454876              1.6666666666667000              1.6666666666667000
       0.36875000               1.1785910039116358              1.0000000119986410              0.5999999638956082              0.8999999458433672              1.6666666666667000              1.6666666666667000
       0.37125000               1.1905850347905262              0.9999999977249359              0.5999999842326963              0.8999999763489993              1.6666666666667000              1.6666666666667000
       0.37375000               1.2031304919485495              0.9999999916712862              0.5999999966352820              0.8999999949528780              1.6666666666667000              1.6666666666667000
       0.37625000               1.2162313034799521              0.9999999901836627              0.6000000055261615              0.9000000082891972              1.6666666666667000              1.6666666666667000
       0.37875000               1.2298895020974516              0.9999999920424125              0.6000000128816962              0.9000000193224993              1.6666666666667000              1.6666666666667000
       0.38125000               1.2441050952531760              0.9999999970807832              0.6000000199205646              0.9000000298808019              1.6666666666667000              1.6666666666667000
       0.38375000               1.2588759352403347              1.0000000061262475              0.6000000274998696              0.9000000412497593              1.6666666666667000              1.6666666666667000
       0.38625000               1.2741976027869206              1.0000000198788535              0.6000000379935303              0.9000000569902503              1.6666666666667000              1.6666666666667000
       0.38875000               1.2900632891041837              1.0000000402923335              0.6000000548671577              0.9000000823006915              1.6666666666667000              1.6666666666667000
       0.39125000               1.3064636930492377              1.0000000713490966              0.6000000825551803              0.9000001238327255              1.6666666666667000              1.6666666666667000
       0.39375000               1.3233869043658262              1.0000001099585294              0.6000001165310781              0.9000001747965720              1.6666666666667000              1.6666666666667000
       0.39625000               1.3408183627947698              1.0000001667300360              0.6000001668740652              0.9000002503110529              1.6666666666667000              1.6666666666667000
       0.39875000               1.3587404722797025              1.0000000805923519              0.6000000418274744              0.9000000627411664              1.6666666666667000              1.6666666666667000
       0.40125000               1.3771333506169909              0.9999999738267247              0.5999999350708469              0.8999999026062254              1.6666666666667000              1.6666666666667000
       0.40375000               1.3959740012516793              0.9999998802212520              0.5999998469356634              0.8999997704034500              1.6666666666667000              1.6666666666667000
       0.40625000               1.4152366514013910              0.9999998660705871              0.5999998514796312              0.8999997772194017              1.6666666666667000              1.6666666666667000
       0.40875000               1.4348924359509585              0.9999998858861080              0.5999998819565143              0.8999998229347265              1.6666666666667000              1.6666666666667000
       0.41125000               1.4549096537721675              0.9999999178298653              0.5999999100534632              0.8999998650801497              1.6666666666667000              1.6666666666667000
       0.41375000               1.4752537440744409              0.9999999524464924              0.5999999147323885              0.8999998720985375              1.6666666666667000              1.6666666666667000
       0.41625000               1.4958874381574871              0.9999999496736087              0.5999999462323513              0.8999999193484819              1.6666666666667000              1.6666666666667000
       0.41875000               1.5167705745974769              0.9999999516585111              0.5999999633752755              0.8999999450628682              1.6666666666667000              1.6666666666667000
       0.42125000               1.5378603901726517              0.9999999575073993              0.5999999694188040              0.8999999541281609              1.6666666666667000              1.6666666666667000
       0.42375000               1.5591115587542674              0.9999999658275096              0.5999999687931131              0.8999999531896246              1.6666666666667000              1.6666666666667000
       0.42625000               1.5804763144964995              0.9999999770444709              0.5999999623299949              0.8999999434949473              1.6666666666667000              1.6666666666667000
       0.42875000               1.6019045895165107              0.9999999953580875              0.5999999458179449              0.8999999187268723              1.6666666666667000              1.6666666666667000
       0.43125000               1.6233442835928036              0.9999999826991399              0.5999999680809853              0.8999999521214330              1.6666666666667000              1.6666666666667000
       0.43375000               1.6447412118339095              0.9999999745621536              0.5999999846595985              0.8999999769893527              1.6666666666667000              1.6666666666667000
       0.43625000               1.6660395209649823              0.9999999748540610              0.5999999912611693              0.8999999868917090              1.6666666666667000              1.6666666666667000
       0.43875000               1.6871818617910967              0.9999999855812736              0.5999999861419419              0.8999999792128678              1.6666666666667000              1.6666666666667000
       0.44125000               1.7081096186524796              1.0000000077179689              0.5999999692264859              0.8999999538396838              1.6666666666667000              1.6666666666667000
       0.44375000               1.7287632453244921              1.0000000122871280              0.5999999803328170              0.8999999704991805              1.6666666666667000              1.6666666666667000
       0.44625000               1.7490823709306504              1.0000000106698572              0.6000000078905229              0.9000000118357391              1.6666666666667000              1.6666666666667000
       0.44875000               1.7690061721870052              1.0000000181555906              0.6000000379987670              0.9000000569981055              1.6666666666667000              1.6666666666667000
       0.45125000               1.7884737014106302              1.0000000413765475              0.6000000752661437              0.9000001128991705              1.6666666666667000              1.6666666666667000
       0.45375000               1.8074241870454872              1.0000000951428347              0.6000001358333020              0.9000002037499079              1.6666666666667000              1.6666666666667000
       0.45625000               1.8257970290659322              1.0000000844415249              0.6000000812668790              0.9000001219002733              1.6666666666667000              1.6666666666667000
       0.45875000               1.8435330150808573              1.0000000834605109              0.6000001038417894              0.9000001557626390              1.6666666666667000              1.6666666666667000
       0.46125000               1.8605731645769141              0.9999999242029280              0.5999999292172792              0.8999998938258739              1.6666666666667000              1.6666666666667000
       0.46375000               1.8768609088618562              0.9999998402831572              0.5999998215546949              0.8999997323319973              1.6666666666667000              1.6666666666667000
       0.46625000               1.8923409618675622              0.9999998335108088              0.5999997975131099              0.8999996962696198              1.6666666666667000              1.6666666666667000
       0.46875000               1.9069600044663773              0.9999998736937500              0.5999998322724057              0.8999997484085636              1.6666666666667000              1.6666666666667000
       0.47125000               1.9206670335837690              0.9999999298084711              0.5999998844766181              0.8999998267148822              1.6666666666667000              1.6666666666667000
       0.47375000               1.9334137033962107              0.9999999869004648              0.5999999238391801              0.8999998857587250              1.6666666666667000              1.6666666666667000
       0.47625000               1.9451547264531763              1.0000000047728659              0.5999999898611755              0.8999999847917183              1.6666666666667000              1.6666666666667000
       0.47875000               1.9558478383904134              1.0000000252494117              0.6000000364978918              0.9000000547467927              1.6666666666667000              1.6666666666667000
       0.48125000               1.9654543130334048              1.0000000560761610              0.6000000667202113              0.9000001000802720              1.6666666666667000              1.6666666666667000
       0.48375000               1.9739391361986804              1.0000000953966928              0.6000000968159898              0.9000001452239396              1.6666666666667000              1.6666666666667000
       0.48625000               1.9812712799223706              1.0000001152112508              0.6000001850831712              0.9000002776247117              1.6666666666667000              1.6666666666667000
       0.48875000               1.9874236157930019              1.0000001887345342              0.6000002888225743              0.9000004332338164              1.6666666666667000              1.6666666666667000
       0.49125000               1.9923729461641631              1.0000001303766184              0.6000002041543769              0.9000003062315204              1.6666666666667000              1.6666666666667000
       0.49375000               1.9961012760497345              1.0000000883382802              0.6000001396529516              0.9000002094793823              1.6666666666667000              1.6666666666667000
       0.49625000               1.9985942809302448              0.9999999264828880              0.5999999001626644              0.8999998502439515              1.6666666666667000              1.6666666666667000
       0.49875000               1.9998431505227963              0.9999998462587832              0.5999997701373671              0.8999996552060056              1.6666666666667000              1.6666666666667000
       0.50125000               1.9998431341938860              0.9999998475462633              0.5999997433534763              0.8999996150301695              1.6666666666667000              1.6666666666667000
       0.50375000               1.9985942014585234              0.9999998613377148              0.5999998088803496              0.8999997133204795              1.6666666666667000              1.6666666666667000
       0.50625000               1.9961008777882685              0.9999999035365854              0.5999998661656423              0.8999997992484184              1.6666666666667000              1.6666666666667000
       0.50875000               1.9923725429993915              0.9999999422701666              0.5999999159797645              0.8999998739696017              1.6666666666667000              1.6666666666667000
       0.51125000               1.9874231244508196              0.9999999735164863              0.5999999512077786              0.8999999268116229              1.6666666666667000              1.6666666666667000
       0.51375000               1.9812710454048905              1.0000000038160641              0.5999999724662305              0.8999999586993007              1.6666666666667000              1.6666666666667000
       0.51625000               1.9739392333595205              0.9999999949175072              0.6000000441746670              0.9000000662619555              1.6666666666667000              1.6666666666667000
       0.51875000               1.9654545380288952              1.0000000257821431              0.6000000651766877              0.9000000977649865              1.6666666666667000              1.6666666666667000
       0.52125000               1.9558482260680343              1.0000000601946819              0.6000000997355917              0.9000001496033424              1.6666666666667000              1.6666666666667000
       0.52375000               1.9451553480102965              1.0000001071798921              0.6000001549097638              0.9000002323646006              1.6666666666667000              1.6666666666667000
       0.52625000               1.9334145337892388              1.0000001340979567              0.6000001808487745              0.9000002712731167              1.6666666666667000              1.6666666666667000
       0.52875000               1.9206680502691125              1.0000001822481155              0.6000002292556160              0.9000003438833790              1.6666666666667000              1.6666666666667000
       0.53125000               1.9069608036711434              1.0000000874610364              0.6000000569028794              0.9000000853542740              1.6666666666667000              1.6666666666667000
       0.53375000               1.8923416284353234              0.9999999633193959              0.5999999481986654              0.8999999222979531              1.6666666666667000              1.6666666666667000
       0.53625000               1.8768613113478945              0.9999998661973781              0.5999998269044104              0.8999997403565706              1.6666666666667000              1.6666666666667000
       0.53875000               1.8605733088878622              0.9999998677646212              0.5999997878997486              0.8999996818495778              1.6666666666667000              1.6666666666667000
       0.54125000               1.8435329582446613              0.9999998756817849              0.5999998440016623              0.8999997660024485              1.6666666666667000              1.6666666666667000
       0.54375000               1.8257971182259523              0.9999999072790933              0.5999998908246369              0.8999998362369103              1.6666666666667000              1.6666666666667000
       0.54625000               1.8074242561316811              0.9999999310751611              0.5999999276718293              0.8999998915076989              1.6666666666667000              1.6666666666667000
       0.54875000               1.7884739292702350              0.9999999466187737              0.5999999492758326              0.8999999239137039              1.6666666666667000              1.6666666666667000
       0.55125000               1.7690064926554088              0.9999999593766891              0.5999999621898403              0.8999999432847154              1.6666666666667000              1.6666666666667000
       0.55375000               1.7490827549177625              0.9999999715311489              0.5999999671452353              0.8999999507178078              1.6666666666667000              1.6666666666667000
       0.55625000               1.7287636661451897              0.9999999868328797              0.5999999624919320              0.8999999437378530              1.6666666666667000              1.6666666666667000
       0.55875000               1.7081100137925525              1.0000000143643268              0.5999999379653457              0.8999999069479736              1.6666666666667000              1.6666666666667000
       0.56125000               1.6871822664688960              1.0000000005191039              0.5999999650213115              0.8999999475319223              1.6666666666667000              1.6666666666667000
       0.56375000               1.6660399347422918              0.9999999936781300              0.5999999813337864              0.8999999720006344              1.6666666666667000              1.6666666666667000
       0.56625000               1.6447416227104579              0.9999999985783166              0.5999999812331206              0.8999999718496358              1.6666666666667000              1.6666666666667000
       0.56875000               1.6233447384846464              0.9999999872316466              0.6000000011538864              0.9000000017307845              1.6666666666667000              1.6666666666667000
       0.57125000               1.6019050676557853              0.9999999883907402              0.6000000047205384              0.9000000070807627              1.6666666666667000              1.6666666666667000
       0.57375000               1.5804767532194715              0.9999999887945284              0.6000000090260502              0.9000000135390304              1.6666666666667000              1.6666666666667000
       0.57625000               1.5591119713677022              0.9999999907427051              0.6000000114574776              0.9000000171861713              1.6666666666667000              1.6666666666667000
       0.57875000               1.5378607801612045              0.9999999944955764              0.6000000119718566              0.9000000179577398              1.6666666666667000              1.6666666666667000
       0.58125000               1.5167709469848898              1.0000000008003256              0.6000000099497094              0.9000000149245190              1.6666666666667000              1.6666666666667000
       0.58375000               1.4958878014803567              1.0000000110154885              0.6000000040705703              0.9000000061058104              1.6666666666667000              1.6666666666667000
       0.58625000               1.4752541161174182              1.0000000228782118              0.5999999975335440              0.8999999963002709              1.6666666666667000              1.6666666666667000
       0.58875000               1.4549099890142332              1.0000000381121066              0.5999999887777516              0.8999999831665824              1.6666666666667000              1.6666666666667000
       0.59125000               1.4348928158058709              1.0000000288514324              0.6000000121537695              0.9000000182306093              1.6666666666667000              1.6666666666667000
       0.59375000               1.4152370605186091              1.0000000317358089              0.6000000248134452              0.9000000372201228              1.6666666666667000              1.6666666666667000
       0.59625000               1.3959744051173393              1.0000000385817875              0.6000000381563614              0.9000000572344969              1.6666666666667000              1.6666666666667000
       0.59875000               1.3771336224925312              1.0000000510148697              0.6000000529202001              0.9000000793802552              1.6666666666667000              1.6666666666667000
       0.60125000               1.3587405962676495              1.0000000716182924              0.6000000703341227              0.9000001055011391              1.6666666666667000              1.6666666666667000
       0.60375000               1.3408183360657677              1.0000000959057977              0.6000001025699402              0.9000001538548652              1.6666666666667000              1.6666666666667000
       0.60625000               1.3233869920093166              1.0000001286080606              0.6000001556398991              0.9000002334598035              1.6666666666667000              1.6666666666667000
       0.60875000               1.3064639031084386              1.0000001951129314              0.6000002387655169              0.9000003581482303              1.6666666666667000              1.6666666666667000
       0.61125000               1.2900634401800930              1.0000001514819050              0.6000001869473625              0.9000002804209987              1.6666666666667000              1.6666666666667000
       0.61375000               1.2741976712401690              1.0000001108890211              0.6000001267207391              0.9000001900810635              1.6666666666667000              1.6666666666667000
       0.61625000               1.2588757417390628              0.9999999447836340              0.5999999256004031              0.8999998884005594              1.6666666666667000              1.6666666666667000
       0.61875000               1.2441047660905786              0.9999998405203717              0.5999998215071407              0.8999997322606661              1.6666666666667000              1.6666666666667000
       0.62125000               1.2298891379605787              0.9999998182489431              0.5999997957835778              0.8999996936753216              1.6666666666667000              1.6666666666667000
       0.62375000               1.2162309649959868              0.9999998418983692              0.5999998192443609              0.8999997288664963              1.6666666666667000              1.6666666666667000
       0.62625000               1.2031301943977812              0.9999998790583855              0.5999998548123867              0.8999997822185350              1.6666666666667000              1.6666666666667000
       0.62875000               1.1905847715758133              0.9999999154067766              0.5999998821194519              0.8999998231791329              1.6666666666667000              1.6666666666667000
       0.63125000               1.1785907822020216              0.9999999320108307              0.5999999083777693              0.8999998625666088              1.6666666666667000              1.6666666666667000
       0.63375000               1.1671425485813405              0.9999999360593546              0.5999999349909502              0.8999999024863803              1.6666666666667000              1.6666666666667000
       0.63625000               1.1562327662995873              0.9999999372653908              0.5999999566240198              0.8999999349359847              1.6666666666667000              1.6666666666667000
       0.63875000               1.1458526484140275              0.9999999457406565              0.5999999653412823              0.8999999480118784              1.6666666666667000              1.6666666666667000
       0.64125000               1.1359920844333993              0.9999999565409918              0.5999999682695012              0.8999999524042066              1.6666666666667000              1.6666666666667000
       0.64375000               1.1266397551851661              0.9999999683740715              0.5999999679418253              0.8999999519126929              1.6666666666667000              1.6666666666667000
       0.64625000               1.1177832720130023              0.9999999816957472              0.5999999646118185              0.8999999469176827              1.6666666666667000              1.6666666666667000
       0.64875000               1.1094093244792405              0.9999999860383610              0.5999999698463988              0.8999999547695531              1.6666666666667000              1.6666666666667000
       0.65125000               1.1015037818071483              0.9999999841600208              0.5999999810744344              0.8999999716116065              1.6666666666667000              1.6666666666667000
       0.65375000               1.0940518285813623              0.9999999835181078              0.5999999907025960              0.8999999860538490              1.6666666666667000              1.6666666666667000
       0.65625000               1.0870380947455813              0.9999999881882654              0.5999999946470737              0.8999999919705655              1.6666666666667000              1.6666666666667000
       0.65875000               1.0804467744380053              0.9999999948812469              0.5999999964972830              0.8999999947458793              1.6666666666667000              1.6666666666667000
       0.66125000               1.0742617244428219              1.0000000026123386              0.5999999974343713              0.8999999961515118              1.6666666666667000              1.6666666666667000
       0.66375000               1.0684665672307401              1.0000000120346488              0.5999999969529943              0.8999999954294463              1.6666666666667000              1.6666666666667000
       0.66625000               1.0630447873567697              1.0000000265711921              0.5999999917031300              0.8999999875546498              1.6666666666667000              1.6666666666667000
       0.66875000               1.0579798623333003              1.0000000135383702              0.6000000156506266              0.9000000234758948              1.6666666666667000              1.6666666666667000
       0.67125000               1.0532552135786286              1.0000000264258784              0.6000000140840370              0.9000000211260105              1.6666666666667000              1.6666666666667000
       0.67375000               1.0488544708465710              1.0000000315205901              0.6000000220655453              0.9000000330982729              1.6666666666667000              1.6666666666667000
       0.67625000               1.0447613987020339              1.0000000396218141              0.6000000292050036              0.9000000438074602              1.6666666666667000              1.6666666666667000
       0.67875000               1.0409600181269976              1.0000000515655512              0.6000000356736823              0.9000000535104784              1.6666666666667000              1.6666666666667000
       0.68125000               1.0374346489393602              1.0000000709713435              0.6000000393852013              0.9000000590777569              1.6666666666667000              1.6666666666667000
       0.68375000               1.0341699989472635              1.0000000669258124              0.6000000743697681              0.9000001115546071              1.6666666666667000              1.6666666666667000
       0.68625000               1.0311510903500787              1.0000000849098880              0.6000000984740421              0.9000001477110181              1.6666666666667000              1.6666666666667000
       0.68875000               1.0283634389308625              1.0000001137160515              0.6000001298093336              0.9000001947139553              1.6666666666667000              1.6666666666667000
       0.69125000               1.0257930095599295              1.0000001590211729              0.6000001747738262              0.9000002621606943              1.6666666666667000              1.6666666666667000
       0.69375000               1.0234262608539346              1.0000002332216460              0.6000002455601785              0.9000003683402227              1.6666666666667000              1.6666666666667000
       0.69625000               1.0212500460951477              1.0000002406993420              0.6000002436253468              0.9000003654379751              1.6666666666667000              1.6666666666667000
       0.69875000               1.0192518450399985              1.0000001889189594              0.6000001706815834              0.9000002560223300              1.6666666666667000              1.6666666666667000
       0.70125000               1.0174196798945028              1.0000000332447809              0.6000000363989531              0.9000000545983845              1.6666666666667000              1.6666666666667000
       0.70375000               1.0157421644258342              0.9999998830090845              0.5999999003141347              0.8999998504711572              1.6666666666667000              1.6666666666667000
       0.70625000               1.0142084734296186              0.9999998172165148              0.5999998391051231              0.8999997586576395              1.6666666666667000              1.6666666666667000
       0.70875000               1.0128082473599320              0.9999998342934315              0.5999998529899869              0.8999997794849353              1.6666666666667000              1.6666666666667000
       0.71125000               1.0115316062959616              0.9999998712876963              0.5999998825491221              0.8999998238236381              1.6666666666667000              1.6666666666667000
       0.71375000               1.0103692442039878              0.9999999090109098              0.5999999081891422              0.8999998622836684              1.6666666666667000              1.6666666666667000
       0.71625000               1.0093123871323699              0.9999999407872885              0.5999999180058031              0.8999998770086596              1.6666666666667000              1.6666666666667000
       0.71875000               1.0083528162065873              0.9999999452693790              0.5999999420365727              0.8999999130548139              1.6666666666667000              1.6666666666667000
       0.72125000               1.0074827602271048              0.9999999496568688              0.5999999587648994              0.8999999381473039              1.6666666666667000              1.6666666666667000
       0.72375000               1.0066949559678660              0.9999999557986663              0.5999999695677152              0.8999999543515278              1.6666666666667000              1.6666666666667000
       0.72625000               1.0059826084230452              0.9999999651590769              0.5999999752659887              0.8999999628989381              1.6666666666667000              1.6666666666667000
       0.72875000               1.0053393747682269              0.9999999781495222              0.5999999773257535              0.8999999659885851              1.6666666666667000              1.6666666666667000
       0.73125000               1.0047593440940832              0.9999999967957702              0.5999999755963732              0.8999999633945147              1.6666666666667000              1.6666666666667000
       0.73375000               1.0042370420227531              1.0000000019157398              0.5999999915891303              0.8999999873836504              1.6666666666667000              1.6666666666667000
       0.73625000               1.0037673384804795              1.0000000263423459              0.5999999956156497              0.8999999934234295              1.6666666666667000              1.6666666666667000
       0.73875000               1.0033455491554966              1.0000000356233458              0.6000000270877884              0.9000000406316376              1.6666666666667000              1.6666666666667000
       0.74125000               1.0029672930160094              1.0000000511006224              0.6000000720991806              0.9000001081487258              1.6666666666667000              1.6666666666667000
       0.74375000               1.0026285349145969              1.0000000841656200              0.6000001249413627              0.9000001874119989              1.6666666666667000              1.6666666666667000
       0.74625000               1.0023255660418335              1.0000001458880465              0.6000001880076749              0.9000002820114672              1.6666666666667000              1.6666666666667000
       0.74875000               1.0020548665462106              1.0000001182221161              0.6000001532749567              0.9000002299123899              1.6666666666667000              1.6666666666667000
       0.75125000               1.0018133379490166              1.0000000295856333              0.6000000527862772              0.9000000791793709              1.6666666666667000              1.6666666666667000
       0.75375000               1.0015981399367615              0.9999999065461616              0.5999999137673923              0.8999998706510434              1.6666666666667000              1.6666666666667000
       0.75625000               1.0014067423154585              0.9999998429889012              0.5999998279617453              0.8999997419425730              1.6666666666667000              1.6666666666667000
       0.75875000               1.0012367992463196              0.9999998404918513              0.5999998428544222              0.8999997642815881              1.6666666666667000              1.6666666666667000
       0.76125000               1.0010860427827659              0.9999998685145707              0.5999998713150103              0.8999998069724705              1.6666666666667000              1.6666666666667000
       0.76375000               1.0009524765269422              0.9999998983113763              0.5999999004166993              0.8999998506250039              1.6666666666667000              1.6666666666667000
       0.76625000               1.0008342878805605              0.9999999179663823              0.5999999186488247              0.8999998779731920              1.6666666666667000              1.6666666666667000
       0.76875000               1.0007298477410285              0.9999999311230353              0.5999999296200589              0.8999998944300431              1.6666666666667000              1.6666666666667000
       0.77125000               1.0006376812441899              0.9999999410818688              0.5999999359279627              0.8999999038918991              1.6666666666667000              1.6666666666667000
       0.77375000               1.0005564540786780              0.9999999502340502              0.5999999379869463              0.8999999069803744              1.6666666666667000              1.6666666666667000
       0.77625000               1.0004849603120369              0.9999999625185083              0.5999999337194198              0.8999999005790847              1.6666666666667000              1.6666666666667000
       0.77875000               1.0004221449425408              0.9999999499689028              0.5999999522233418              0.8999999283349676              1.6666666666667000              1.6666666666667000
       0.78125000               1.0003669946146609              0.9999999519408636              0.5999999548707373              0.8999999323060609              1.6666666666667000              1.6666666666667000
       0.78375000               1.0003186480642203              0.9999999555722391              0.5999999550248820              0.8999999325372781              1.6666666666667000              1.6666666666667000
       0.78625000               1.0002763221123925              0.9999999611385966              0.5999999527684808              0.8999999291526761              1.6666666666667000              1.6666666666667000
       0.78875000               1.0002393144367334              0.9999999701762178              0.5999999468449616              0.8999999202673973              1.6666666666667000              1.6666666666667000
       0.79125000               1.0002070107468954              0.9999999698854166              0.5999999502987383              0.8999999254480624              1.6666666666667000              1.6666666666667000
       0.79375000               1.0001788491909533              0.9999999635159428              0.5999999601167419              0.8999999401750679              1.6666666666667000              1.6666666666667000
       0.79625000               1.0001543260993235              0.9999999596357543              0.5999999679877631              0.8999999519815995              1.6666666666667000              1.6666666666667000
       0.79875000               1.0001330000337205              0.9999999588896236              0.5999999735733241              0.8999999603599412              1.6666666666667000              1.6666666666667000
       0.80125000               1.0001144760677683              0.9999999621910508              0.5999999763506613              0.8999999645259469              1.6666666666667000              1.6666666666667000
       0.80375000               1.0000984041559589              0.9999999706425086              0.5999999757421834              0.8999999636132301              1.6666666666667000              1.6666666666667000
       0.80625000               1.0000844737941605              0.9999999881818979              0.5999999685421490              0.8999999528131783              1.6666666666667000              1.6666666666667000
       0.80875000               1.0000724556810150              0.9999999756120461              0.5999999950017738              0.8999999925026156              1.6666666666667000              1.6666666666667000
       0.81125000               1.0000620740880131              0.9999999753114757              0.6000000142947771              0.9000000214421207              1.6666666666667000              1.6666666666667000
       0.81375000               1.0000531186552311              0.9999999888332819              0.6000000272281104              0.9000000408421205              1.6666666666667000              1.6666666666667000
       0.81625000               1.0000453946146100              1.0000000161762896              0.6000000375087369              0.9000000562630602              1.6666666666667000              1.6666666666667000
       0.81875000               1.0000387330145928              1.0000000626628123              0.6000000458180614              0.9000000687270470              1.6666666666667000              1.6666666666667000
       0.82125000               1.0000330538177566              1.0000000956630428              0.6000000959290728              0.9000001438935641              1.6666666666667000              1.6666666666667000
       0.82375000               1.0000282273840302              1.0000001539660583              0.6000001672758205              0.9000002509136856              1.6666666666667000              1.6666666666667000
       0.82625000               1.0000240690864513              1.0000001850719336              0.6000002050541799              0.9000003075812248              1.6666666666667000              1.6666666666667000
       0.82875000               1.0000204163489603              1.0000001341847158              0.6000001532617483              0.9000002298925774              1.6666666666667000              1.6666666666667000
       0.83125000               1.0000172300821686              1.0000000371337727              0.6000000500543385              0.9000000750814628              1.6666666666667000              1.6666666666667000
       0.83375000               1.0000144751894910              0.9999999367189377              0.5999999383958337              0.8999999075937055              1.6666666666667000              1.6666666666667000
       0.83625000               1.0000121473123769              0.9999999150686479              0.5999998942631825              0.8999998413947287              1.6666666666667000              1.6666666666667000
       0.83875000               1.0000102749881574              0.9999999196418058              0.5999999310614168              0.8999998965920801              1.6666666666667000              1.6666666666667000
       0.84125000               1.0000087170522654              0.9999999518943915              0.5999999601470155              0.8999999402204781              1.6666666666667000              1.6666666666667000
       0.84375000               1.0000073610692168              0.9999999727787351              0.5999999857422631              0.8999999786133497              1.6666666666667000              1.6666666666667000
       0.84625000               1.0000062097325555              0.9999999852730437              0.6000000002216981              0.9000000003325022              1.6666666666667000              1.6666666666667000
       0.84875000               1.0000052114898448              0.9999999950674709              0.6000000093963156              0.9000000140944283              1.6666666666667000              1.6666666666667000
       0.85125000               1.0000042130391413              1.0000000032104279              0.6000000138862183              0.9000000208292823              1.6666666666667000              1.6666666666667000
       0.85375000               1.0000032455874288              1.0000000120077148              0.6000000142502753              0.9000000213753679              1.6666666666667000              1.6666666666667000
       0.85625000               1.0000025939266217              1.0000000237351547              0.6000000094352813              0.9000000141528769              1.6666666666667000              1.6666666666667000
       0.85875000               1.0000021921767923              1.0000000313167563              0.6000000074088438              0.9000000111132208              1.6666666666667000              1.6666666666667000
       0.86125000               1.0000017832324626              1.0000000388617569              0.6000000046839457              0.9000000070258735              1.6666666666667000              1.6666666666667000
       0.86375000               1.0000015216203997              1.0000000502442514              0.5999999978781313              0.8999999968171518              1.6666666666667000              1.6666666666667000
       0.86625000               1.0000014629706664              1.0000000208261874              0.6000000320805343              0.9000000481207564              1.6666666666667000              1.6666666666667000
       0.86875000               1.0000012874512636              1.0000000362435399              0.6000000221392817              0.9000000332088774              1.6666666666667000              1.6666666666667000
       0.87125000               1.0000010985212644              1.0000000336002852              0.6000000315469850              0.9000000473204324              1.6666666666667000              1.6666666666667000
       0.87375000               1.0000010447911301              1.0000000261069224              0.6000000479093403              0.9000000718639652              1.6666666666667000              1.6666666666667000
       0.87625000               1.0000009625224944              1.0000000244217502              0.6000000617727252              0.9000000926590428              1.6666666666667000              1.6666666666667000
       0.87875000               1.0000008148379880              1.0000000334457619              0.6000000701202212              0.9000001051802867              1.6666666666667000              1.6666666666667000
       0.88125000               1.0000007549952854              1.0000000498826564              0.6000000793291383              0.9000001189936624              1.6666666666667000              1.6666666666667000
       0.88375000               1.0000007628665502              1.0000000748231537              0.6000000934343778              0.9000001401515216              1.6666666666667000              1.6666666666667000
       0.88625000               1.0000006810342033              1.0000001126876075              0.6000001158839650              0.9000001738259025              1.6666666666667000              1.6666666666667000
       0.88875000               1.0000006300686506              1.0000001656318813              0.6000001420970236              0.9000002131454903              1.6666666666667000              1.6666666666667000
       0.89125000               1.0000006347169605              1.0000002173858074              0.6000002137865701              0.9000003206798101              1.6666666666667000              1.6666666666667000
       0.89375000               1.0000004656656563              1.0000001041465714              0.6000001089063078              0.9000001633594168              1.6666666666667000              1.6666666666667000
       0.89625000               1.0000003247111309              1.0000000028657317              0.6000000123776159              0.9000000185663788              1.6666666666667000              1.6666666666667000
       0.89875000               1.0000002210692718              0.9999999195791929              0.5999999334087742              0.8999999001131164              1.6666666666667000              1.6666666666667000
       0.90125000               1.0000002212375587              0.9999999130914982              0.5999999281522159              0.8999998922282787              1.6666666666667000              1.6666666666667000
       0.90375000               1.0000001878295102              0.9999999342484333              0.5999999473081100              0.8999999209621200              1.6666666666667000              1.6666666666667000
       0.90625000               1.0000002035072928              0.9999999619358666              0.5999999692329393              0.8999999538493638              1.6666666666667000              1.6666666666667000
       0.90875000               1.0000001916180368              0.9999999839166049              0.5999999803391931              0.8999999705087447              1.6666666666667000              1.6666666666667000
       0.91125000               1.0000001296471859              1.0000000024121980              0.5999999815422279              0.8999999723132969              1.6666666666667000              1.6666666666667000
       0.91375000               1.0000000377330218              1.0000000245307006              0.5999999728307104              0.8999999592460204              1.6666666666667000              1.6666666666667000
       0.91625000               0.9999999831467448              1.0000000118084607              0.5999999944589834              0.8999999916884301              1.6666666666667000              1.6666666666667000
       0.91875000               0.9999999688622865              1.0000000094252861              0.6000000031806345              0.9000000047709067              1.6666666666667000              1.6666666666667000
       0.92125000               0.9999999750533867              1.0000000131980360              0.6000000040805407              0.9000000061207658              1.6666666666667000              1.6666666666667000
       0.92375000               1.0000000004501342              1.0000000023654536              0.6000000185680818              0.9000000278520777              1.6666666666667000              1.6666666666667000
       0.92625000               1.0000000098825677              1.0000000047941748              0.6000000192176813              0.9000000288264769              1.6666666666667000              1.6666666666667000
       0.92875000               1.0000000151264488              1.0000000070734774              0.6000000197774392              0.9000000296661137              1.6666666666667000              1.6666666666667000
       0.93125000               1.0000000189415110              1.0000000094914707              0.6000000202561963              0.9000000303842492              1.6666666666667000              1.6666666666667000
       0.93375000               1.0000000210337474              1.0000000126469781              0.6000000203618798              0.9000000305427747              1.6666666666667000              1.6666666666667000
       0.93625000               1.0000000212744276              1.0000000177977657              0.6000000192047739              0.9000000288071157              1.6666666666667000              1.6666666666667000
       0.93875000               1.0000000170909333              1.0000000281300720              0.6000000140956643              0.9000000211434515              1.6666666666667000              1.6666666666667000
       0.94125000               1.0000000064755517              1.0000000465900845              0.6000000028205527              0.9000000042307840              1.6666666666667000              1.6666666666667000
       0.94375000               1.0000000109122014              1.0000000529340334              0.6000000067768197              0.9000000101651846              1.6666666666667000              1.6666666666667000
       0.94625000               1.0000000295784561              1.0000000499799715              0.6000000250771820              0.9000000376157278              1.6666666666667000              1.6666666666667000
       0.94875000               1.0000000612479774              1.0000000423638236              0.6000000564535841              0.9000000846803312              1.6666666666667000              1.6666666666667000
       0.95125000               1.0000000939573077              1.0000000485942484              0.6000000889137720              0.9000001333706129              1.6666666666667000              1.6666666666667000
       0.95375000               1.0000001275447397              1.0000000780006362              0.6000001222750723              0.9000001834125634              1.6666666666667000              1.6666666666667000
       0.95625000               1.0000001519128210              1.0000001051836860              0.6000001464240292              0.9000002196359989              1.6666666666667000              1.6666666666667000
       0.95875000               1.0000001850114431              1.0000001436437449              0.6000001792982675              0.9000002689473563              1.6666666666667000              1.6666666666667000
       0.96125000               1.0000000457139671              1.0000000100123616              0.6000000397628467              0.9000000596442249              1.6666666666667000              1.6666666666667000
       0.96375000               0.9999999299604179              0.9999998992899808              0.5999999237551482              0.8999998856326773              1.6666666666667000              1.6666666666667000
       0.96625000               0.9999998464358162              0.9999998201424930              0.5999998399649550              0.8999997599473875              1.6666666666667000              1.6666666666667000
       0.96875000               0.9999998466365694              0.9999998245436098              0.5999998398997690              0.8999997598496084              1.6666666666667000              1.6666666666667000
       0.97125000               0.9999998775933110              0.9999998601742862              0.5999998706012353              0.8999998059018077              1.6666666666667000              1.6666666666667000
       0.97375000               0.9999999141730703              0.9999999027346267              0.5999999069396503              0.8999998604094305              1.6666666666667000              1.6666666666667000
       0.97625000               0.9999999403711433              0.9999999373471208              0.5999999329045667              0.8999998993568049              1.6666666666667000              1.6666666666667000
       0.97875000               0.9999999537653207              0.9999999636433423              0.5999999460638981              0.8999999190958019              1.6666666666667000              1.6666666666667000
       0.98125000               0.9999999568282619              0.9999999892891663              0.5999999488817259              0.8999999233225437              1.6666666666667000              1.6666666666667000
       0.98375000               0.9999999748415084              0.9999999929225337              0.5999999666370505              0.8999999499555306              1.6666666666667000              1.6666666666667000
       0.98625000               0.9999999860438198              0.9999999990926903              0.5999999775741282              0.8999999663611472              1.6666666666667000              1.6666666666667000
       0.98875000               0.9999999895424119              1.0000000105416531              0.5999999808099723              0.8999999712149134              1.6666666666667000              1.6666666666667000
       0.99125000               0.9999999858987608              1.0000000281117096              0.5999999769114840              0.8999999653671810              1.6666666666667000              1.6666666666667000
       0.99375000               1.0000000195732321              1.0000000085912280              0.6000000103368044              0.9000000155051614              1.6666666666667000              1.6666666666667000
       0.99625000               1.0000000265167679              1.0000000173410115              0.6000000170307969              0.9000000255461501              1.6666666666667000              1.6666666666667000
       0.99875000               1.0000000422395561              1.0000000204579942              0.6000000324999117              0.9000000487498226              1.6666666666667000              1.6666666666667000
