       0.00125000               1.0000000000175868              0.9999999999999987              0.5999999999999900              0.8999999999999400              1.6666666666667000              1.6666666666667000
       0.00375000               1.0000000000201505              0.9999999999999996              0.5999999999999889              0.8999999999999382              1.6666666666667000              1.6666666666667000
       0.00625000               1.0000000000251050              1.0000000000000009              0.5999999999999877              0.8999999999999363              1.6666666666667000              1.6666666666667000
       0.00875000               1.0000000000323612              0.9999999999999978              0.5999999999999900              0.8999999999999400              1.6666666666667000              1.6666666666667000
       0.01125000               1.0000000000419169              1.0000000000000004              0.5999999999999874              0.8999999999999361              1.6666666666667000              1.6666666666667000
       0.01375000               1.0000000000539775              1.0000000000000007              0.5999999999999870              0.8999999999999354              1.6666666666667000              1.6666666666667000
       0.01625000               1.0000000000690092              0.9999999999999973              0.5999999999999907              0.8999999999999408              1.6666666666667000              1.6666666666667000
       0.01875000               1.0000000000877807              1.0000000000000011              0.5999999999999870              0.8999999999999354              1.6666666666667000              1.6666666666667000
       0.02125000               1.0000000001114004              0.9999999999999976              0.5999999999999900              0.8999999999999398              1.6666666666667000              1.6666666666667000
       0.02375000               1.0000000001412463              0.9999999999999976              0.5999999999999898              0.8999999999999396              1.6666666666667000              1.6666666666667000
       0.02625000               1.0000000001790044              0.9999999999999982              0.5999999999999897              0.8999999999999395              1.6666666666667000              1.6666666666667000
       0.02875000               1.0000000002266953              0.9999999999999996              0.5999999999999879              0.8999999999999367              1.6666666666667000              1.6666666666667000
       0.03125000               1.0000000002867895              1.0000000000000016              0.5999999999999858              0.8999999999999336              1.6666666666667000              1.6666666666667000
       0.03375000               1.0000000003623526              0.9999999999999998              0.5999999999999880              0.8999999999999370              1.6666666666667000              1.6666666666667000
       0.03625000               1.0000000004572072              0.9999999999999998              0.5999999999999889              0.8999999999999382              1.6666666666667000              1.6666666666667000
       0.03875000               1.0000000005761320              1.0000000000000002              0.5999999999999869              0.8999999999999353              1.6666666666667000              1.6666666666667000
       0.04125000               1.0000000007250702              1.0000000000000038              0.5999999999999843              0.8999999999999315              1.6666666666667000              1.6666666666667000
       0.04375000               1.0000000009113925              0.9999999999999947              0.5999999999999924              0.8999999999999436              1.6666666666667000              1.6666666666667000
       0.04625000               1.0000000011441632              0.9999999999999991              0.5999999999999892              0.8999999999999387              1.6666666666667000              1.6666666666667000
       0.04875000               1.0000000014346035              1.0000000000000013              0.5999999999999865              0.8999999999999346              1.6666666666667000              1.6666666666667000
       0.05125000               1.0000000017965311              1.0000000000000004              0.5999999999999875              0.8999999999999363              1.6666666666667000              1.6666666666667000
       0.05375000               1.0000000022469557              0.9999999999999978              0.5999999999999912              0.8999999999999416              1.6666666666667000              1.6666666666667000
       0.05625000               1.0000000028067904              1.0000000000000018              0.5999999999999861              0.8999999999999342              1.6666666666667000              1.6666666666667000
       0.05875000               1.0000000035017409              1.0000000000000031              0.5999999999999853              0.8999999999999330              1.6666666666667000              1.6666666666667000
       0.06125000               1.0000000043633190              0.9999999999999956              0.5999999999999924              0.8999999999999435              1.6666666666667000              1.6666666666667000
       0.06375000               1.0000000054300899              0.9999999999999973              0.5999999999999909              0.8999999999999414              1.6666666666667000              1.6666666666667000
       0.06625000               1.0000000067492432              0.9999999999999989              0.5999999999999893              0.8999999999999390              1.6666666666667000              1.6666666666667000
       0.06875000               1.0000000083783920              1.0000000000000016              0.5999999999999862              0.8999999999999343              1.6666666666667000              1.6666666666667000
       0.07125000               1.0000000103878062              0.9999999999999996              0.5999999999999881              0.8999999999999371              1.6666666666667000              1.6666666666667000
       0.07375000               1.0000000128630600              1.0000000000000007              0.5999999999999880              0.8999999999999369              1.6666666666667000              1.6666666666667000
       0.07625000               1.0000000159082474              1.0000000000000007              0.5999999999999868              0.8999999999999352              1.6666666666667000              1.6666666666667000
       0.07875000               1.0000000196498036              0.9999999999999982              0.5999999999999902              0.8999999999999402              1.6666666666667000              1.6666666666667000
       0.08125000               1.0000000242410674              0.9999999999999998              0.5999999999999883              0.8999999999999375              1.6666666666667000              1.6666666666667000
       0.08375000               1.0000000298677809              1.0000000000000000              0.5999999999999883              0.8999999999999374              1.6666666666667000              1.6666666666667000
       0.08625000               1.0000000367546007              1.0000000000000024              0.5999999999999851              0.8999999999999326              1.6666666666667000              1.6666666666667000
       0.08875000               1.0000000451729101              0.9999999999999982              0.5999999999999889              0.8999999999999383              1.6666666666667000              1.6666666666667000
       0.09125000               1.0000000554500457              0.9999999999999987              0.5999999999999891              0.8999999999999385              1.6666666666667000              1.6666666666667000
       0.09375000               1.0000000679803287              1.0000000000000000              0.5999999999999879              0.8999999999999367              1.6666666666667000              1.6666666666667000
       0.09625000               1.0000000832380955              1.0000000000000011              0.5999999999999871              0.8999999999999355              1.6666666666667000              1.6666666666667000
       0.09875000               1.0000001017931457              1.0000000000000000              0.5999999999999881              0.8999999999999370              1.6666666666667000              1.6666666666667000
       0.10125000               1.0000001243290013              0.9999999999999984              0.5999999999999903              0.8999999999999404              1.6666666666667000              1.6666666666667000
       0.10375000               1.0000001516644588              0.9999999999999998              0.5999999999999881              0.8999999999999371              1.6666666666667000              1.6666666666667000
       0.10625000               1.0000001847790316              0.9999999999999978              0.5999999999999905              0.8999999999999408              1.6666666666667000              1.6666666666667000
       0.10875000               1.0000002248428139              0.9999999999999996              0.5999999999999885              0.8999999999999378              1.6666666666667000              1.6666666666667000
       0.11125000               1.0000002732516537              1.0000000000000004              0.5999999999999875              0.8999999999999362              1.6666666666667000              1.6666666666667000
       0.11375000               1.0000003316683514              1.0000000000000024              0.5999999999999871              0.8999999999999355              1.6666666666667000              1.6666666666667000
       0.11625000               1.0000004020709532              0.9999999999999998              0.5999999999999891              0.8999999999999385              1.6666666666667000              1.6666666666667000
       0.11875000               1.0000004868092065              1.0000000000000016              0.5999999999999868              0.8999999999999352              1.6666666666667000              1.6666666666667000
       0.12125000               1.0000005886705103              1.0000000000000009              0.5999999999999879              0.8999999999999367              1.6666666666667000              1.6666666666667000
       0.12375000               1.0000007109567430              1.0000000000000007              0.5999999999999881              0.8999999999999372              1.6666666666667000              1.6666666666667000
       0.12625000               1.0000008575737243              0.9999999999999991              0.5999999999999892              0.8999999999999387              1.6666666666667000              1.6666666666667000
       0.12875000               1.0000010331351437              0.9999999999999993              0.5999999999999894              0.8999999999999391              1.6666666666667000              1.6666666666667000
       0.13125000               1.0000012430831355              1.0000000000000013              0.5999999999999874              0.8999999999999360              1.6666666666667000              1.6666666666667000
       0.13375000               1.0000014938279416              0.9999999999999969              0.5999999999999917              0.8999999999999425              1.6666666666667000              1.6666666666667000
       0.13625000               1.0000017929093521              1.0000000000000024              0.5999999999999862              0.8999999999999342              1.6666666666667000              1.6666666666667000
       0.13875000               1.0000021491831741              1.0000000000000018              0.5999999999999867              0.8999999999999349              1.6666666666667000              1.6666666666667000
       0.14125000               1.0000025730360205              0.9999999999999964              0.5999999999999919              0.8999999999999427              1.6666666666667000              1.6666666666667000
       0.14375000               1.0000030766325021              1.0000000000000033              0.5999999999999849              0.8999999999999322              1.6666666666667000              1.6666666666667000
       0.14625000               1.0000036741992158              0.9999999999999982              0.5999999999999894              0.8999999999999392              1.6666666666667000              1.6666666666667000
       0.14875000               1.0000043823502456              1.0000000000000016              0.5999999999999870              0.8999999999999354              1.6666666666667000              1.6666666666667000
       0.15125000               1.0000052204599592              1.0000000000000018              0.5999999999999863              0.8999999999999345              1.6666666666667000              1.6666666666667000
       0.15375000               1.0000062110889130              1.0000000000000016              0.5999999999999867              0.8999999999999349              1.6666666666667000              1.6666666666667000
       0.15625000               1.0000073804698060              0.9999999999999991              0.5999999999999894              0.8999999999999391              1.6666666666667000              1.6666666666667000
       0.15875000               1.0000087590608950              1.0000000000000013              0.5999999999999867              0.8999999999999347              1.6666666666667000              1.6666666666667000
       0.16125000               1.0000103821751867              0.9999999999999996              0.5999999999999880              0.8999999999999369              1.6666666666667000              1.6666666666667000
       0.16375000               1.0000122906944344              1.0000000000000013              0.5999999999999867              0.8999999999999350              1.6666666666667000              1.6666666666667000
       0.16625000               1.0000145318780582              1.0000000000000031              0.5999999999999843              0.8999999999999315              1.6666666666667000              1.6666666666667000
       0.16875000               1.0000171602778660              1.0000000000000009              0.5999999999999870              0.8999999999999354              1.6666666666667000              1.6666666666667000
       0.17125000               1.0000202387705805              0.9999999999999984              0.5999999999999893              0.8999999999999390              1.6666666666667000              1.6666666666667000
       0.17375000               1.0000238397212418              1.0000000000000018              0.5999999999999861              0.8999999999999341              1.6666666666667000              1.6666666666667000
       0.17625000               1.0000280462916515              1.0000000000000022              0.5999999999999857              0.8999999999999334              1.6666666666667000              1.6666666666667000
       0.17875000               1.0000329539091608              0.9999999999999987              0.5999999999999888              0.8999999999999381              1.6666666666667000              1.6666666666667000
       0.18125000               1.0000386719124155              0.9999999999999984              0.5999999999999887              0.8999999999999380              1.6666666666667000              1.6666666666667000
       0.18375000               1.0000453253918877              0.9999999999999998              0.5999999999999881              0.8999999999999371              1.6666666666667000              1.6666666666667000
       0.18625000               1.0000530572442325              1.0000000000000002              0.5999999999999877              0.8999999999999363              1.6666666666667000              1.6666666666667000
       0.18875000               1.0000620304609105              1.0000000000000000              0.5999999999999873              0.8999999999999360              1.6666666666667000              1.6666666666667000
       0.19125000               1.0000724306727693              1.0000000000000000              0.5999999999999883              0.8999999999999373              1.6666666666667000              1.6666666666667000
       0.19375000               1.0000844689735660              1.0000000000000002              0.5999999999999879              0.8999999999999369              1.6666666666667000              1.6666666666667000
       0.19625000               1.0000983850466985              1.0000000000000011              0.5999999999999873              0.8999999999999360              1.6666666666667000              1.6666666666667000
       0.19875000               1.0001144506205910              1.0000000000000007              0.5999999999999872              0.8999999999999357              1.6666666666667000              1.6666666666667000
       0.20125000               1.0001329732793758              1.0000000000000009              0.5999999999999872              0.8999999999999359              1.6666666666667000              1.6666666666667000
       0.20375000               1.0001543006565177              0.9999999999999991              0.5999999999999892              0.8999999999999386              1.6666666666667000              1.6666666666667000
       0.20625000               1.0001788250399641              1.0000000000000024              0.5999999999999861              0.8999999999999341              1.6666666666667000              1.6666666666667000
       0.20875000               1.0002069884181835              0.9999999999999998              0.5999999999999888              0.8999999999999381              1.6666666666667000              1.6666666666667000
       0.21125000               1.0002392879969393              1.0000000000000016              0.5999999999999869              0.8999999999999353              1.6666666666667000              1.6666666666667000
       0.21375000               1.0002762822171576              1.0000000000000020              0.5999999999999867              0.8999999999999349              1.6666666666667000              1.6666666666667000
       0.21625000               1.0003185973040827              1.0000000000000011              0.5999999999999873              0.8999999999999360              1.6666666666667000              1.6666666666667000
       0.21875000               1.0003669343778834              0.9999999999999993              0.5999999999999888              0.8999999999999381              1.6666666666667000              1.6666666666667000
       0.22125000               1.0004220771551300              1.0000000000000009              0.5999999999999864              0.8999999999999345              1.6666666666667000              1.6666666666667000
       0.22375000               1.0004849002696123              0.9999999999999984              0.5999999999999895              0.8999999999999393              1.6666666666667000              1.6666666666667000
       0.22625000               1.0005563782393876              1.0000000000000004              0.5999999999999878              0.8999999999999365              1.6666666666667000              1.6666666666667000
       0.22875000               1.0006375951051423              0.9999999999999987              0.5999999999999891              0.8999999999999386              1.6666666666667000              1.6666666666667000
       0.23125000               1.0007297547621310              1.0000000000000002              0.5999999999999879              0.8999999999999367              1.6666666666667000              1.6666666666667000
       0.23375000               1.0008341920050279              0.9999999999999996              0.5999999999999889              0.8999999999999383              1.6666666666667000              1.6666666666667000
       0.23625000               1.0009523843009633              1.0000000000000007              0.5999999999999878              0.8999999999999366              1.6666666666667000              1.6666666666667000
       0.23875000               1.0010859643015921              0.9999999999999991              0.5999999999999885              0.8999999999999377              1.6666666666667000              1.6666666666667000
       0.24125000               1.0012367330995449              1.0000000000000004              0.5999999999999874              0.8999999999999361              1.6666666666667000              1.6666666666667000
       0.24375000               1.0014066742285563              1.0000000000000009              0.5999999999999867              0.8999999999999351              1.6666666666667000              1.6666666666667000
       0.24625000               1.0015979683993932              1.0000000000000004              0.5999999999999870              0.8999999999999354              1.6666666666667000              1.6666666666667000
       0.24875000               1.0018130089558219              0.9999999999999998              0.5999999999999874              0.8999999999999361              1.6666666666667000              1.6666666666667000
       0.25125000               1.0020544180259545              0.9999999999999980              0.5999999999999894              0.8999999999999391              1.6666666666667000              1.6666666666667000
       0.25375000               1.0023250633344043              0.9999999999999998              0.5999999999999877              0.8999999999999364              1.6666666666667000              1.6666666666667000
       0.25625000               1.0026280756299464              1.0000000000000018              0.5999999999999862              0.8999999999999344              1.6666666666667000              1.6666666666667000
       0.25875000               1.0029668666715035              0.9999999999999982              0.5999999999999901              0.8999999999999401              1.6666666666667000              1.6666666666667000
       0.26125000               1.0033451477025443              1.0000000000000009              0.5999999999999874              0.8999999999999362              1.6666666666667000              1.6666666666667000
       0.26375000               1.0037669483303866              0.9999999999999991              0.5999999999999889              0.8999999999999383              1.6666666666667000              1.6666666666667000
       0.26625000               1.0042366357120633              1.0000000000000002              0.5999999999999879              0.8999999999999367              1.6666666666667000              1.6666666666667000
       0.26875000               1.0047589339333174              1.0000000000000007              0.5999999999999874              0.8999999999999362              1.6666666666667000              1.6666666666667000
       0.27125000               1.0053389434507893              1.0000000000000000              0.5999999999999882              0.8999999999999372              1.6666666666667000              1.6666666666667000
       0.27375000               1.0059821604508408              1.0000000000000024              0.5999999999999864              0.8999999999999345              1.6666666666667000              1.6666666666667000
       0.27625000               1.0066944959609656              0.9999999999999982              0.5999999999999901              0.8999999999999402              1.6666666666667000              1.6666666666667000
       0.27875000               1.0074822945318975              1.0000000000000020              0.5999999999999860              0.8999999999999340              1.6666666666667000              1.6666666666667000
       0.28125000               1.0083523522906674              1.0000000000000000              0.5999999999999882              0.8999999999999372              1.6666666666667000              1.6666666666667000
       0.28375000               1.0093119341464527              1.0000000000000002              0.5999999999999872              0.8999999999999359              1.6666666666667000              1.6666666666667000
       0.28625000               1.0103687899134781              0.9999999999999991              0.5999999999999891              0.8999999999999385              1.6666666666667000              1.6666666666667000
       0.28875000               1.0115311690973183              0.9999999999999989              0.5999999999999884              0.8999999999999376              1.6666666666667000              1.6666666666667000
       0.29125000               1.0128078340742741              1.0000000000000013              0.5999999999999867              0.8999999999999349              1.6666666666667000              1.6666666666667000
       0.29375000               1.0142080713772947              0.9999999999999980              0.5999999999999899              0.8999999999999397              1.6666666666667000              1.6666666666667000
       0.29625000               1.0157417007871643              1.0000000000000004              0.5999999999999878              0.8999999999999365              1.6666666666667000              1.6666666666667000
       0.29875000               1.0174190819143965              0.9999999999999991              0.5999999999999889              0.8999999999999383              1.6666666666667000              1.6666666666667000
       0.30125000               1.0192511179456567              1.0000000000000007              0.5999999999999869              0.8999999999999354              1.6666666666667000              1.6666666666667000
       0.30375000               1.0212492562194482              0.9999999999999982              0.5999999999999893              0.8999999999999390              1.6666666666667000              1.6666666666667000
       0.30625000               1.0234254852887836              1.0000000000000002              0.5999999999999878              0.8999999999999367              1.6666666666667000              1.6666666666667000
       0.30875000               1.0257923281248900              1.0000000000000004              0.5999999999999874              0.8999999999999360              1.6666666666667000              1.6666666666667000
       0.31125000               1.0283628311150970              1.0000000000000004              0.5999999999999878              0.8999999999999365              1.6666666666667000              1.6666666666667000
       0.31375000               1.0311505485111188              1.0000000000000016              0.5999999999999858              0.8999999999999336              1.6666666666667000              1.6666666666667000
       0.31625000               1.0341695219906428              1.0000000000000004              0.5999999999999874              0.8999999999999361              1.6666666666667000              1.6666666666667000
       0.31875000               1.0374342550061051              1.0000000000000002              0.5999999999999878              0.8999999999999365              1.6666666666667000              1.6666666666667000
       0.32125000               1.0409596816101774              1.0000000000000007              0.5999999999999875              0.8999999999999363              1.6666666666667000              1.6666666666667000
       0.32375000               1.0447611294676198              0.9999999999999989              0.5999999999999893              0.8999999999999390              1.6666666666667000              1.6666666666667000
       0.32625000               1.0488542767885356              1.0000000000000009              0.5999999999999873              0.8999999999999359              1.6666666666667000              1.6666666666667000
       0.32875000               1.0532551029485471              1.0000000000000000              0.5999999999999884              0.8999999999999377              1.6666666666667000              1.6666666666667000
       0.33125000               1.0579798325970744              1.0000000000000016              0.5999999999999865              0.8999999999999347              1.6666666666667000              1.6666666666667000
       0.33375000               1.0630448730962716              1.0000000000000007              0.5999999999999877              0.8999999999999363              1.6666666666667000              1.6666666666667000
       0.33625000               1.0684667451795380              1.0000000000000011              0.5999999999999869              0.8999999999999352              1.6666666666667000              1.6666666666667000
       0.33875000               1.0742620067706645              1.0000000000000009              0.5999999999999871              0.8999999999999356              1.6666666666667000              1.6666666666667000
       0.34125000               1.0804471699616220              1.0000000000000009              0.5999999999999877              0.8999999999999363              1.6666666666667000              1.6666666666667000
       0.34375000               1.0870386112093358              1.0000000000000011              0.5999999999999873              0.8999999999999359              1.6666666666667000              1.6666666666667000
       0.34625000               1.0940524748785441              1.0000000000000002              0.5999999999999884              0.8999999999999375              1.6666666666667000              1.6666666666667000
       0.34875000               1.1015045703290545              0.9999999999999996              0.5999999999999891              0.8999999999999386              1.6666666666667000              1.6666666666667000
       0.35125000               1.1094102628208429              0.9999999999999996              0.5999999999999889              0.8999999999999381              1.6666666666667000              1.6666666666667000
       0.35375000               1.1177843585887179              0.9999999999999992              0.5999999999999889              0.8999999999999383              1.6666666666667000              1.6666666666667000
       0.35625000               1.1266409845193615              0.9999999999999988              0.5999999999999888              0.8999999999999381              1.6666666666667000              1.6666666666667000
       0.35875000               1.1359934629464896              0.9999999999999992              0.5999999999999892              0.8999999999999386              1.6666666666667000              1.6666666666667000
       0.36125000               1.1458541821639501              0.9999999999999994              0.5999999999999889              0.8999999999999382              1.6666666666667000              1.6666666666667000
       0.36375000               1.1562344633408175              1.0000000000000004              0.5999999999999877              0.8999999999999364              1.6666666666667000              1.6666666666667000
       0.36625000               1.1671444246060798              0.9999999999999998              0.5999999999999888              0.8999999999999380              1.6666666666667000              1.6666666666667000
       0.36875000               1.1785928431522432              1.0000000000000000              0.5999999999999880              0.8999999999999369              1.6666666666667000              1.6666666666667000
       0.37125000               1.1905870162861416              0.9999999999999991              0.5999999999999894              0.8999999999999392              1.6666666666667000              1.6666666666667000
       0.37375000               1.2031326224300292              0.9999999999999998              0.5999999999999881              0.8999999999999372              1.6666666666667000              1.6666666666667000
       0.37625000               1.2162335831458824              0.9999999999999997              0.5999999999999885              0.8999999999999377              1.6666666666667000              1.6666666666667000
       0.37875000               1.2298919273191478              0.9999999999999998              0.5999999999999879              0.8999999999999367              1.6666666666667000              1.6666666666667000
       0.38125000               1.2441076586943427              0.9999999999999994              0.5999999999999884              0.8999999999999375              1.6666666666667000              1.6666666666667000
       0.38375000               1.2588786280022994              1.0000000000000004              0.5999999999999878              0.8999999999999365              1.6666666666667000              1.6666666666667000
       0.38625000               1.2742004109566172              1.0000000000000004              0.5999999999999875              0.8999999999999363              1.6666666666667000              1.6666666666667000
       0.38875000               1.2900661934236117              1.0000000000000009              0.5999999999999872              0.8999999999999357              1.6666666666667000              1.6666666666667000
       0.39125000               1.3064666650851045              1.0000000000000007              0.5999999999999874              0.8999999999999361              1.6666666666667000              1.6666666666667000
       0.39375000               1.3233899229159085              1.0000000000000002              0.5999999999999879              0.8999999999999369              1.6666666666667000              1.6666666666667000
       0.39625000               1.3408213857872087              1.0000000000000002              0.5999999999999875              0.8999999999999363              1.6666666666667000              1.6666666666667000
       0.39875000               1.3587437214823892              1.0000000000000000              0.5999999999999883              0.8999999999999374              1.6666666666667000              1.6666666666667000
       0.40125000               1.3771367873719635              1.0000000000000000              0.5999999999999891              0.8999999999999385              1.6666666666667000              1.6666666666667000
       0.40375000               1.3959775859390360              0.9999999999999996              0.5999999999999889              0.8999999999999384              1.6666666666667000              1.6666666666667000
       0.40625000               1.4152402362763872              1.0000000000000007              0.5999999999999879              0.8999999999999369              1.6666666666667000              1.6666666666667000
       0.40875000               1.4348959625919155              1.0000000000000007              0.5999999999999882              0.8999999999999372              1.6666666666667000              1.6666666666667000
       0.41125000               1.4549131006609524              0.9999999999999997              0.5999999999999884              0.8999999999999375              1.6666666666667000              1.6666666666667000
       0.41375000               1.4752571230505469              1.0000000000000007              0.5999999999999874              0.8999999999999362              1.6666666666667000              1.6666666666667000
       0.41625000               1.4958906838108532              0.9999999999999997              0.5999999999999883              0.8999999999999373              1.6666666666667000              1.6666666666667000
       0.41875000               1.5167736831835463              0.9999999999999999              0.5999999999999885              0.8999999999999377              1.6666666666667000              1.6666666666667000
       0.42125000               1.5378633527214587              1.0000000000000007              0.5999999999999871              0.8999999999999356              1.6666666666667000              1.6666666666667000
       0.42375000               1.5591143610525275              1.0000000000000004              0.5999999999999874              0.8999999999999361              1.6666666666667000              1.6666666666667000
       0.42625000               1.5804789403550161              1.0000000000000002              0.5999999999999878              0.8999999999999366              1.6666666666667000              1.6666666666667000
       0.42875000               1.6019070334332861              0.9999999999999999              0.5999999999999872              0.8999999999999357              1.6666666666667000              1.6666666666667000
       0.43125000               1.6233464610874864              1.0000000000000002              0.5999999999999881              0.8999999999999371              1.6666666666667000              1.6666666666667000
       0.43375000               1.6447431092600657              0.9999999999999998              0.5999999999999877              0.8999999999999365              1.6666666666667000              1.6666666666667000
       0.43625000               1.6660411352356774              0.9999999999999998              0.5999999999999883              0.8999999999999375              1.6666666666667000              1.6666666666667000
       0.43875000               1.6871831919900433              0.9999999999999994              0.5999999999999888              0.8999999999999382              1.6666666666667000              1.6666666666667000
       0.44125000               1.7081106696295378              0.9999999999999990              0.5999999999999893              0.8999999999999390              1.6666666666667000              1.6666666666667000
       0.44375000               1.7287639527063305              0.9999999999999989              0.5999999999999887              0.8999999999999380              1.6666666666667000              1.6666666666667000
       0.44625000               1.7490826919929656              0.9999999999999991              0.5999999999999891              0.8999999999999386              1.6666666666667000              1.6666666666667000
       0.44875000               1.7690060890466168              0.9999999999999994              0.5999999999999890              0.8999999999999384              1.6666666666667000              1.6666666666667000
       0.45125000               1.7884731916450236              1.0000000000000000              0.5999999999999882              0.8999999999999372              1.6666666666667000              1.6666666666667000
       0.45375000               1.8074231980323141              0.9999999999999997              0.5999999999999885              0.8999999999999378              1.6666666666667000              1.6666666666667000
       0.45625000               1.8257957679297032              0.9999999999999996              0.5999999999999889              0.8999999999999383              1.6666666666667000              1.6666666666667000
       0.45875000               1.8435313383728595              0.9999999999999998              0.5999999999999891              0.8999999999999386              1.6666666666667000              1.6666666666667000
       0.46125000               1.8605714424414008              1.0000000000000002              0.5999999999999885              0.8999999999999378              1.6666666666667000              1.6666666666667000
       0.46375000               1.8768590286657945              1.0000000000000007              0.5999999999999882              0.8999999999999373              1.6666666666667000              1.6666666666667000
       0.46625000               1.8923387783549221              1.0000000000000013              0.5999999999999873              0.8999999999999360              1.6666666666667000              1.6666666666667000
       0.46875000               1.9069574175983253              1.0000000000000011              0.5999999999999870              0.8999999999999355              1.6666666666667000              1.6666666666667000
       0.47125000               1.9206640207236005              1.0000000000000013              0.5999999999999877              0.8999999999999363              1.6666666666667000              1.6666666666667000
       0.47375000               1.9334103027954848              1.0000000000000013              0.5999999999999868              0.8999999999999351              1.6666666666667000              1.6666666666667000
       0.47625000               1.9451509000632057              1.0000000000000007              0.5999999999999877              0.8999999999999364              1.6666666666667000              1.6666666666667000
       0.47875000               1.9558436382750097              1.0000000000000004              0.5999999999999872              0.8999999999999359              1.6666666666667000              1.6666666666667000
       0.48125000               1.9654497885171278              1.0000000000000007              0.5999999999999880              0.8999999999999370              1.6666666666667000              1.6666666666667000
       0.48375000               1.9739343082661627              1.0000000000000009              0.5999999999999875              0.8999999999999364              1.6666666666667000              1.6666666666667000
       0.48625000               1.9812660622974729              1.0000000000000009              0.5999999999999885              0.8999999999999376              1.6666666666667000              1.6666666666667000
       0.48875000               1.9874180156286088              1.0000000000000009              0.5999999999999872              0.8999999999999359              1.6666666666667000              1.6666666666667000
       0.49125000               1.9923673908357586              1.0000000000000011              0.5999999999999878              0.8999999999999366              1.6666666666667000              1.6666666666667000
       0.49375000               1.9960957863839455              1.0000000000000016              0.5999999999999872              0.8999999999999357              1.6666666666667000              1.6666666666667000
       0.49625000               1.9985892616667278              1.0000000000000007              0.5999999999999878              0.8999999999999366              1.6666666666667000              1.6666666666667000
       0.49875000               1.9998384087832499              0.9999999999999999              0.5999999999999885              0.8999999999999377              1.6666666666667000              1.6666666666667000
       0.50125000               1.9998384489624792              1.0000000000000002              0.5999999999999882              0.8999999999999373              1.6666666666667000              1.6666666666667000
       0.50375000               1.9985893647577124              0.9999999999999999              0.5999999999999885              0.8999999999999377              1.6666666666667000              1.6666666666667000
       0.50625000               1.9960959148216537              0.9999999999999994              0.5999999999999897              0.8999999999999394              1.6666666666667000              1.6666666666667000
       0.50875000               1.9923675095834654              0.9999999999999993              0.5999999999999899              0.8999999999999397              1.6666666666667000              1.6666666666667000
       0.51125000               1.9874181072497366              0.9999999999999999              0.5999999999999891              0.8999999999999386              1.6666666666667000              1.6666666666667000
       0.51375000               1.9812661292765736              1.0000000000000000              0.5999999999999888              0.8999999999999380              1.6666666666667000              1.6666666666667000
       0.51625000               1.9739343661595463              1.0000000000000002              0.5999999999999879              0.8999999999999367              1.6666666666667000              1.6666666666667000
       0.51875000               1.9654498556502493              1.0000000000000004              0.5999999999999884              0.8999999999999375              1.6666666666667000              1.6666666666667000
       0.52125000               1.9558437273481553              0.9999999999999999              0.5999999999999882              0.8999999999999373              1.6666666666667000              1.6666666666667000
       0.52375000               1.9451510146238364              0.9999999999999996              0.5999999999999887              0.8999999999999380              1.6666666666667000              1.6666666666667000
       0.52625000               1.9334104386600139              0.9999999999999992              0.5999999999999894              0.8999999999999391              1.6666666666667000              1.6666666666667000
       0.52875000               1.9206641702318186              1.0000000000000000              0.5999999999999887              0.8999999999999378              1.6666666666667000              1.6666666666667000
       0.53125000               1.9069575738971571              0.9999999999999994              0.5999999999999889              0.8999999999999384              1.6666666666667000              1.6666666666667000
       0.53375000               1.8923389377184385              0.9999999999999994              0.5999999999999890              0.8999999999999385              1.6666666666667000              1.6666666666667000
       0.53625000               1.8768591904195802              0.9999999999999999              0.5999999999999888              0.8999999999999382              1.6666666666667000              1.6666666666667000
       0.53875000               1.8605716073900156              1.0000000000000000              0.5999999999999883              0.8999999999999374              1.6666666666667000              1.6666666666667000
       0.54125000               1.8435315070939866              1.0000000000000002              0.5999999999999888              0.8999999999999381              1.6666666666667000              1.6666666666667000
       0.54375000               1.8257959398924442              0.9999999999999999              0.5999999999999882              0.8999999999999373              1.6666666666667000              1.6666666666667000
       0.54625000               1.8074233717032482              0.9999999999999999              0.5999999999999884              0.8999999999999375              1.6666666666667000              1.6666666666667000
       0.54875000               1.7884733651326050              1.0000000000000004              0.5999999999999879              0.8999999999999369              1.6666666666667000              1.6666666666667000
       0.55125000               1.7690062606967196              1.0000000000000007              0.5999999999999882              0.8999999999999371              1.6666666666667000              1.6666666666667000
       0.55375000               1.7490828606061641              1.0000000000000007              0.5999999999999875              0.8999999999999362              1.6666666666667000              1.6666666666667000
       0.55625000               1.7287641174071862              1.0000000000000000              0.5999999999999882              0.8999999999999373              1.6666666666667000              1.6666666666667000
       0.55875000               1.7081108296214746              0.9999999999999998              0.5999999999999882              0.8999999999999372              1.6666666666667000              1.6666666666667000
       0.56125000               1.6871833464060011              1.0000000000000002              0.5999999999999877              0.8999999999999364              1.6666666666667000              1.6666666666667000
       0.56375000               1.6660412831450173              1.0000000000000000              0.5999999999999875              0.8999999999999363              1.6666666666667000              1.6666666666667000
       0.56625000               1.6447432497628429              0.9999999999999998              0.5999999999999881              0.8999999999999370              1.6666666666667000              1.6666666666667000
       0.56875000               1.6233465933968543              1.0000000000000011              0.5999999999999868              0.8999999999999352              1.6666666666667000              1.6666666666667000
       0.57125000               1.6019071568970522              0.9999999999999994              0.5999999999999878              0.8999999999999366              1.6666666666667000              1.6666666666667000
       0.57375000               1.5804790544307370              1.0000000000000004              0.5999999999999863              0.8999999999999345              1.6666666666667000              1.6666666666667000
       0.57625000               1.5591144652771425              1.0000000000000007              0.5999999999999873              0.8999999999999360              1.6666666666667000              1.6666666666667000
       0.57875000               1.5378634467018368              1.0000000000000004              0.5999999999999874              0.8999999999999362              1.6666666666667000              1.6666666666667000
       0.58125000               1.5167737666065173              1.0000000000000004              0.5999999999999879              0.8999999999999367              1.6666666666667000              1.6666666666667000
       0.58375000               1.4958907564564257              0.9999999999999991              0.5999999999999887              0.8999999999999380              1.6666666666667000              1.6666666666667000
       0.58625000               1.4752571847960947              0.9999999999999994              0.5999999999999885              0.8999999999999378              1.6666666666667000              1.6666666666667000
       0.58875000               1.4549131514759666              1.0000000000000000              0.5999999999999882              0.8999999999999374              1.6666666666667000              1.6666666666667000
       0.59125000               1.4348960025300093              1.0000000000000013              0.5999999999999859              0.8999999999999337              1.6666666666667000              1.6666666666667000
       0.59375000               1.4152402654699188              1.0000000000000027              0.5999999999999844              0.8999999999999315              1.6666666666667000              1.6666666666667000
       0.59625000               1.3959776045965802              1.0000000000000013              0.5999999999999858              0.8999999999999336              1.6666666666667000              1.6666666666667000
       0.59875000               1.3771367957758871              0.9999999999999993              0.5999999999999877              0.8999999999999364              1.6666666666667000              1.6666666666667000
       0.60125000               1.3587437199843797              0.9999999999999989              0.5999999999999881              0.8999999999999370              1.6666666666667000              1.6666666666667000
       0.60375000               1.3408213748018845              0.9999999999999980              0.5999999999999900              0.8999999999999398              1.6666666666667000              1.6666666666667000
       0.60625000               1.3233899029138601              0.9999999999999990              0.5999999999999887              0.8999999999999377              1.6666666666667000              1.6666666666667000
       0.60875000               1.3064666365863384              0.9999999999999981              0.5999999999999904              0.8999999999999405              1.6666666666667000              1.6666666666667000
       0.61125000               1.2900661569912930              0.9999999999999971              0.5999999999999901              0.8999999999999402              1.6666666666667000              1.6666666666667000
       0.61375000               1.2742003671906639              0.9999999999999978              0.5999999999999893              0.8999999999999388              1.6666666666667000              1.6666666666667000
       0.61625000               1.2588785775325544              0.9999999999999997              0.5999999999999881              0.8999999999999371              1.6666666666667000              1.6666666666667000
       0.61875000               1.2441076021735518              1.0000000000000007              0.5999999999999870              0.8999999999999355              1.6666666666667000              1.6666666666667000
       0.62125000               1.2298918654160522              1.0000000000000004              0.5999999999999871              0.8999999999999355              1.6666666666667000              1.6666666666667000
       0.62375000               1.2162335165386007              0.9999999999999997              0.5999999999999882              0.8999999999999373              1.6666666666667000              1.6666666666667000
       0.62625000               1.2031325517997256              1.0000000000000004              0.5999999999999875              0.8999999999999363              1.6666666666667000              1.6666666666667000
       0.62875000               1.1905869423109248              1.0000000000000007              0.5999999999999868              0.8999999999999351              1.6666666666667000              1.6666666666667000
       0.63125000               1.1785927665013254              0.9999999999999954              0.5999999999999924              0.8999999999999436              1.6666666666667000              1.6666666666667000
       0.63375000               1.1671443459342532              0.9999999999999963              0.5999999999999917              0.8999999999999423              1.6666666666667000              1.6666666666667000
       0.63625000               1.1562343832834461              0.9999999999999989              0.5999999999999889              0.8999999999999383              1.6666666666667000              1.6666666666667000
       0.63875000               1.1458541013323906              1.0000000000000013              0.5999999999999865              0.8999999999999347              1.6666666666667000              1.6666666666667000
       0.64125000               1.1359933819240060              1.0000000000000009              0.5999999999999867              0.8999999999999349              1.6666666666667000              1.6666666666667000
       0.64375000               1.1266409038575098              1.0000000000000016              0.5999999999999858              0.8999999999999335              1.6666666666667000              1.6666666666667000
       0.64625000               1.1177842788042467              1.0000000000000009              0.5999999999999864              0.8999999999999345              1.6666666666667000              1.6666666666667000
       0.64875000               1.1094101843931099              1.0000000000000020              0.5999999999999854              0.8999999999999330              1.6666666666667000              1.6666666666667000
       0.65125000               1.1015044936979823              1.0000000000000022              0.5999999999999860              0.8999999999999341              1.6666666666667000              1.6666666666667000
       0.65375000               1.0940524004430743              1.0000000000000029              0.5999999999999848              0.8999999999999321              1.6666666666667000              1.6666666666667000
       0.65625000               1.0870385393263926              1.0000000000000011              0.5999999999999865              0.8999999999999347              1.6666666666667000              1.6666666666667000
       0.65875000               1.0804471009455374              0.9999999999999996              0.5999999999999889              0.8999999999999383              1.6666666666667000              1.6666666666667000
       0.66125000               1.0742619408930849              0.9999999999999988              0.5999999999999892              0.8999999999999387              1.6666666666667000              1.6666666666667000
       0.66375000               1.0684666826697586              0.9999999999999986              0.5999999999999897              0.8999999999999394              1.6666666666667000              1.6666666666667000
       0.66625000               1.0630448141419633              0.9999999999999998              0.5999999999999879              0.8999999999999369              1.6666666666667000              1.6666666666667000
       0.66875000               1.0579797773454056              1.0000000000000013              0.5999999999999867              0.8999999999999349              1.6666666666667000              1.6666666666667000
       0.67125000               1.0532550515076051              1.0000000000000000              0.5999999999999882              0.8999999999999372              1.6666666666667000              1.6666666666667000
       0.67375000               1.0488542292290655              0.9999999999999998              0.5999999999999881              0.8999999999999371              1.6666666666667000              1.6666666666667000
       0.67625000               1.0447610858250065              1.0000000000000016              0.5999999999999865              0.8999999999999347              1.6666666666667000              1.6666666666667000
       0.67875000               1.0409596418866687              1.0000000000000002              0.5999999999999882              0.8999999999999373              1.6666666666667000              1.6666666666667000
       0.68125000               1.0374342191731758              0.9999999999999963              0.5999999999999915              0.8999999999999422              1.6666666666667000              1.6666666666667000
       0.68375000               1.0341694899915179              0.9999999999999952              0.5999999999999931              0.8999999999999446              1.6666666666667000              1.6666666666667000
       0.68625000               1.0311505202633902              0.9999999999999989              0.5999999999999887              0.8999999999999378              1.6666666666667000              1.6666666666667000
       0.68875000               1.0283628065134143              0.9999999999999993              0.5999999999999889              0.8999999999999382              1.6666666666667000              1.6666666666667000
       0.69125000               1.0257923070436665              1.0000000000000029              0.5999999999999853              0.8999999999999330              1.6666666666667000              1.6666666666667000
       0.69375000               1.0234254675849133              0.9999999999999991              0.5999999999999889              0.8999999999999383              1.6666666666667000              1.6666666666667000
       0.69625000               1.0212492417349603              0.9999999999999989              0.5999999999999883              0.8999999999999374              1.6666666666667000              1.6666666666667000
       0.69875000               1.0192511065103522              0.9999999999999950              0.5999999999999921              0.8999999999999431              1.6666666666667000              1.6666666666667000
       0.70125000               1.0174190733483368              0.9999999999999998              0.5999999999999878              0.8999999999999367              1.6666666666667000              1.6666666666667000
       0.70375000               1.0157416949031284              1.0000000000000011              0.5999999999999864              0.8999999999999345              1.6666666666667000              1.6666666666667000
       0.70625000               1.0142080679830459              0.9999999999999952              0.5999999999999923              0.8999999999999435              1.6666666666667000              1.6666666666667000
       0.70875000               1.0128078329747039              1.0000000000000024              0.5999999999999851              0.8999999999999326              1.6666666666667000              1.6666666666667000
       0.71125000               1.0115311700964731              0.9999999999999991              0.5999999999999890              0.8999999999999384              1.6666666666667000              1.6666666666667000
       0.71375000               1.0103687928163627              1.0000000000000016              0.5999999999999862              0.8999999999999343              1.6666666666667000              1.6666666666667000
       0.71625000               1.0093119387607183              0.9999999999999973              0.5999999999999900              0.8999999999999400              1.6666666666667000              1.6666666666667000
       0.71875000               1.0083523584280660              1.0000000000000011              0.5999999999999862              0.8999999999999343              1.6666666666667000              1.6666666666667000
       0.72125000               1.0074823020096351              1.0000000000000031              0.5999999999999849              0.8999999999999322              1.6666666666667000              1.6666666666667000
       0.72375000               1.0066945046028140              1.0000000000000036              0.5999999999999844              0.8999999999999316              1.6666666666667000              1.6666666666667000
       0.72625000               1.0059821700881368              0.9999999999999953              0.5999999999999932              0.8999999999999448              1.6666666666667000              1.6666666666667000
       0.72875000               1.0053389539231785              0.9999999999999980              0.5999999999999901              0.8999999999999401              1.6666666666667000              1.6666666666667000
       0.73125000               1.0047589450894476              1.0000000000000036              0.5999999999999841              0.8999999999999312              1.6666666666667000              1.6666666666667000
       0.73375000               1.0042366474100686              0.9999999999999998              0.5999999999999879              0.8999999999999367              1.6666666666667000              1.6666666666667000
       0.73625000               1.0037669604382058              1.0000000000000011              0.5999999999999863              0.8999999999999345              1.6666666666667000              1.6666666666667000
       0.73875000               1.0033451600981620              1.0000000000000000              0.5999999999999880              0.8999999999999370              1.6666666666667000              1.6666666666667000
       0.74125000               1.0029668792430171              0.9999999999999944              0.5999999999999932              0.8999999999999447              1.6666666666667000              1.6666666666667000
       0.74375000               1.0026280882755481              0.9999999999999987              0.5999999999999889              0.8999999999999383              1.6666666666667000              1.6666666666667000
       0.74625000               1.0023250759622608              1.0000000000000011              0.5999999999999861              0.8999999999999342              1.6666666666667000              1.6666666666667000
       0.74875000               1.0020544305540107              0.9999999999999973              0.5999999999999907              0.8999999999999410              1.6666666666667000              1.6666666666667000
       0.75125000               1.0018130213114931              0.9999999999999971              0.5999999999999905              0.8999999999999407              1.6666666666667000              1.6666666666667000
       0.75375000               1.0015979805192190              1.0000000000000004              0.5999999999999873              0.8999999999999360              1.6666666666667000              1.6666666666667000
       0.75625000               1.0014066860577935              1.0000000000000058              0.5999999999999819              0.8999999999999277              1.6666666666667000              1.6666666666667000
       0.75875000               1.0012367445917190              0.9999999999999980              0.5999999999999892              0.8999999999999386              1.6666666666667000              1.6666666666667000
       0.76125000               1.0010859754179799              1.0000000000000013              0.5999999999999863              0.8999999999999344              1.6666666666667000              1.6666666666667000
       0.76375000               1.0009523950101151              1.0000000000000020              0.5999999999999861              0.8999999999999342              1.6666666666667000              1.6666666666667000
       0.76625000               1.0008342022822150              1.0000000000000040              0.5999999999999840              0.8999999999999310              1.6666666666667000              1.6666666666667000
       0.76875000               1.0007297645888311              1.0000000000000000              0.5999999999999881              0.8999999999999371              1.6666666666667000              1.6666666666667000
       0.77125000               1.0006376044684719              1.0000000000000007              0.5999999999999871              0.8999999999999355              1.6666666666667000              1.6666666666667000
       0.77375000               1.0005563871315883              0.9999999999999984              0.5999999999999901              0.8999999999999401              1.6666666666667000              1.6666666666667000
       0.77625000               1.0004849086874996              0.9999999999999998              0.5999999999999884              0.8999999999999375              1.6666666666667000              1.6666666666667000
       0.77875000               1.0004220850996037              0.9999999999999998              0.5999999999999889              0.8999999999999382              1.6666666666667000              1.6666666666667000
       0.78125000               1.0003669418534176              0.9999999999999947              0.5999999999999933              0.8999999999999448              1.6666666666667000              1.6666666666667000
       0.78375000               1.0003186043182588              1.0000000000000024              0.5999999999999862              0.8999999999999343              1.6666666666667000              1.6666666666667000
       0.78625000               1.0002762887802448              1.0000000000000031              0.5999999999999857              0.8999999999999334              1.6666666666667000              1.6666666666667000
       0.78875000               1.0002392941214588              1.0000000000000004              0.5999999999999874              0.8999999999999362              1.6666666666667000              1.6666666666667000
       0.79125000               1.0002069941185179              1.0000000000000020              0.5999999999999870              0.8999999999999354              1.6666666666667000              1.6666666666667000
       0.79375000               1.0001788303320103              0.9999999999999984              0.5999999999999895              0.8999999999999393              1.6666666666667000              1.6666666666667000
       0.79625000               1.0001543055573150              1.0000000000000016              0.5999999999999869              0.8999999999999352              1.6666666666667000              1.6666666666667000
       0.79875000               1.0001329778068355              1.0000000000000009              0.5999999999999872              0.8999999999999359              1.6666666666667000              1.6666666666667000
       0.80125000               1.0001144547932062              1.0000000000000013              0.5999999999999863              0.8999999999999344              1.6666666666667000              1.6666666666667000
       0.80375000               1.0000983888833195              0.9999999999999973              0.5999999999999907              0.8999999999999410              1.6666666666667000              1.6666666666667000
       0.80625000               1.0000844724931779              0.9999999999999984              0.5999999999999892              0.8999999999999387              1.6666666666667000              1.6666666666667000
       0.80875000               1.0000724338943234              1.0000000000000002              0.5999999999999874              0.8999999999999362              1.6666666666667000              1.6666666666667000
       0.81125000               1.0000620334031611              1.0000000000000004              0.5999999999999875              0.8999999999999363              1.6666666666667000              1.6666666666667000
       0.81375000               1.0000530599255812              0.9999999999999989              0.5999999999999894              0.8999999999999391              1.6666666666667000              1.6666666666667000
       0.81625000               1.0000453278302601              1.0000000000000011              0.5999999999999863              0.8999999999999345              1.6666666666667000              1.6666666666667000
       0.81875000               1.0000386741251817              0.9999999999999960              0.5999999999999919              0.8999999999999427              1.6666666666667000              1.6666666666667000
       0.82125000               1.0000329559130285              0.9999999999999976              0.5999999999999901              0.8999999999999401              1.6666666666667000              1.6666666666667000
       0.82375000               1.0000280481026376              0.9999999999999978              0.5999999999999905              0.8999999999999407              1.6666666666667000              1.6666666666667000
       0.82625000               1.0000238413546017              0.9999999999999980              0.5999999999999899              0.8999999999999397              1.6666666666667000              1.6666666666667000
       0.82875000               1.0000202402407943              0.9999999999999998              0.5999999999999882              0.8999999999999374              1.6666666666667000              1.6666666666667000
       0.83125000               1.0000171615986237              1.0000000000000033              0.5999999999999844              0.8999999999999316              1.6666666666667000              1.6666666666667000
       0.83375000               1.0000145330622467              1.0000000000000002              0.5999999999999874              0.8999999999999361              1.6666666666667000              1.6666666666667000
       0.83625000               1.0000122917541248              0.9999999999999987              0.5999999999999898              0.8999999999999395              1.6666666666667000              1.6666666666667000
       0.83875000               1.0000103831216554              0.9999999999999982              0.5999999999999895              0.8999999999999393              1.6666666666667000              1.6666666666667000
       0.84125000               1.0000087599046350              1.0000000000000058              0.5999999999999815              0.8999999999999273              1.6666666666667000              1.6666666666667000
       0.84375000               1.0000073812205694              0.9999999999999982              0.5999999999999888              0.8999999999999380              1.6666666666667000              1.6666666666667000
       0.84625000               1.0000062117557049              0.9999999999999989              0.5999999999999889              0.8999999999999382              1.6666666666667000              1.6666666666667000
       0.84875000               1.0000052210510824              0.9999999999999971              0.5999999999999899              0.8999999999999398              1.6666666666667000              1.6666666666667000
       0.85125000               1.0000043828733296              0.9999999999999964              0.5999999999999908              0.8999999999999411              1.6666666666667000              1.6666666666667000
       0.85375000               1.0000036746612466              0.9999999999999984              0.5999999999999888              0.8999999999999381              1.6666666666667000              1.6666666666667000
       0.85625000               1.0000030770398758              1.0000000000000033              0.5999999999999838              0.8999999999999306              1.6666666666667000              1.6666666666667000
       0.85875000               1.0000025733945610              0.9999999999999973              0.5999999999999895              0.8999999999999393              1.6666666666667000              1.6666666666667000
       0.86125000               1.0000021494981828              0.9999999999999987              0.5999999999999882              0.8999999999999372              1.6666666666667000              1.6666666666667000
       0.86375000               1.0000017931856247              0.9999999999999996              0.5999999999999875              0.8999999999999363              1.6666666666667000              1.6666666666667000
       0.86625000               1.0000014940698110              1.0000000000000004              0.5999999999999863              0.8999999999999344              1.6666666666667000              1.6666666666667000
       0.86875000               1.0000012432945307              0.9999999999999967              0.5999999999999900              0.8999999999999398              1.6666666666667000              1.6666666666667000
       0.87125000               1.0000010333195719              1.0000000000000013              0.5999999999999858              0.8999999999999336              1.6666666666667000              1.6666666666667000
       0.87375000               1.0000008577343578              0.9999999999999976              0.5999999999999891              0.8999999999999386              1.6666666666667000              1.6666666666667000
       0.87625000               1.0000007110964100              0.9999999999999984              0.5999999999999880              0.8999999999999370              1.6666666666667000              1.6666666666667000
       0.87875000               1.0000005887917411              0.9999999999999980              0.5999999999999891              0.8999999999999384              1.6666666666667000              1.6666666666667000
       0.88125000               1.0000004869142562              1.0000000000000004              0.5999999999999864              0.8999999999999345              1.6666666666667000              1.6666666666667000
       0.88375000               1.0000004021618303              1.0000000000000011              0.5999999999999861              0.8999999999999341              1.6666666666667000              1.6666666666667000
       0.88625000               1.0000003317468484              0.9999999999999953              0.5999999999999923              0.8999999999999434              1.6666666666667000              1.6666666666667000
       0.88875000               1.0000002733193341              0.9999999999999987              0.5999999999999885              0.8999999999999378              1.6666666666667000              1.6666666666667000
       0.89125000               1.0000002249010655              1.0000000000000049              0.5999999999999828              0.8999999999999290              1.6666666666667000              1.6666666666667000
       0.89375000               1.0000001848290900              0.9999999999999993              0.5999999999999874              0.8999999999999361              1.6666666666667000              1.6666666666667000
       0.89625000               1.0000001517074009              1.0000000000000020              0.5999999999999852              0.8999999999999329              1.6666666666667000              1.6666666666667000
       0.89875000               1.0000001243657828              0.9999999999999976              0.5999999999999899              0.8999999999999396              1.6666666666667000              1.6666666666667000
       0.90125000               1.0000001018245990              1.0000000000000024              0.5999999999999857              0.8999999999999335              1.6666666666667000              1.6666666666667000
       0.90375000               1.0000000832649532              0.9999999999999993              0.5999999999999884              0.8999999999999375              1.6666666666667000              1.6666666666667000
       0.90625000               1.0000000680032191              1.0000000000000018              0.5999999999999858              0.8999999999999335              1.6666666666667000              1.6666666666667000
       0.90875000               1.0000000554695276              1.0000000000000002              0.5999999999999878              0.8999999999999366              1.6666666666667000              1.6666666666667000
       0.91125000               1.0000000451894657              0.9999999999999993              0.5999999999999885              0.8999999999999378              1.6666666666667000              1.6666666666667000
       0.91375000               1.0000000367686530              0.9999999999999991              0.5999999999999884              0.8999999999999377              1.6666666666667000              1.6666666666667000
       0.91625000               1.0000000298796854              0.9999999999999996              0.5999999999999881              0.8999999999999371              1.6666666666667000              1.6666666666667000
       0.91875000               1.0000000242511400              0.9999999999999998              0.5999999999999875              0.8999999999999363              1.6666666666667000              1.6666666666667000
       0.92125000               1.0000000196583083              0.9999999999999971              0.5999999999999899              0.8999999999999397              1.6666666666667000              1.6666666666667000
       0.92375000               1.0000000159154085              1.0000000000000004              0.5999999999999872              0.8999999999999357              1.6666666666667000              1.6666666666667000
       0.92625000               1.0000000128690734              0.9999999999999998              0.5999999999999879              0.8999999999999369              1.6666666666667000              1.6666666666667000
       0.92875000               1.0000000103928492              0.9999999999999996              0.5999999999999877              0.8999999999999364              1.6666666666667000              1.6666666666667000
       0.93125000               1.0000000083826281              0.9999999999999958              0.5999999999999917              0.8999999999999425              1.6666666666667000              1.6666666666667000
       0.93375000               1.0000000067527919              1.0000000000000016              0.5999999999999862              0.8999999999999343              1.6666666666667000              1.6666666666667000
       0.93625000               1.0000000054330631              1.0000000000000011              0.5999999999999867              0.8999999999999350              1.6666666666667000              1.6666666666667000
       0.93875000               1.0000000043658015              0.9999999999999998              0.5999999999999884              0.8999999999999375              1.6666666666667000              1.6666666666667000
       0.94125000               1.0000000035038112              1.0000000000000016              0.5999999999999862              0.8999999999999343              1.6666666666667000              1.6666666666667000
       0.94375000               1.0000000028085123              1.0000000000000000              0.5999999999999872              0.8999999999999359              1.6666666666667000              1.6666666666667000
       0.94625000               1.0000000022483897              0.9999999999999987              0.5999999999999894              0.8999999999999392              1.6666666666667000              1.6666666666667000
       0.94875000               1.0000000017977291              1.0000000000000024              0.5999999999999854              0.8999999999999331              1.6666666666667000              1.6666666666667000
       0.95125000               1.0000000014356007              0.9999999999999998              0.5999999999999882              0.8999999999999372              1.6666666666667000              1.6666666666667000
       0.95375000               1.0000000011449730              0.9999999999999989              0.5999999999999892              0.8999999999999388              1.6666666666667000              1.6666666666667000
       0.95625000               1.0000000009120358              0.9999999999999984              0.5999999999999900              0.8999999999999400              1.6666666666667000              1.6666666666667000
       0.95875000               1.0000000007255960              0.9999999999999980              0.5999999999999899              0.8999999999999397              1.6666666666667000              1.6666666666667000
       0.96125000               1.0000000005765790              0.9999999999999984              0.5999999999999885              0.8999999999999378              1.6666666666667000              1.6666666666667000
       0.96375000               1.0000000004576168              0.9999999999999998              0.5999999999999889              0.8999999999999383              1.6666666666667000              1.6666666666667000
       0.96625000               1.0000000003627272              1.0000000000000033              0.5999999999999848              0.8999999999999320              1.6666666666667000              1.6666666666667000
       0.96875000               1.0000000002871026              1.0000000000000013              0.5999999999999862              0.8999999999999343              1.6666666666667000              1.6666666666667000
       0.97125000               1.0000000002269009              0.9999999999999996              0.5999999999999884              0.8999999999999376              1.6666666666667000              1.6666666666667000
       0.97375000               1.0000000001790905              1.0000000000000002              0.5999999999999880              0.8999999999999369              1.6666666666667000              1.6666666666667000
       0.97625000               1.0000000001412603              0.9999999999999987              0.5999999999999894              0.8999999999999391              1.6666666666667000              1.6666666666667000
       0.97875000               1.0000000001114147              1.0000000000000000              0.5999999999999879              0.8999999999999367              1.6666666666667000              1.6666666666667000
       0.98125000               1.0000000000878571              0.9999999999999993              0.5999999999999888              0.8999999999999381              1.6666666666667000              1.6666666666667000
       0.98375000               1.0000000000691340              1.0000000000000002              0.5999999999999872              0.8999999999999357              1.6666666666667000              1.6666666666667000
       0.98625000               1.0000000000540969              1.0000000000000007              0.5999999999999867              0.8999999999999350              1.6666666666667000              1.6666666666667000
       0.98875000               1.0000000000419507              1.0000000000000013              0.5999999999999868              0.8999999999999352              1.6666666666667000              1.6666666666667000
       0.99125000               1.0000000000322691              1.0000000000000040              0.5999999999999837              0.8999999999999305              1.6666666666667000              1.6666666666667000
       0.99375000               1.0000000000249318              1.0000000000000029              0.5999999999999850              0.8999999999999323              1.6666666666667000              1.6666666666667000
       0.99625000               1.0000000000199836              0.9999999999999991              0.5999999999999889              0.8999999999999382              1.6666666666667000              1.6666666666667000
       0.99875000               1.0000000000175151              1.0000000000000004              0.5999999999999879              0.8999999999999367              1.6666666666667000              1.6666666666667000
