       0.00250000               1.0000000000193494              1.0000000000000022              0.5999999999999931              0.8999999999999446              1.6666666666667000              1.6666666666667000
       0.00750000               1.0000000000284437              1.0000000000000051              0.5999999999999930              0.8999999999999443              1.6666666666667000              1.6666666666667000
       0.01250000               1.0000000000469194              1.0000000000000009              0.6000000000000002              0.8999999999999553              1.6666666666667000              1.6666666666667000
       0.01750000               1.0000000000772986              1.0000000000000060              0.5999999999999948              0.8999999999999471              1.6666666666667000              1.6666666666667000
       0.02250000               1.0000000001253582              1.0000000000000167              0.5999999999999834              0.8999999999999301              1.6666666666667000              1.6666666666667000
       0.02750000               1.0000000002014349              1.0000000000000062              0.5999999999999903              0.8999999999999404              1.6666666666667000              1.6666666666667000
       0.03250000               1.0000000003220142              1.0000000000000051              0.5999999999999878              0.8999999999999365              1.6666666666667000              1.6666666666667000
       0.03750000               1.0000000005125604              1.0000000000000029              0.5999999999999870              0.8999999999999354              1.6666666666667000              1.6666666666667000
       0.04250000               1.0000000008120309              1.0000000000000060              0.5999999999999835              0.8999999999999302              1.6666666666667000              1.6666666666667000
       0.04750000               1.0000000012800716              1.0000000000000104              0.5999999999999832              0.8999999999999297              1.6666666666667000              1.6666666666667000
       0.05250000               1.0000000020077264              1.0000000000000098              0.5999999999999860              0.8999999999999340              1.6666666666667000              1.6666666666667000
       0.05750000               1.0000000031332228              1.0000000000000087              0.5999999999999869              0.8999999999999352              1.6666666666667000              1.6666666666667000
       0.06250000               1.0000000048652291              1.0000000000000098              0.5999999999999887              0.8999999999999380              1.6666666666667000              1.6666666666667000
       0.06750000               1.0000000075169790              1.0000000000000173              0.5999999999999855              0.8999999999999333              1.6666666666667000              1.6666666666667000
       0.07250000               1.0000000115561001              1.0000000000000171              0.5999999999999889              0.8999999999999382              1.6666666666667000              1.6666666666667000
       0.07750000               1.0000000176768842              1.0000000000000180              0.5999999999999890              0.8999999999999385              1.6666666666667000              1.6666666666667000
       0.08250000               1.0000000269046190              1.0000000000000180              0.5999999999999884              0.8999999999999375              1.6666666666667000              1.6666666666667000
       0.08750000               1.0000000407450418              1.0000000000000207              0.5999999999999844              0.8999999999999316              1.6666666666667000              1.6666666666667000
       0.09250000               1.0000000613973947              1.0000000000000069              0.5999999999999953              0.8999999999999480              1.6666666666667000              1.6666666666667000
       0.09750000               1.0000000920560490              1.0000000000000020              0.5999999999999966              0.8999999999999500              1.6666666666667000              1.6666666666667000
       0.10250000               1.0000001373352667              1.0000000000000027              0.5999999999999953              0.8999999999999480              1.6666666666667000              1.6666666666667000
       0.10750000               1.0000002038633899              1.0000000000000020              0.5999999999999986              0.8999999999999529              1.6666666666667000              1.6666666666667000
       0.11250000               1.0000003011090850              1.0000000000000120              0.5999999999999914              0.8999999999999421              1.6666666666667000              1.6666666666667000
       0.11750000               1.0000004425232141              1.0000000000000138              0.5999999999999903              0.8999999999999404              1.6666666666667000              1.6666666666667000
       0.12250000               1.0000006471067229              1.0000000000000102              0.5999999999999907              0.8999999999999408              1.6666666666667000              1.6666666666667000
       0.12750000               1.0000009415502422              1.0000000000000013              0.5999999999999960              0.8999999999999488              1.6666666666667000              1.6666666666667000
       0.13250000               1.0000013631350300              1.0000000000000016              0.5999999999999965              0.8999999999999496              1.6666666666667000              1.6666666666667000
       0.13750000               1.0000019636410717              1.0000000000000142              0.5999999999999861              0.8999999999999341              1.6666666666667000              1.6666666666667000
       0.14250000               1.0000028145777971              1.0000000000000144              0.5999999999999901              0.8999999999999402              1.6666666666667000              1.6666666666667000
       0.14750000               1.0000040141388149              1.0000000000000140              0.5999999999999942              0.8999999999999463              1.6666666666667000              1.6666666666667000
       0.15250000               1.0000056963877622              1.0000000000000175              0.5999999999999902              0.8999999999999403              1.6666666666667000              1.6666666666667000
       0.15750000               1.0000080433093808              1.0000000000000222              0.5999999999999845              0.8999999999999317              1.6666666666667000              1.6666666666667000
       0.16250000               1.0000113005119611              1.0000000000000115              0.5999999999999976              0.8999999999999514              1.6666666666667000              1.6666666666667000
       0.16750000               1.0000157975458741              1.0000000000000220              0.5999999999999917              0.8999999999999424              1.6666666666667000              1.6666666666667000
       0.17250000               1.0000219740107692              1.0000000000000200              0.5999999999999949              0.8999999999999473              1.6666666666667000              1.6666666666667000
       0.17750000               1.0000304128607393              1.0000000000000275              0.5999999999999858              0.8999999999999336              1.6666666666667000              1.6666666666667000
       0.18250000               1.0000418825845583              1.0000000000000271              0.5999999999999847              0.8999999999999320              1.6666666666667000              1.6666666666667000
       0.18750000               1.0000573902299472              1.0000000000000271              0.5999999999999860              0.8999999999999341              1.6666666666667000              1.6666666666667000
       0.19250000               1.0000782475548160              1.0000000000000293              0.5999999999999831              0.8999999999999295              1.6666666666667000              1.6666666666667000
       0.19750000               1.0001061529152748              1.0000000000000220              0.5999999999999894              0.8999999999999391              1.6666666666667000              1.6666666666667000
       0.20250000               1.0001432918300670              1.0000000000000173              0.5999999999999938              0.8999999999999456              1.6666666666667000              1.6666666666667000
       0.20750000               1.0001924594746072              1.0000000000000051              0.6000000000000058              0.8999999999999636              1.6666666666667000              1.6666666666667000
       0.21250000               1.0002572086294974              1.0000000000000095              0.5999999999999998              0.8999999999999545              1.6666666666667000              1.6666666666667000
       0.21750000               1.0003420268119723              1.0000000000000131              0.5999999999999936              0.8999999999999454              1.6666666666667000              1.6666666666667000
       0.22250000               1.0004525464253542              1.0000000000000198              0.5999999999999849              0.8999999999999323              1.6666666666667000              1.6666666666667000
       0.22750000               1.0005957917355293              1.0000000000000204              0.5999999999999834              0.8999999999999300              1.6666666666667000              1.6666666666667000
       0.23250000               1.0007804662683988              1.0000000000000080              0.5999999999999963              0.8999999999999493              1.6666666666667000              1.6666666666667000
       0.23750000               1.0010172837588021              1.0000000000000162              0.5999999999999899              0.8999999999999398              1.6666666666667000              1.6666666666667000
       0.24250000               1.0013193450250810              1.0000000000000147              0.5999999999999934              0.8999999999999451              1.6666666666667000              1.6666666666667000
       0.24750000               1.0017025620715774              1.0000000000000151              0.5999999999999921              0.8999999999999430              1.6666666666667000              1.6666666666667000
       0.25250000               1.0021861292986771              1.0000000000000138              0.5999999999999875              0.8999999999999362              1.6666666666667000              1.6666666666667000
       0.25750000               1.0027930398290312              1.0000000000000133              0.5999999999999813              0.8999999999999269              1.6666666666667000              1.6666666666667000
       0.26250000               1.0035506425078546              1.0000000000000004              0.5999999999999884              0.8999999999999375              1.6666666666667000              1.6666666666667000
       0.26750000               1.0044912320356250              1.0000000000000062              0.5999999999999817              0.8999999999999274              1.6666666666667000              1.6666666666667000
       0.27250000               1.0056526610485235              1.0000000000000111              0.5999999999999773              0.8999999999999210              1.6666666666667000              1.6666666666667000
       0.27750000               1.0070789590353812              1.0000000000000067              0.5999999999999805              0.8999999999999257              1.6666666666667000              1.6666666666667000
       0.28250000               1.0088209390251841              1.0000000000000038              0.5999999999999802              0.8999999999999252              1.6666666666667000              1.6666666666667000
       0.28750000               1.0109367690536588              1.0000000000000049              0.5999999999999734              0.8999999999999150              1.6666666666667000              1.6666666666667000
       0.29250000               1.0134924813612471              1.0000000000000020              0.5999999999999731              0.8999999999999146              1.6666666666667000              1.6666666666667000
       0.29750000               1.0165623878986327              0.9999999999999934              0.5999999999999770              0.8999999999999204              1.6666666666667000              1.6666666666667000
       0.30250000               1.0202293660933739              0.9999999999999861              0.5999999999999767              0.8999999999999200              1.6666666666667000              1.6666666666667000
       0.30750000               1.0245849744664077              0.9999999999999811              0.5999999999999723              0.8999999999999134              1.6666666666667000              1.6666666666667000
       0.31250000               1.0297293544086918              0.9999999999999821              0.5999999999999640              0.8999999999999009              1.6666666666667000              1.6666666666667000
       0.31750000               1.0357708730353345              0.9999999999999867              0.5999999999999578              0.8999999999998916              1.6666666666667000              1.6666666666667000
       0.32250000               1.0428254629382088              0.9999999999999877              0.5999999999999587              0.8999999999998929              1.6666666666667000              1.6666666666667000
       0.32750000               1.0510156178112102              0.9999999999999855              0.5999999999999585              0.8999999999998927              1.6666666666667000              1.6666666666667000
       0.33250000               1.0604690081140351              0.9999999999999813              0.5999999999999529              0.8999999999998842              1.6666666666667000              1.6666666666667000
       0.33750000               1.0713166881593639              0.9999999999999644              0.5999999999999579              0.8999999999998919              1.6666666666667000              1.6666666666667000
       0.34250000               1.0836908755020178              0.9999999999999603              0.5999999999999558              0.8999999999998887              1.6666666666667000              1.6666666666667000
       0.34750000               1.0977222955767354              0.9999999999999656              0.5999999999999486              0.8999999999998779              1.6666666666667000              1.6666666666667000
       0.35250000               1.1135370993830569              0.9999999999999649              0.5999999999999444              0.8999999999998713              1.6666666666667000              1.6666666666667000
       0.35750000               1.1312533796865221              0.9999999999999629              0.5999999999999412              0.8999999999998668              1.6666666666667000              1.6666666666667000
       0.36250000               1.1509773311965248              0.9999999999999584              0.5999999999999444              0.8999999999998716              1.6666666666667000              1.6666666666667000
       0.36750000               1.1727991212063233              0.9999999999999549              0.5999999999999441              0.8999999999998712              1.6666666666667000              1.6666666666667000
       0.37250000               1.1967885579166799              0.9999999999999473              0.5999999999999456              0.8999999999998732              1.6666666666667000              1.6666666666667000
       0.37750000               1.2229906639595627              0.9999999999999425              0.5999999999999451              0.8999999999998727              1.6666666666667000              1.6666666666667000
       0.38250000               1.2514212829174740              0.9999999999999398              0.5999999999999500              0.8999999999998799              1.6666666666667000              1.6666666666667000
       0.38750000               1.2820628652991142              0.9999999999999376              0.5999999999999582              0.8999999999998922              1.6666666666667000              1.6666666666667000
       0.39250000               1.3148605932682078              0.9999999999999385              0.5999999999999610              0.8999999999998964              1.6666666666667000              1.6666666666667000
       0.39750000               1.3497190077001200              0.9999999999999332              0.5999999999999658              0.8999999999999035              1.6666666666667000              1.6666666666667000
       0.40250000               1.3864992996280754              0.9999999999999287              0.5999999999999687              0.8999999999999080              1.6666666666667000              1.6666666666667000
       0.40750000               1.4250174259032653              0.9999999999999273              0.5999999999999714              0.8999999999999121              1.6666666666667000              1.6666666666667000
       0.41250000               1.4650432051481463              0.9999999999999258              0.5999999999999787              0.8999999999999230              1.6666666666667000              1.6666666666667000
       0.41750000               1.5063005362015767              0.9999999999999225              0.5999999999999940              0.8999999999999460              1.6666666666667000              1.6666666666667000
       0.42250000               1.5484688495163652              0.9999999999999217              0.6000000000000073              0.8999999999999660              1.6666666666667000              1.6666666666667000
       0.42750000               1.5911858552183835              0.9999999999999274              0.6000000000000056              0.8999999999999634              1.6666666666667000              1.6666666666667000
       0.43250000               1.6340516018811240              0.9999999999999277              0.6000000000000071              0.8999999999999656              1.6666666666667000              1.6666666666667000
       0.43750000               1.6766338179757501              0.9999999999999334              0.6000000000000043              0.8999999999999614              1.6666666666667000              1.6666666666667000
       0.44250000               1.7184744733101458              0.9999999999999372              0.6000000000000071              0.8999999999999656              1.6666666666667000              1.6666666666667000
       0.44750000               1.7590974611024099              0.9999999999999373              0.6000000000000162              0.8999999999999793              1.6666666666667000              1.6666666666667000
       0.45250000               1.7980172536361576              0.9999999999999364              0.6000000000000274              0.8999999999999961              1.6666666666667000              1.6666666666667000
       0.45750000               1.8347483271842964              0.9999999999999415              0.6000000000000317              0.9000000000000027              1.6666666666667000              1.6666666666667000
       0.46250000               1.8688150982684628              0.9999999999999505              0.6000000000000288              0.8999999999999982              1.6666666666667000              1.6666666666667000
       0.46750000               1.8997620786384894              0.9999999999999601              0.6000000000000271              0.8999999999999955              1.6666666666667000              1.6666666666667000
       0.47250000               1.9271639456200815              0.9999999999999692              0.6000000000000285              0.8999999999999977              1.6666666666667000              1.6666666666667000
       0.47750000               1.9506352287283220              0.9999999999999730              0.6000000000000379              0.9000000000000118              1.6666666666667000              1.6666666666667000
       0.48250000               1.9698393188048544              0.9999999999999738              0.6000000000000496              0.9000000000000293              1.6666666666667000              1.6666666666667000
       0.48750000               1.9844965082672363              0.9999999999999843              0.6000000000000436              0.9000000000000203              1.6666666666667000              1.6666666666667000
       0.49250000               1.9943907819099678              0.9999999999999887              0.6000000000000452              0.9000000000000228              1.6666666666667000              1.6666666666667000
       0.49750000               1.9993751129098325              0.9999999999999954              0.6000000000000438              0.9000000000000207              1.6666666666667000              1.6666666666667000
       0.50250000               1.9993750803123822              1.0000000000000049              0.6000000000000407              0.9000000000000159              1.6666666666667000              1.6666666666667000
       0.50750000               1.9943906968149561              1.0000000000000140              0.6000000000000422              0.9000000000000182              1.6666666666667000              1.6666666666667000
       0.51250000               1.9844964007655506              1.0000000000000233              0.6000000000000392              0.9000000000000136              1.6666666666667000              1.6666666666667000
       0.51750000               1.9698392183562137              1.0000000000000324              0.6000000000000312              0.9000000000000017              1.6666666666667000              1.6666666666667000
       0.52250000               1.9506351494737924              1.0000000000000357              0.6000000000000317              0.9000000000000025              1.6666666666667000              1.6666666666667000
       0.52750000               1.9271638851158219              1.0000000000000306              0.6000000000000463              0.9000000000000244              1.6666666666667000              1.6666666666667000
       0.53250000               1.8997620282497256              1.0000000000000386              0.6000000000000458              0.9000000000000238              1.6666666666667000              1.6666666666667000
       0.53750000               1.8688150534077816              1.0000000000000542              0.6000000000000303              0.9000000000000002              1.6666666666667000              1.6666666666667000
       0.54250000               1.8347482873944090              1.0000000000000548              0.6000000000000270              0.8999999999999955              1.6666666666667000              1.6666666666667000
       0.54750000               1.7980172147101214              1.0000000000000500              0.6000000000000296              0.8999999999999992              1.6666666666667000              1.6666666666667000
       0.55250000               1.7590974108327497              1.0000000000000566              0.6000000000000180              0.8999999999999819              1.6666666666667000              1.6666666666667000
       0.55750000               1.7184743985563145              1.0000000000000644              0.6000000000000061              0.8999999999999642              1.6666666666667000              1.6666666666667000
       0.56250000               1.6766337179891815              1.0000000000000695              0.5999999999999986              0.8999999999999528              1.6666666666667000              1.6666666666667000
       0.56750000               1.6340514952068939              1.0000000000000646              0.6000000000000001              0.8999999999999551              1.6666666666667000              1.6666666666667000
       0.57250000               1.5911857725342367              1.0000000000000626              0.5999999999999949              0.8999999999999473              1.6666666666667000              1.6666666666667000
       0.57750000               1.5484688167082379              1.0000000000000635              0.5999999999999870              0.8999999999999354              1.6666666666667000              1.6666666666667000
       0.58250000               1.5063005597007249              1.0000000000000646              0.5999999999999839              0.8999999999999307              1.6666666666667000              1.6666666666667000
       0.58750000               1.4650432694489219              1.0000000000000617              0.5999999999999848              0.8999999999999320              1.6666666666667000              1.6666666666667000
       0.59250000               1.4250175040960800              1.0000000000000739              0.5999999999999693              0.8999999999999090              1.6666666666667000              1.6666666666667000
       0.59750000               1.3864993689675424              1.0000000000000782              0.5999999999999628              0.8999999999998991              1.6666666666667000              1.6666666666667000
       0.60250000               1.3497190597725881              1.0000000000000677              0.5999999999999683              0.8999999999999074              1.6666666666667000              1.6666666666667000
       0.60750000               1.3148606333959818              1.0000000000000695              0.5999999999999568              0.8999999999998901              1.6666666666667000              1.6666666666667000
       0.61250000               1.2820629040530378              1.0000000000000659              0.5999999999999508              0.8999999999998811              1.6666666666667000              1.6666666666667000
       0.61750000               1.2514213274130033              1.0000000000000524              0.5999999999999583              0.8999999999998924              1.6666666666667000              1.6666666666667000
       0.62250000               1.2229907146827033              1.0000000000000455              0.5999999999999626              0.8999999999998989              1.6666666666667000              1.6666666666667000
       0.62750000               1.1967886109887726              1.0000000000000464              0.5999999999999587              0.8999999999998930              1.6666666666667000              1.6666666666667000
       0.63250000               1.1727991720475026              1.0000000000000560              0.5999999999999440              0.8999999999998711              1.6666666666667000              1.6666666666667000
       0.63750000               1.1509773763016438              1.0000000000000535              0.5999999999999411              0.8999999999998666              1.6666666666667000              1.6666666666667000
       0.64250000               1.1312534163910366              1.0000000000000531              0.5999999999999374              0.8999999999998611              1.6666666666667000              1.6666666666667000
       0.64750000               1.1135371252680892              1.0000000000000364              0.5999999999999510              0.8999999999998815              1.6666666666667000              1.6666666666667000
       0.65250000               1.0977223085207606              1.0000000000000375              0.5999999999999495              0.8999999999998792              1.6666666666667000              1.6666666666667000
       0.65750000               1.0836908741381042              1.0000000000000304              0.5999999999999520              0.8999999999998830              1.6666666666667000              1.6666666666667000
       0.66250000               1.0713166722488383              1.0000000000000253              0.5999999999999527              0.8999999999998840              1.6666666666667000              1.6666666666667000
       0.66750000               1.0604689788395698              1.0000000000000218              0.5999999999999546              0.8999999999998868              1.6666666666667000              1.6666666666667000
       0.67250000               1.0510155781769133              1.0000000000000013              0.5999999999999754              0.8999999999999180              1.6666666666667000              1.6666666666667000
       0.67750000               1.0428254180719709              1.0000000000000133              0.5999999999999626              0.8999999999998988              1.6666666666667000              1.6666666666667000
       0.68250000               1.0357708298148067              1.0000000000000149              0.5999999999999576              0.8999999999998913              1.6666666666667000              1.6666666666667000
       0.68750000               1.0297293200317170              0.9999999999999996              0.5999999999999701              0.8999999999999101              1.6666666666667000              1.6666666666667000
       0.69250000               1.0245849542866641              0.9999999999999966              0.5999999999999732              0.8999999999999148              1.6666666666667000              1.6666666666667000
       0.69750000               1.0202293616917377              0.9999999999999948              0.5999999999999772              0.8999999999999208              1.6666666666667000              1.6666666666667000
       0.70250000               1.0165623964369734              1.0000000000000036              0.5999999999999692              0.8999999999999088              1.6666666666667000              1.6666666666667000
       0.70750000               1.0134924966660612              1.0000000000000102              0.5999999999999617              0.8999999999998975              1.6666666666667000              1.6666666666667000
       0.71250000               1.0109367839739150              0.9999999999999984              0.5999999999999737              0.8999999999999154              1.6666666666667000              1.6666666666667000
       0.71750000               1.0088209479687764              1.0000000000000053              0.5999999999999671              0.8999999999999058              1.6666666666667000              1.6666666666667000
       0.72250000               1.0070789595758403              0.9999999999999879              0.5999999999999835              0.8999999999999303              1.6666666666667000              1.6666666666667000
       0.72750000               1.0056526540564930              0.9999999999999848              0.5999999999999862              0.8999999999999342              1.6666666666667000              1.6666666666667000
       0.73250000               1.0044912205515886              0.9999999999999877              0.5999999999999814              0.8999999999999271              1.6666666666667000              1.6666666666667000
       0.73750000               1.0035506301001142              0.9999999999999865              0.5999999999999819              0.8999999999999279              1.6666666666667000              1.6666666666667000
       0.74250000               1.0027930292435456              0.9999999999999813              0.5999999999999885              0.8999999999999376              1.6666666666667000              1.6666666666667000
       0.74750000               1.0021861218650521              0.9999999999999807              0.5999999999999918              0.8999999999999425              1.6666666666667000              1.6666666666667000
       0.75250000               1.0017025578505430              0.9999999999999787              0.5999999999999956              0.8999999999999484              1.6666666666667000              1.6666666666667000
       0.75750000               1.0013193433514256              0.9999999999999922              0.5999999999999807              0.8999999999999260              1.6666666666667000              1.6666666666667000
       0.76250000               1.0010172837856544              0.9999999999999829              0.5999999999999873              0.8999999999999359              1.6666666666667000              1.6666666666667000
       0.76750000               1.0007804672877276              0.9999999999999873              0.5999999999999825              0.8999999999999287              1.6666666666667000              1.6666666666667000
       0.77250000               1.0005957932641374              0.9999999999999836              0.5999999999999865              0.8999999999999347              1.6666666666667000              1.6666666666667000
       0.77750000               1.0004525481633244              0.9999999999999907              0.5999999999999814              0.8999999999999270              1.6666666666667000              1.6666666666667000
       0.78250000               1.0003420285784201              0.9999999999999889              0.5999999999999847              0.8999999999999319              1.6666666666667000              1.6666666666667000
       0.78750000               1.0002572103194511              0.9999999999999893              0.5999999999999829              0.8999999999999293              1.6666666666667000              1.6666666666667000
       0.79250000               1.0001924610344251              0.9999999999999849              0.5999999999999864              0.8999999999999346              1.6666666666667000              1.6666666666667000
       0.79750000               1.0001432932388648              0.9999999999999971              0.5999999999999736              0.8999999999999153              1.6666666666667000              1.6666666666667000
       0.80250000               1.0001061541693743              0.9999999999999905              0.5999999999999827              0.8999999999999291              1.6666666666667000              1.6666666666667000
       0.80750000               1.0000782486579796              0.9999999999999898              0.5999999999999855              0.8999999999999332              1.6666666666667000              1.6666666666667000
       0.81250000               1.0000573911896529              0.9999999999999907              0.5999999999999840              0.8999999999999310              1.6666666666667000              1.6666666666667000
       0.81750000               1.0000418834110367              0.9999999999999742              0.6000000000000011              0.8999999999999566              1.6666666666667000              1.6666666666667000
       0.82250000               1.0000304135659055              0.9999999999999796              0.5999999999999985              0.8999999999999527              1.6666666666667000              1.6666666666667000
       0.82750000               1.0000219746070196              0.9999999999999849              0.5999999999999933              0.8999999999999450              1.6666666666667000              1.6666666666667000
       0.83250000               1.0000157980453654              0.9999999999999840              0.5999999999999933              0.8999999999999450              1.6666666666667000              1.6666666666667000
       0.83750000               1.0000113009264251              1.0000000000000002              0.5999999999999790              0.8999999999999234              1.6666666666667000              1.6666666666667000
       0.84250000               1.0000080436502088              0.9999999999999847              0.5999999999999948              0.8999999999999472              1.6666666666667000              1.6666666666667000
       0.84750000               1.0000056966655637              0.9999999999999829              0.5999999999999959              0.8999999999999486              1.6666666666667000              1.6666666666667000
       0.85250000               1.0000040143632691              0.9999999999999862              0.5999999999999893              0.8999999999999390              1.6666666666667000              1.6666666666667000
       0.85750000               1.0000028147575442              0.9999999999999869              0.5999999999999845              0.8999999999999316              1.6666666666667000              1.6666666666667000
       0.86250000               1.0000019637837612              0.9999999999999791              0.5999999999999908              0.8999999999999412              1.6666666666667000              1.6666666666667000
       0.86750000               1.0000013632473463              0.9999999999999767              0.5999999999999949              0.8999999999999472              1.6666666666667000              1.6666666666667000
       0.87250000               1.0000009416379481              0.9999999999999827              0.5999999999999948              0.8999999999999471              1.6666666666667000              1.6666666666667000
       0.87750000               1.0000006471746481              0.9999999999999944              0.5999999999999883              0.8999999999999375              1.6666666666667000              1.6666666666667000
       0.88250000               1.0000004425753857              0.9999999999999891              0.5999999999999950              0.8999999999999475              1.6666666666667000              1.6666666666667000
       0.88750000               1.0000003011488188              0.9999999999999951              0.5999999999999887              0.8999999999999380              1.6666666666667000              1.6666666666667000
       0.89250000               1.0000002038934523              0.9999999999999791              0.6000000000000022              0.8999999999999584              1.6666666666667000              1.6666666666667000
       0.89750000               1.0000001373578564              0.9999999999999867              0.5999999999999940              0.8999999999999458              1.6666666666667000              1.6666666666667000
       0.90250000               1.0000000920728802              0.9999999999999851              0.5999999999999958              0.8999999999999485              1.6666666666667000              1.6666666666667000
       0.90750000               1.0000000614097986              0.9999999999999842              0.5999999999999983              0.8999999999999524              1.6666666666667000              1.6666666666667000
       0.91250000               1.0000000407541123              0.9999999999999978              0.5999999999999885              0.8999999999999378              1.6666666666667000              1.6666666666667000
       0.91750000               1.0000000269112608              0.9999999999999947              0.5999999999999942              0.8999999999999462              1.6666666666667000              1.6666666666667000
       0.92250000               1.0000000176817430              1.0000000000000022              0.5999999999999852              0.8999999999999327              1.6666666666667000              1.6666666666667000
       0.92750000               1.0000000115595804              1.0000000000000004              0.5999999999999864              0.8999999999999346              1.6666666666667000              1.6666666666667000
       0.93250000               1.0000000075193720              0.9999999999999969              0.5999999999999902              0.8999999999999403              1.6666666666667000              1.6666666666667000
       0.93750000               1.0000000048668569              0.9999999999999964              0.5999999999999912              0.8999999999999418              1.6666666666667000              1.6666666666667000
       0.94250000               1.0000000031344480              0.9999999999999936              0.5999999999999932              0.8999999999999447              1.6666666666667000              1.6666666666667000
       0.94750000               1.0000000020087427              0.9999999999999962              0.5999999999999897              0.8999999999999394              1.6666666666667000              1.6666666666667000
       0.95250000               1.0000000012808119              0.9999999999999940              0.5999999999999924              0.8999999999999435              1.6666666666667000              1.6666666666667000
       0.95750000               1.0000000008123395              0.9999999999999969              0.5999999999999934              0.8999999999999451              1.6666666666667000              1.6666666666667000
       0.96250000               1.0000000005125276              0.9999999999999956              0.5999999999999961              0.8999999999999492              1.6666666666667000              1.6666666666667000
       0.96750000               1.0000000003220091              1.0000000000000011              0.5999999999999907              0.8999999999999408              1.6666666666667000              1.6666666666667000
       0.97250000               1.0000000002017664              1.0000000000000002              0.5999999999999922              0.8999999999999432              1.6666666666667000              1.6666666666667000
       0.97750000               1.0000000001259080              1.0000000000000022              0.5999999999999923              0.8999999999999434              1.6666666666667000              1.6666666666667000
       0.98250000               1.0000000000775857              0.9999999999999971              0.5999999999999966              0.8999999999999498              1.6666666666667000              1.6666666666667000
       0.98750000               1.0000000000466436              1.0000000000000007              0.5999999999999904              0.8999999999999406              1.6666666666667000              1.6666666666667000
       0.99250000               1.0000000000278724              0.9999999999999973              0.5999999999999932              0.8999999999999448              1.6666666666667000              1.6666666666667000
       0.99750000               1.0000000000190667              0.9999999999999896              0.6000000000000034              0.8999999999999601              1.6666666666667000              1.6666666666667000
