       0.00250000               0.9999986530458185              0.9999986078393861              0.5999995733011494              0.8999993599516791              1.6666666666667000              1.6666666666667000
       0.00750000               1.0000007112716764              1.0000000434867828              0.6000009954123615              0.9000014931184973              1.6666666666667000              1.6666666666667000
       0.01250000               0.9999987209806172              0.9999973882818085              0.5999979105782302              0.8999968658673001              1.6666666666667000              1.6666666666667000
       0.01750000               0.9999973488868636              0.9999987646624915              0.5999981292711024              0.8999971939066085              1.6666666666667000              1.6666666666667000
       0.02250000               0.9999991990504024              1.0000004400315934              0.5999996526084006              0.8999994789125558              1.6666666666667000              1.6666666666667000
       0.02750000               1.0000009832578645              1.0000008119079251              0.6000008122415261              0.9000012183622441              1.6666666666667000              1.6666666666667000
       0.03250000               0.9999986626621340              0.9999986084964447              0.5999992454962139              0.8999988682442757              1.6666666666667000              1.6666666666667000
       0.03750000               1.0000001909742606              0.9999994523600159              0.6000004181661892              0.9000006272492389              1.6666666666667000              1.6666666666667000
       0.04250000               0.9999992981934084              0.9999991444240296              0.6000000769010791              0.9000001153515738              1.6666666666667000              1.6666666666667000
       0.04750000               0.9999991754799329              0.9999995540625610              0.6000000418561848              0.9000000627842322              1.6666666666667000              1.6666666666667000
       0.05250000               0.9999999509594261              1.0000001081128296              0.5999997548845611              0.8999996323267966              1.6666666666667000              1.6666666666667000
       0.05750000               0.9999970898069381              1.0000004957780813              0.5999988200721340              0.8999982301081559              1.6666666666667000              1.6666666666667000
       0.06250000               0.9999978604799818              0.9999999643622334              0.5999987185166289              0.8999980777748983              1.6666666666667000              1.6666666666667000
       0.06750000               0.9999989802091179              1.0000003660001973              0.5999989709077190              0.8999984563615335              1.6666666666667000              1.6666666666667000
       0.07250000               1.0000006556701688              0.9999993341561042              0.5999999785536801              0.8999999678304751              1.6666666666667000              1.6666666666667000
       0.07750000               1.0000018091556095              0.9999990732008869              0.6000000329808873              0.9000000494712861              1.6666666666667000              1.6666666666667000
       0.08250000               1.0000019291881179              1.0000012523201605              0.6000022423817603              0.9000033635725954              1.6666666666667000              1.6666666666667000
       0.08750000               1.0000017984257408              1.0000003224942080              0.6000010726183369              0.9000016089274603              1.6666666666667000              1.6666666666667000
       0.09250000               1.0000006622123292              0.9999989219062406              0.5999990826907642              0.8999986240361012              1.6666666666667000              1.6666666666667000
       0.09750000               1.0000005306001947              0.9999992392311882              0.5999981770988745              0.8999972656482667              1.6666666666667000              1.6666666666667000
       0.10250000               1.0000029493492639              1.0000011860343170              0.6000001653451603              0.9000002480176954              1.6666666666667000              1.6666666666667000
       0.10750000               1.0000036687372948              1.0000015705185576              0.6000005219634464              0.9000007829451246              1.6666666666667000              1.6666666666667000
       0.11250000               1.0000032910084533              1.0000006197207609              0.5999994294197082              0.8999991441295172              1.6666666666667000              1.6666666666667000
       0.11750000               1.0000076444460246              1.0000018160436321              0.6000029635993470              0.9000044453989754              1.6666666666667000              1.6666666666667000
       0.12250000               1.0000030730289735              0.9999967746562813              0.5999977345032704              0.8999966017548606              1.6666666666667000              1.6666666666667000
       0.12750000               1.0000117660480881              1.0000040885466901              0.6000046375000698              0.9000069562500597              1.6666666666667000              1.6666666666667000
       0.13250000               1.0000059714333394              0.9999978961003360              0.5999978430011502              0.8999967645016803              1.6666666666667000              1.6666666666667000
       0.13750000               1.0000089647963566              0.9999999504205980              0.5999988495084958              0.8999982742626986              1.6666666666667000              1.6666666666667000
       0.14250000               1.0000110308788697              0.9999998831729937              0.5999997685508288              0.8999996528261981              1.6666666666667000              1.6666666666667000
       0.14750000               1.0000146770543725              1.0000005277346489              0.6000014913683445              0.9000022370524715              1.6666666666667000              1.6666666666667000
       0.15250000               1.0000154676611359              1.0000001588057517              0.6000009265951277              0.9000013898926466              1.6666666666667000              1.6666666666667000
       0.15750000               1.0000164093275652              0.9999993339598410              0.5999997131191790              0.8999995696787233              1.6666666666667000              1.6666666666667000
       0.16250000               1.0000181379489277              1.0000001945320101              0.6000002414117778              0.9000003621176217              1.6666666666667000              1.6666666666667000
       0.16750000               1.0000235089869494              1.0000025531666603              0.6000022840186090              0.9000034260278684              1.6666666666667000              1.6666666666667000
       0.17250000               1.0000229451986793              0.9999999694544716              0.5999992987270788              0.8999989480905732              1.6666666666667000              1.6666666666667000
       0.17750000               1.0000288091218148              1.0000024990739651              0.6000010471281098              0.9000015706921195              1.6666666666667000              1.6666666666667000
       0.18250000               1.0000315441765175              0.9999996976028284              0.5999997190707704              0.8999995786061107              1.6666666666667000              1.6666666666667000
       0.18750000               1.0000406686129066              1.0000005510890175              0.6000008168991356              0.9000012253486585              1.6666666666667000              1.6666666666667000
       0.19250000               1.0000511773304839              1.0000003923113951              0.6000007054591829              0.9000010581887292              1.6666666666667000              1.6666666666667000
       0.19750000               1.0000752852235864              1.0000008236968776              0.6000009955317839              0.9000014932976307              1.6666666666667000              1.6666666666667000
       0.20250000               1.0001161999151074              0.9999989586110519              0.5999987493712563              0.8999981240568394              1.6666666666667000              1.6666666666667000
       0.20750000               1.0001814836065621              1.0000008690769171              0.5999997688848612              0.8999996533272467              1.6666666666667000              1.6666666666667000
       0.21250000               1.0002595279789335              1.0000007513599725              0.6000012334681840              0.9000018502022309              1.6666666666667000              1.6666666666667000
       0.21750000               1.0003485273127486              0.9999998264905020              0.6000007861968190              0.9000011792951833              1.6666666666667000              1.6666666666667000
       0.22250000               1.0004564799969451              0.9999991207895135              0.5999999937504616              0.8999999906256474              1.6666666666667000              1.6666666666667000
       0.22750000               1.0005969471775407              1.0000007675321980              0.6000010670133359              0.9000016005199588              1.6666666666667000              1.6666666666667000
       0.23250000               1.0007763554917088              0.9999987644923853              0.5999978553794502              0.8999967830691301              1.6666666666667000              1.6666666666667000
       0.23750000               1.0010155825590867              1.0000003686376788              0.5999996070400125              0.8999994105599737              1.6666666666667000              1.6666666666667000
       0.24250000               1.0013199614067361              1.0000001699685230              0.6000001335334015              0.9000002003000573              1.6666666666667000              1.6666666666667000
       0.24750000               1.0017038039007289              0.9999989272579974              0.5999995557997092              0.8999993336995187              1.6666666666667000              1.6666666666667000
       0.25250000               1.0021881912439430              0.9999992741427309              0.6000002393050112              0.9000003589574718              1.6666666666667000              1.6666666666667000
       0.25750000               1.0027951100337047              0.9999997693560286              0.6000006631745302              0.9000009947617502              1.6666666666667000              1.6666666666667000
       0.26250000               1.0035517416460411              0.9999996649734210              0.6000000184653245              0.9000000276979416              1.6666666666667000              1.6666666666667000
       0.26750000               1.0044943391264169              1.0000029007601861              0.6000020462320287              0.9000030693479981              1.6666666666667000              1.6666666666667000
       0.27250000               1.0056534057846860              1.0000003203728205              0.5999995527110458              0.8999993290665236              1.6666666666667000              1.6666666666667000
       0.27750000               1.0070830128188162              1.0000030731116294              0.6000027598557287              0.9000041397835480              1.6666666666667000              1.6666666666667000
       0.28250000               1.0088207621918119              0.9999987350535333              0.5999985935706338              0.8999978903559056              1.6666666666667000              1.6666666666667000
       0.28750000               1.0109382648027463              1.0000005802803078              0.6000003775514920              0.9000005663271929              1.6666666666667000              1.6666666666667000
       0.29250000               1.0134923265397953              0.9999995450549168              0.5999989051820234              0.8999983577729900              1.6666666666667000              1.6666666666667000
       0.29750000               1.0165631081220916              1.0000016740331557              0.5999998927515277              0.8999998391272463              1.6666666666667000              1.6666666666667000
       0.30250000               1.0202262776338795              0.9999963901494078              0.5999962816226702              0.8999944224339602              1.6666666666667000              1.6666666666667000
       0.30750000               1.0245847310288836              0.9999989171184803              0.5999991324383160              0.8999986986574290              1.6666666666667000              1.6666666666667000
       0.31250000               1.0297300197737600              0.9999997771306214              0.5999999885016687              0.8999999827524580              1.6666666666667000              1.6666666666667000
       0.31750000               1.0357703272674470              0.9999988252749238              0.5999987421368121              0.8999981132051732              1.6666666666667000              1.6666666666667000
       0.32250000               1.0428256221409622              0.9999999908702618              0.5999991928580443              0.8999987892870213              1.6666666666667000              1.6666666666667000
       0.32750000               1.0510179012768188              0.9999995477874248              0.6000008582810799              0.9000012874215746              1.6666666666667000              1.6666666666667000
       0.33250000               1.0604745563947444              1.0000022768821075              0.6000033455607957              0.9000050183411485              1.6666666666667000              1.6666666666667000
       0.33750000               1.0713188079678835              0.9999991388007446              0.5999993037520184              0.8999989556279824              1.6666666666667000              1.6666666666667000
       0.34250000               1.0836923485415078              0.9999991957645535              0.5999978400239301              0.8999967600358502              1.6666666666667000              1.6666666666667000
       0.34750000               1.0977265342652727              0.9999997188921780              0.5999991913440729              0.8999987870160643              1.6666666666667000              1.6666666666667000
       0.35250000               1.1135423221739147              0.9999985094475882              0.5999987427988912              0.8999981141982917              1.6666666666667000              1.6666666666667000
       0.35750000               1.1312617642394154              0.9999993028434965              0.6000000715686540              0.9000001073529359              1.6666666666667000              1.6666666666667000
       0.36250000               1.1509880393255487              0.9999994837547860              0.6000003148242979              0.9000004722364019              1.6666666666667000              1.6666666666667000
       0.36750000               1.1728144460022334              1.0000016796371758              0.6000023631829825              0.9000035447744287              1.6666666666667000              1.6666666666667000
       0.37250000               1.1968030852484339              0.9999996739356450              0.5999995503888690              0.8999993255832583              1.6666666666667000              1.6666666666667000
       0.37750000               1.2230089571591700              1.0000016156184333              0.6000007004606347              0.9000010506909070              1.6666666666667000              1.6666666666667000
       0.38250000               1.2514379999229734              0.9999983703349830              0.5999976266180408              0.8999964399270162              1.6666666666667000              1.6666666666667000
       0.38750000               1.2820851673846070              1.0000002570719775              0.6000003844720041              0.9000005767079611              1.6666666666667000              1.6666666666667000
       0.39250000               1.3148836616654336              0.9999990267581452              0.5999993458580669              0.8999990187870553              1.6666666666667000              1.6666666666667000
       0.39750000               1.3497421674731724              0.9999980717898029              0.5999982418165175              0.8999973627247311              1.6666666666667000              1.6666666666667000
       0.40250000               1.3865220004161805              0.9999976602974192              0.5999971523736736              0.8999957285604653              1.6666666666667000              1.6666666666667000
       0.40750000               1.4250408580681611              0.9999992340662897              0.5999974701345029              0.8999962052017093              1.6666666666667000              1.6666666666667000
       0.41250000               1.4650721513714760              1.0000007828592015              0.6000013623306405              0.9000020434959157              1.6666666666667000              1.6666666666667000
       0.41750000               1.5063299734498325              1.0000011387447625              0.6000022268923525              0.9000033403384837              1.6666666666667000              1.6666666666667000
       0.42250000               1.5484952350592074              1.0000002116299405              0.6000014850046128              0.9000022275068742              1.6666666666667000              1.6666666666667000
       0.42750000               1.5912129145722671              1.0000016814497095              0.6000034878523989              0.9000052317785532              1.6666666666667000              1.6666666666667000
       0.43250000               1.6340660713186475              0.9999973949311022              0.5999978825117094              0.8999968237675190              1.6666666666667000              1.6666666666667000
       0.43750000               1.6766470301955874              0.9999993274734936              0.5999999050834971              0.8999998576252005              1.6666666666667000              1.6666666666667000
       0.44250000               1.7184818031842595              0.9999996747696562              0.5999994960703221              0.8999992441054380              1.6666666666667000              1.6666666666667000
       0.44750000               1.7591004369970928              1.0000009655901843              0.6000003060742893              0.9000004591113889              1.6666666666667000              1.6666666666667000
       0.45250000               1.7980169983228784              1.0000034546404866              0.6000020162493247              0.9000030243739421              1.6666666666667000              1.6666666666667000
       0.45750000               1.8347343770895799              0.9999976924170801              0.5999980853408698              0.8999971280112598              1.6666666666667000              1.6666666666667000
       0.46250000               1.8687949869122462              0.9999986532376149              0.5999984324459156              0.8999976486688284              1.6666666666667000              1.6666666666667000
       0.46750000               1.8997420842946133              1.0000009717254417              0.6000019659824389              0.9000029489736133              1.6666666666667000              1.6666666666667000
       0.47250000               1.9271343594727832              0.9999997831598195              0.6000003614022696              0.9000005421033594              1.6666666666667000              1.6666666666667000
       0.47750000               1.9506020987394705              1.0000006668331338              0.6000015394669016              0.9000023092003073              1.6666666666667000              1.6666666666667000
       0.48250000               1.9697974471312518              0.9999995369443734              0.5999994812792113              0.8999992219187719              1.6666666666667000              1.6666666666667000
       0.48750000               1.9844518746284729              0.9999994233542868              0.5999994198814281              0.8999991298220971              1.6666666666667000              1.6666666666667000
       0.49250000               1.9943486548549167              1.0000007225664322              0.6000008949964432              0.9000013424946197              1.6666666666667000              1.6666666666667000
       0.49750000               1.9993317310958714              0.9999995120810463              0.5999997032953291              0.8999995549429486              1.6666666666667000              1.6666666666667000
       0.50250000               1.9993323069810354              0.9999995800773183              0.5999994698402278              0.8999992047602965              1.6666666666667000              1.6666666666667000
       0.50750000               1.9943485943027148              1.0000004745859497              0.5999995170081478              0.8999992755121767              1.6666666666667000              1.6666666666667000
       0.51250000               1.9844543198673346              0.9999990415357216              0.5999989147705823              0.8999983721558283              1.6666666666667000              1.6666666666667000
       0.51750000               1.9698029040772149              0.9999998361769483              0.6000005215010392              0.9000007822515138              1.6666666666667000              1.6666666666667000
       0.52250000               1.9506033491826078              0.9999999036645805              0.6000006693634558              0.9000010040451385              1.6666666666667000              1.6666666666667000
       0.52750000               1.9271393335991132              1.0000006812458901              0.6000014329957272              0.9000021494935456              1.6666666666667000              1.6666666666667000
       0.53250000               1.8997434569278051              1.0000010840522118              0.6000011462977347              0.9000017194465570              1.6666666666667000              1.6666666666667000
       0.53750000               1.8688056106357098              1.0000031156794003              0.6000024405127137              0.9000036607690255              1.6666666666667000              1.6666666666667000
       0.54250000               1.8347408895525907              1.0000001218921795              0.5999998428747423              0.8999997643120683              1.6666666666667000              1.6666666666667000
       0.54750000               1.7980174012136936              1.0000001471417357              0.6000006361453522              0.9000009542179831              1.6666666666667000              1.6666666666667000
       0.55250000               1.7591045548334656              1.0000004194696148              0.6000012308524498              0.9000018462786297              1.6666666666667000              1.6666666666667000
       0.55750000               1.7184882925755143              1.0000013636399376              0.6000022378093931              0.9000033567140446              1.6666666666667000              1.6666666666667000
       0.56250000               1.6766459440419414              0.9999992264646447              0.5999987756668445              0.8999981635002217              1.6666666666667000              1.6666666666667000
       0.56750000               1.6340666183706218              1.0000000473809174              0.5999984139257699              0.8999976208886097              1.6666666666667000              1.6666666666667000
       0.57250000               1.5912042157134689              0.9999987280606257              0.5999987646110111              0.8999981469164715              1.6666666666667000              1.6666666666667000
       0.57750000               1.5484894127650797              0.9999993726163724              0.5999991687179498              0.8999987530768796              1.6666666666667000              1.6666666666667000
       0.58250000               1.5063222437140429              0.9999994477566181              0.5999995540679716              0.8999993311019122              1.6666666666667000              1.6666666666667000
       0.58750000               1.4650632630874152              0.9999985617510672              0.5999985269313146              0.8999977903969268              1.6666666666667000              1.6666666666667000
       0.59250000               1.4250411231422180              1.0000012648246162              0.6000018155825499              0.9000027233737797              1.6666666666667000              1.6666666666667000
       0.59750000               1.3865157148656164              0.9999979157169530              0.5999977414970928              0.8999966122455941              1.6666666666667000              1.6666666666667000
       0.60250000               1.3497358082027204              0.9999996652656260              0.5999996303359556              0.8999994455038884              1.6666666666667000              1.6666666666667000
       0.60750000               1.3148758112866403              1.0000007754932734              0.6000004177132960              0.9000006265698990              1.6666666666667000              1.6666666666667000
       0.61250000               1.2820782724891642              1.0000032257486056              0.6000029785821729              0.9000044678732143              1.6666666666667000              1.6666666666667000
       0.61750000               1.2514265683860866              0.9999985419103823              0.5999973919647149              0.8999960879470273              1.6666666666667000              1.6666666666667000
       0.62250000               1.2229979524308285              1.0000025924964766              0.6000013856810731              0.9000020785215647              1.6666666666667000              1.6666666666667000
       0.62750000               1.1967899393101786              0.9999988414540646              0.5999989474332383              0.8999984211498123              1.6666666666667000              1.6666666666667000
       0.63250000               1.1727993842074340              0.9999998461174883              0.6000000542981071              0.9000000814471155              1.6666666666667000              1.6666666666667000
       0.63750000               1.1509766404637445              1.0000008634968973              0.6000012790673237              0.9000019186009406              1.6666666666667000              1.6666666666667000
       0.64250000               1.1312508411061237              1.0000009941049912              0.6000013518640029              0.9000020277959593              1.6666666666667000              1.6666666666667000
       0.64750000               1.1135326074809446              1.0000007006983682              0.6000009282964923              0.9000013924446935              1.6666666666667000              1.6666666666667000
       0.65250000               1.0977128030614309              0.9999975158116786              0.5999974371083079              0.8999961556624169              1.6666666666667000              1.6666666666667000
       0.65750000               1.0836820141537240              0.9999988654084451              0.5999986362566222              0.8999979543848883              1.6666666666667000              1.6666666666667000
       0.66250000               1.0713069082536608              0.9999984618573983              0.5999981459344657              0.8999972189016534              1.6666666666667000              1.6666666666667000
       0.66750000               1.0604623628708560              1.0000014975121641              0.6000011992360726              0.9000017988540640              1.6666666666667000              1.6666666666667000
       0.67250000               1.0510088808068629              1.0000014992344652              0.6000010299151786              0.9000015448727228              1.6666666666667000              1.6666666666667000
       0.67750000               1.0428175577964767              1.0000008178768118              0.5999995091442739              0.8999992637163658              1.6666666666667000              1.6666666666667000
       0.68250000               1.0357629259687897              0.9999995118059791              0.5999989046166385              0.8999983569249126              1.6666666666667000              1.6666666666667000
       0.68750000               1.0297210290049117              0.9999977354532192              0.5999978449680318              0.8999967674520025              1.6666666666667000              1.6666666666667000
       0.69250000               1.0245779731508908              0.9999978482438449              0.5999983722326049              0.8999975583488622              1.6666666666667000              1.6666666666667000
       0.69750000               1.0202276034230695              1.0000019820188559              0.6000026864230433              0.9000040296345199              1.6666666666667000              1.6666666666667000
       0.70250000               1.0165580701271231              0.9999987412790552              0.5999993735850317              0.8999990603775025              1.6666666666667000              1.6666666666667000
       0.70750000               1.0134912754199734              1.0000011243720395              0.6000016449952924              0.9000024674928936              1.6666666666667000              1.6666666666667000
       0.71250000               1.0109341684014996              0.9999991932175863              0.5999995548679566              0.8999993323018899              1.6666666666667000              1.6666666666667000
       0.71750000               1.0088205971298976              1.0000010238958710              0.6000012544649956              0.9000018816974483              1.6666666666667000              1.6666666666667000
       0.72250000               1.0070784270827065              1.0000004666356961              0.6000005355196082              0.9000008032793672              1.6666666666667000              1.6666666666667000
       0.72750000               1.0056497087678198              0.9999975782416731              0.5999974219292603              0.8999961328938454              1.6666666666667000              1.6666666666667000
       0.73250000               1.0044918190401233              1.0000010538554986              0.6000005759266496              0.9000008638899294              1.6666666666667000              1.6666666666667000
       0.73750000               1.0035520703044007              1.0000024116682016              0.6000013905020228              0.9000020857529892              1.6666666666667000              1.6666666666667000
       0.74250000               1.0027914709537358              1.0000003008446814              0.5999981590341568              0.8999972385511901              1.6666666666667000              1.6666666666667000
       0.74750000               1.0021850033269730              0.9999992905986886              0.5999985904415128              0.8999978856622242              1.6666666666667000              1.6666666666667000
       0.75250000               1.0017019065309452              0.9999990899385336              0.5999987509825283              0.8999981264737473              1.6666666666667000              1.6666666666667000
       0.75750000               1.0013200357757377              0.9999984511101762              0.5999991250295856              0.8999986875443335              1.6666666666667000              1.6666666666667000
       0.76250000               1.0010220365871481              1.0000024032888677              0.6000038469345103              0.9000057704017203              1.6666666666667000              1.6666666666667000
       0.76750000               1.0007781777274780              0.9999967778637383              0.5999982624267673              0.8999973936401059              1.6666666666667000              1.6666666666667000
       0.77250000               1.0005962064305429              0.9999997205375460              0.6000009070773137              0.9000013606159254              1.6666666666667000              1.6666666666667000
       0.77750000               1.0004550411778812              1.0000022893403184              0.6000029497167406              0.9000044245750658              1.6666666666667000              1.6666666666667000
       0.78250000               1.0003422027113587              0.9999992153231709              0.5999990961872793              0.8999986442808738              1.6666666666667000              1.6666666666667000
       0.78750000               1.0002578220479788              0.9999999977534889              0.5999984831002911              0.8999977246503915              1.6666666666667000              1.6666666666667000
       0.79250000               1.0001896172007025              1.0000015286799171              0.6000012955020022              0.9000019432529582              1.6666666666667000              1.6666666666667000
       0.79750000               1.0001315860178379              1.0000001753051539              0.5999994462852032              0.8999991694277597              1.6666666666667000              1.6666666666667000
       0.80250000               1.0000920500574599              1.0000001166842065              0.5999996544262677              0.8999994816393565              1.6666666666667000              1.6666666666667000
       0.80750000               1.0000627245781490              1.0000005336477924              0.6000007215044784              0.9000010822566725              1.6666666666667000              1.6666666666667000
       0.81250000               1.0000512998258586              1.0000023562095943              0.6000028444334011              0.9000042666500567              1.6666666666667000              1.6666666666667000
       0.81750000               1.0000426935854194              1.0000011180211559              0.6000015200046471              0.9000022800069256              1.6666666666667000              1.6666666666667000
       0.82250000               1.0000332382793184              1.0000014716210390              0.6000013189784204              0.9000019784675855              1.6666666666667000              1.6666666666667000
       0.82750000               1.0000263524828397              0.9999989810561826              0.5999991823095479              0.8999987734642767              1.6666666666667000              1.6666666666667000
       0.83250000               1.0000248733416115              0.9999994169632772              0.6000001268260251              0.9000001902389925              1.6666666666667000              1.6666666666667000
       0.83750000               1.0000182972734257              0.9999983528429738              0.5999992841450515              0.8999989262175322              1.6666666666667000              1.6666666666667000
       0.84250000               1.0000164871016599              1.0000001179108378              0.6000009555272091              0.9000014332907685              1.6666666666667000              1.6666666666667000
       0.84750000               1.0000125523288610              0.9999972770178787              0.5999975949205868              0.8999963923808352              1.6666666666667000              1.6666666666667000
       0.85250000               1.0000143174721650              1.0000034619330658              0.6000025001756313              0.9000037502634017              1.6666666666667000              1.6666666666667000
       0.85750000               1.0000061904270852              0.9999979895968606              0.5999973638124841              0.8999960457186812              1.6666666666667000              1.6666666666667000
       0.86250000               1.0000080426721389              0.9999995715079949              0.5999993139066545              0.8999989708599366              1.6666666666667000              1.6666666666667000
       0.86750000               1.0000116219975856              1.0000043090359807              0.6000041473231964              0.9000062209847495              1.6666666666667000              1.6666666666667000
       0.87250000               1.0000023980318731              0.9999972897978208              0.5999969053215288              0.8999953579822482              1.6666666666667000              1.6666666666667000
       0.87750000               1.0000045649707001              1.0000004985395883              0.5999994274358446              0.8999991411537218              1.6666666666667000              1.6666666666667000
       0.88250000               1.0000044359999867              1.0000001140993311              0.5999992541300925              0.8999988811950937              1.6666666666667000              1.6666666666667000
       0.88750000               1.0000027650919294              1.0000005058533799              0.6000001310060301              0.9000001965090001              1.6666666666667000              1.6666666666667000
       0.89250000               1.0000003751274811              0.9999982826374584              0.5999984764639316              0.8999977146958523              1.6666666666667000              1.6666666666667000
       0.89750000               1.0000019243787774              0.9999993603935835              0.5999998441587471              0.8999997662380755              1.6666666666667000              1.6666666666667000
       0.90250000               1.0000022924695111              0.9999995480704396              0.6000000466667964              0.9000000700001496              1.6666666666667000              1.6666666666667000
       0.90750000               1.0000020723835379              0.9999996666279137              0.5999998637255148              0.8999997955882271              1.6666666666667000              1.6666666666667000
       0.91250000               1.0000026046811465              1.0000018021364423              0.6000011549465204              0.9000017324197355              1.6666666666667000              1.6666666666667000
       0.91750000               1.0000017644617949              0.9999999818875294              0.6000005965897627              0.9000008948845990              1.6666666666667000              1.6666666666667000
       0.92250000               1.0000018152197212              0.9999994094926355              0.6000004272477308              0.9000006408715512              1.6666666666667000              1.6666666666667000
       0.92750000               1.0000032196627251              0.9999998391055007              0.6000008925288428              0.9000013387932191              1.6666666666667000              1.6666666666667000
       0.93250000               1.0000018297507738              1.0000012005535273              0.6000020529844156              0.9000030794765783              1.6666666666667000              1.6666666666667000
       0.93750000               0.9999980338902053              0.9999979231444589              0.5999983822740420              0.8999975734110179              1.6666666666667000              1.6666666666667000
       0.94250000               0.9999998642957822              1.0000000528446600              0.5999998837835382              0.8999998256752622              1.6666666666667000              1.6666666666667000
       0.94750000               0.9999995030361788              1.0000000802050490              0.5999988776864388              0.8999983165296133              1.6666666666667000              1.6666666666667000
       0.95250000               0.9999998979637661              0.9999992746582518              0.5999981474080734              0.8999972211120651              1.6666666666667000              1.6666666666667000
       0.95750000               0.9999977355608335              0.9999986041920118              0.5999982438410452              0.8999973657615226              1.6666666666667000              1.6666666666667000
       0.96250000               0.9999993997008146              0.9999999104627932              0.6000000822001740              0.9000001233002159              1.6666666666667000              1.6666666666667000
       0.96750000               1.0000005662393658              1.0000003552587309              0.6000008586641549              0.9000012879961873              1.6666666666667000              1.6666666666667000
       0.97250000               1.0000024984916005              1.0000014254802907              0.6000019674546362              0.9000029511819092              1.6666666666667000              1.6666666666667000
       0.97750000               1.0000027432108176              1.0000008323515044              0.6000010696834268              0.9000016045250951              1.6666666666667000              1.6666666666667000
       0.98250000               1.0000024027736112              1.0000028739499356              0.6000023459647342              0.9000035189470562              1.6666666666667000              1.6666666666667000
       0.98750000               0.9999986329735489              1.0000005563721421              0.5999988632971637              0.8999982949457006              1.6666666666667000              1.6666666666667000
       0.99250000               1.0000005534120098              0.9999995058623591              0.5999995195301043              0.8999992792951115              1.6666666666667000              1.6666666666667000
       0.99750000               0.9999975604739610              0.9999973522702917              0.5999980101202834              0.8999970151803801              1.6666666666667000              1.6666666666667000
