       0.00125000               1.0000000000176537              1.0000000000000089              0.5999999999999797              0.8999999999999243              1.6666666666667000              1.6666666666667000
       0.00375000               1.0000000000203899              1.0000000000000000              0.5999999999999884              0.8999999999999375              1.6666666666667000              1.6666666666667000
       0.00625000               1.0000000000254576              1.0000000000000075              0.5999999999999814              0.8999999999999272              1.6666666666667000              1.6666666666667000
       0.00875000               1.0000000000327627              1.0000000000000029              0.5999999999999870              0.8999999999999355              1.6666666666667000              1.6666666666667000
       0.01125000               1.0000000000422959              1.0000000000000036              0.5999999999999863              0.8999999999999344              1.6666666666667000              1.6666666666667000
       0.01375000               1.0000000000542917              0.9999999999999993              0.5999999999999902              0.8999999999999402              1.6666666666667000              1.6666666666667000
       0.01625000               1.0000000000692544              1.0000000000000038              0.5999999999999861              0.8999999999999340              1.6666666666667000              1.6666666666667000
       0.01875000               1.0000000000880187              1.0000000000000124              0.5999999999999780              0.8999999999999219              1.6666666666667000              1.6666666666667000
       0.02125000               1.0000000001117313              1.0000000000000024              0.5999999999999887              0.8999999999999378              1.6666666666667000              1.6666666666667000
       0.02375000               1.0000000001417324              1.0000000000000098              0.5999999999999811              0.8999999999999266              1.6666666666667000              1.6666666666667000
       0.02625000               1.0000000001796931              1.0000000000000040              0.5999999999999864              0.8999999999999346              1.6666666666667000              1.6666666666667000
       0.02875000               1.0000000002275895              1.0000000000000027              0.5999999999999870              0.8999999999999355              1.6666666666667000              1.6666666666667000
       0.03125000               1.0000000002878946              1.0000000000000031              0.5999999999999869              0.8999999999999353              1.6666666666667000              1.6666666666667000
       0.03375000               1.0000000003636906              1.0000000000000058              0.5999999999999842              0.8999999999999314              1.6666666666667000              1.6666666666667000
       0.03625000               1.0000000004588330              1.0000000000000022              0.5999999999999878              0.8999999999999366              1.6666666666667000              1.6666666666667000
       0.03875000               1.0000000005780987              1.0000000000000058              0.5999999999999837              0.8999999999999303              1.6666666666667000              1.6666666666667000
       0.04125000               1.0000000007274670              0.9999999999999973              0.5999999999999905              0.8999999999999408              1.6666666666667000              1.6666666666667000
       0.04375000               1.0000000009142898              1.0000000000000042              0.5999999999999845              0.8999999999999316              1.6666666666667000              1.6666666666667000
       0.04625000               1.0000000011477075              0.9999999999999980              0.5999999999999911              0.8999999999999416              1.6666666666667000              1.6666666666667000
       0.04875000               1.0000000014389365              0.9999999999999900              0.5999999999999989              0.8999999999999533              1.6666666666667000              1.6666666666667000
       0.05125000               1.0000000018017969              0.9999999999999989              0.5999999999999905              0.8999999999999408              1.6666666666667000              1.6666666666667000
       0.05375000               1.0000000022533573              1.0000000000000040              0.5999999999999854              0.8999999999999330              1.6666666666667000              1.6666666666667000
       0.05625000               1.0000000028145888              0.9999999999999976              0.5999999999999922              0.8999999999999434              1.6666666666667000              1.6666666666667000
       0.05875000               1.0000000035112149              0.9999999999999971              0.5999999999999940              0.8999999999999460              1.6666666666667000              1.6666666666667000
       0.06125000               1.0000000043747999              1.0000000000000013              0.5999999999999909              0.8999999999999412              1.6666666666667000              1.6666666666667000
       0.06375000               1.0000000054439899              1.0000000000000080              0.5999999999999849              0.8999999999999323              1.6666666666667000              1.6666666666667000
       0.06625000               1.0000000067660537              1.0000000000000060              0.5999999999999878              0.8999999999999365              1.6666666666667000              1.6666666666667000
       0.06875000               1.0000000083986962              1.0000000000000031              0.5999999999999924              0.8999999999999434              1.6666666666667000              1.6666666666667000
       0.07125000               1.0000000104122935              1.0000000000000016              0.5999999999999936              0.8999999999999454              1.6666666666667000              1.6666666666667000
       0.07375000               1.0000000128925639              0.9999999999999993              0.5999999999999955              0.8999999999999482              1.6666666666667000              1.6666666666667000
       0.07625000               1.0000000159437532              1.0000000000000073              0.5999999999999869              0.8999999999999354              1.6666666666667000              1.6666666666667000
       0.07875000               1.0000000196924945              0.9999999999999973              0.5999999999999966              0.8999999999999501              1.6666666666667000              1.6666666666667000
       0.08125000               1.0000000242923075              0.9999999999999991              0.5999999999999950              0.8999999999999474              1.6666666666667000              1.6666666666667000
       0.08375000               1.0000000299291845              0.9999999999999929              0.6000000000000018              0.8999999999999575              1.6666666666667000              1.6666666666667000
       0.08625000               1.0000000368280622              0.9999999999999980              0.5999999999999964              0.8999999999999496              1.6666666666667000              1.6666666666667000
       0.08875000               1.0000000452606630              1.0000000000000044              0.5999999999999905              0.8999999999999407              1.6666666666667000              1.6666666666667000
       0.09125000               1.0000000555547419              1.0000000000000031              0.5999999999999922              0.8999999999999432              1.6666666666667000              1.6666666666667000
       0.09375000               1.0000000681050578              1.0000000000000022              0.5999999999999933              0.8999999999999450              1.6666666666667000              1.6666666666667000
       0.09625000               1.0000000833864751              0.9999999999999976              0.5999999999999980              0.8999999999999519              1.6666666666667000              1.6666666666667000
       0.09875000               1.0000001019693887              0.9999999999999996              0.5999999999999962              0.8999999999999492              1.6666666666667000              1.6666666666667000
       0.10125000               1.0000001245380243              1.0000000000000000              0.5999999999999955              0.8999999999999482              1.6666666666667000              1.6666666666667000
       0.10375000               1.0000001519119952              1.0000000000000053              0.5999999999999907              0.8999999999999410              1.6666666666667000              1.6666666666667000
       0.10625000               1.0000001850717499              1.0000000000000049              0.5999999999999918              0.8999999999999426              1.6666666666667000              1.6666666666667000
       0.10875000               1.0000002251884599              1.0000000000000020              0.5999999999999952              0.8999999999999477              1.6666666666667000              1.6666666666667000
       0.11125000               1.0000002736591913              0.9999999999999973              0.5999999999999999              0.8999999999999548              1.6666666666667000              1.6666666666667000
       0.11375000               1.0000003321481299              1.0000000000000031              0.5999999999999943              0.8999999999999464              1.6666666666667000              1.6666666666667000
       0.11625000               1.0000004026349441              0.9999999999999998              0.5999999999999971              0.8999999999999506              1.6666666666667000              1.6666666666667000
       0.11875000               1.0000004874711916              1.0000000000000047              0.5999999999999921              0.8999999999999432              1.6666666666667000              1.6666666666667000
       0.12125000               1.0000005894463548              1.0000000000000060              0.5999999999999920              0.8999999999999428              1.6666666666667000              1.6666666666667000
       0.12375000               1.0000007118646712              1.0000000000000038              0.5999999999999945              0.8999999999999466              1.6666666666667000              1.6666666666667000
       0.12625000               1.0000008586346172              1.0000000000000047              0.5999999999999929              0.8999999999999442              1.6666666666667000              1.6666666666667000
       0.12875000               1.0000010343728887              1.0000000000000047              0.5999999999999929              0.8999999999999442              1.6666666666667000              1.6666666666667000
       0.13125000               1.0000012445250166              1.0000000000000033              0.5999999999999942              0.8999999999999463              1.6666666666667000              1.6666666666667000
       0.13375000               1.0000014955050505              1.0000000000000033              0.5999999999999940              0.8999999999999460              1.6666666666667000              1.6666666666667000
       0.13625000               1.0000017948570941              1.0000000000000029              0.5999999999999939              0.8999999999999457              1.6666666666667000              1.6666666666667000
       0.13875000               1.0000021514417374              1.0000000000000033              0.5999999999999932              0.8999999999999447              1.6666666666667000              1.6666666666667000
       0.14125000               1.0000025756509576              1.0000000000000036              0.5999999999999928              0.8999999999999441              1.6666666666667000              1.6666666666667000
       0.14375000               1.0000030796553583              1.0000000000000044              0.5999999999999912              0.8999999999999417              1.6666666666667000              1.6666666666667000
       0.14625000               1.0000036776881784              0.9999999999999967              0.5999999999999994              0.8999999999999539              1.6666666666667000              1.6666666666667000
       0.14875000               1.0000043863708847              1.0000000000000007              0.5999999999999950              0.8999999999999475              1.6666666666667000              1.6666666666667000
       0.15125000               1.0000052250860210              0.9999999999999973              0.5999999999999976              0.8999999999999514              1.6666666666667000              1.6666666666667000
       0.15375000               1.0000062164031498              1.0000000000000024              0.5999999999999917              0.8999999999999425              1.6666666666667000              1.6666666666667000
       0.15625000               1.0000073865649206              1.0000000000000002              0.5999999999999935              0.8999999999999453              1.6666666666667000              1.6666666666667000
       0.15875000               1.0000087660405079              0.9999999999999982              0.5999999999999949              0.8999999999999472              1.6666666666667000              1.6666666666667000
       0.16125000               1.0000103901548507              1.0000000000000013              0.5999999999999911              0.8999999999999417              1.6666666666667000              1.6666666666667000
       0.16375000               1.0000122998027658              0.9999999999999980              0.5999999999999951              0.8999999999999476              1.6666666666667000              1.6666666666667000
       0.16625000               1.0000145422578781              1.0000000000000004              0.5999999999999924              0.8999999999999436              1.6666666666667000              1.6666666666667000
       0.16875000               1.0000171720874338              0.9999999999999969              0.5999999999999952              0.8999999999999477              1.6666666666667000              1.6666666666667000
       0.17125000               1.0000202521848436              0.9999999999999989              0.5999999999999933              0.8999999999999450              1.6666666666667000              1.6666666666667000
       0.17375000               1.0000238549331759              1.0000000000000011              0.5999999999999912              0.8999999999999417              1.6666666666667000              1.6666666666667000
       0.17625000               1.0000280635136030              0.9999999999999989              0.5999999999999925              0.8999999999999438              1.6666666666667000              1.6666666666667000
       0.17875000               1.0000329733742281              0.9999999999999891              0.6000000000000021              0.8999999999999581              1.6666666666667000              1.6666666666667000
       0.18125000               1.0000386938758263              1.0000000000000013              0.5999999999999898              0.8999999999999396              1.6666666666667000              1.6666666666667000
       0.18375000               1.0000453501324609              0.9999999999999982              0.5999999999999929              0.8999999999999442              1.6666666666667000              1.6666666666667000
       0.18625000               1.0000530850657225              0.9999999999999967              0.5999999999999941              0.8999999999999461              1.6666666666667000              1.6666666666667000
       0.18875000               1.0000620616933742              0.9999999999999980              0.5999999999999921              0.8999999999999431              1.6666666666667000              1.6666666666667000
       0.19125000               1.0000724656738651              0.9999999999999976              0.5999999999999919              0.8999999999999428              1.6666666666667000              1.6666666666667000
       0.19375000               1.0000845081297642              0.9999999999999960              0.5999999999999931              0.8999999999999446              1.6666666666667000              1.6666666666667000
       0.19625000               1.0000984287743682              1.0000000000000024              0.5999999999999874              0.8999999999999361              1.6666666666667000              1.6666666666667000
       0.19875000               1.0001144993669964              1.0000000000000002              0.5999999999999898              0.8999999999999396              1.6666666666667000              1.6666666666667000
       0.20125000               1.0001330275234361              1.0000000000000000              0.5999999999999905              0.8999999999999407              1.6666666666667000              1.6666666666667000
       0.20375000               1.0001543609094095              0.9999999999999980              0.5999999999999929              0.8999999999999443              1.6666666666667000              1.6666666666667000
       0.20625000               1.0001788918454451              0.9999999999999976              0.5999999999999933              0.8999999999999448              1.6666666666667000              1.6666666666667000
       0.20875000               1.0002070623525996              0.9999999999999971              0.5999999999999933              0.8999999999999451              1.6666666666667000              1.6666666666667000
       0.21125000               1.0002393696689009              1.0000000000000011              0.5999999999999894              0.8999999999999391              1.6666666666667000              1.6666666666667000
       0.21375000               1.0002763722668133              0.9999999999999978              0.5999999999999927              0.8999999999999440              1.6666666666667000              1.6666666666667000
       0.21625000               1.0003186964019299              0.9999999999999942              0.5999999999999966              0.8999999999999500              1.6666666666667000              1.6666666666667000
       0.21875000               1.0003670432230867              0.9999999999999960              0.5999999999999949              0.8999999999999473              1.6666666666667000              1.6666666666667000
       0.22125000               1.0004221964733002              0.9999999999999936              0.5999999999999963              0.8999999999999495              1.6666666666667000              1.6666666666667000
       0.22375000               1.0004850308099038              0.9999999999999996              0.5999999999999903              0.8999999999999404              1.6666666666667000              1.6666666666667000
       0.22625000               1.0005565207709959              0.9999999999999993              0.5999999999999901              0.8999999999999401              1.6666666666667000              1.6666666666667000
       0.22875000               1.0006377504129667              0.9999999999999993              0.5999999999999893              0.8999999999999388              1.6666666666667000              1.6666666666667000
       0.23125000               1.0007299236417257              0.9999999999999931              0.5999999999999958              0.8999999999999485              1.6666666666667000              1.6666666666667000
       0.23375000               1.0008343752566600              0.9999999999999982              0.5999999999999902              0.8999999999999403              1.6666666666667000              1.6666666666667000
       0.23625000               1.0009525827228296              0.9999999999999967              0.5999999999999923              0.8999999999999434              1.6666666666667000              1.6666666666667000
       0.23875000               1.0010861786820333              0.9999999999999956              0.5999999999999941              0.8999999999999461              1.6666666666667000              1.6666666666667000
       0.24125000               1.0012369642082952              0.9999999999999984              0.5999999999999922              0.8999999999999432              1.6666666666667000              1.6666666666667000
       0.24375000               1.0014069228069851              1.0000000000000020              0.5999999999999891              0.8999999999999385              1.6666666666667000              1.6666666666667000
       0.24625000               1.0015982351497179              0.9999999999999973              0.5999999999999936              0.8999999999999455              1.6666666666667000              1.6666666666667000
       0.24875000               1.0018132945292446              1.0000000000000009              0.5999999999999901              0.8999999999999401              1.6666666666667000              1.6666666666667000
       0.25125000               1.0020547230098005              0.9999999999999980              0.5999999999999924              0.8999999999999436              1.6666666666667000              1.6666666666667000
       0.25375000               1.0023253882381860              1.0000000000000018              0.5999999999999898              0.8999999999999395              1.6666666666667000              1.6666666666667000
       0.25625000               1.0026284208704577              1.0000000000000002              0.5999999999999919              0.8999999999999428              1.6666666666667000              1.6666666666667000
       0.25875000               1.0029672325569086              1.0000000000000016              0.5999999999999898              0.8999999999999394              1.6666666666667000              1.6666666666667000
       0.26125000               1.0033455344156381              1.0000000000000007              0.5999999999999888              0.8999999999999381              1.6666666666667000              1.6666666666667000
       0.26375000               1.0037673559109956              0.9999999999999973              0.5999999999999918              0.8999999999999426              1.6666666666667000              1.6666666666667000
       0.26625000               1.0042370640387992              0.9999999999999996              0.5999999999999914              0.8999999999999421              1.6666666666667000              1.6666666666667000
       0.26875000               1.0047593827047443              0.9999999999999991              0.5999999999999917              0.8999999999999424              1.6666666666667000              1.6666666666667000
       0.27125000               1.0053394121661954              0.9999999999999973              0.5999999999999929              0.8999999999999441              1.6666666666667000              1.6666666666667000
       0.27375000               1.0059826483907910              0.9999999999999947              0.5999999999999946              0.8999999999999470              1.6666666666667000              1.6666666666667000
       0.27625000               1.0066950021677898              0.9999999999999973              0.5999999999999918              0.8999999999999425              1.6666666666667000              1.6666666666667000
       0.27875000               1.0074828177904471              0.9999999999999987              0.5999999999999900              0.8999999999999398              1.6666666666667000              1.6666666666667000
       0.28125000               1.0083528911094644              1.0000000000000031              0.5999999999999852              0.8999999999999329              1.6666666666667000              1.6666666666667000
       0.28375000               1.0093124867396457              1.0000000000000018              0.5999999999999868              0.8999999999999352              1.6666666666667000              1.6666666666667000
       0.28625000               1.0103693541837744              0.9999999999999984              0.5999999999999895              0.8999999999999394              1.6666666666667000              1.6666666666667000
       0.28875000               1.0115317426203159              0.9999999999999973              0.5999999999999909              0.8999999999999412              1.6666666666667000              1.6666666666667000
       0.29125000               1.0128084140844902              0.9999999999999950              0.5999999999999932              0.8999999999999447              1.6666666666667000              1.6666666666667000
       0.29375000               1.0142086547562261              0.9999999999999973              0.5999999999999909              0.8999999999999413              1.6666666666667000              1.6666666666667000
       0.29625000               1.0157422840537791              0.9999999999999964              0.5999999999999918              0.8999999999999427              1.6666666666667000              1.6666666666667000
       0.29875000               1.0174196612183894              0.9999999999999989              0.5999999999999889              0.8999999999999383              1.6666666666667000              1.6666666666667000
       0.30125000               1.0192516890639451              0.9999999999999989              0.5999999999999882              0.8999999999999373              1.6666666666667000              1.6666666666667000
       0.30375000               1.0212498145561517              0.9999999999999973              0.5999999999999900              0.8999999999999400              1.6666666666667000              1.6666666666667000
       0.30625000               1.0234260258791605              0.9999999999999974              0.5999999999999900              0.8999999999999398              1.6666666666667000              1.6666666666667000
       0.30875000               1.0257928456435255              0.9999999999999970              0.5999999999999904              0.8999999999999406              1.6666666666667000              1.6666666666667000
       0.31125000               1.0283633198887296              0.9999999999999968              0.5999999999999910              0.8999999999999414              1.6666666666667000              1.6666666666667000
       0.31375000               1.0311510025363699              0.9999999999999998              0.5999999999999883              0.8999999999999374              1.6666666666667000              1.6666666666667000
       0.31625000               1.0341699349569562              0.9999999999999977              0.5999999999999904              0.8999999999999406              1.6666666666667000              1.6666666666667000
       0.31875000               1.0374346203241243              0.9999999999999966              0.5999999999999915              0.8999999999999422              1.6666666666667000              1.6666666666667000
       0.32125000               1.0409599924457433              0.9999999999999983              0.5999999999999894              0.8999999999999391              1.6666666666667000              1.6666666666667000
       0.32375000               1.0447613787815198              0.9999999999999968              0.5999999999999913              0.8999999999999420              1.6666666666667000              1.6666666666667000
       0.32625000               1.0488544573820877              0.9999999999999979              0.5999999999999902              0.8999999999999402              1.6666666666667000              1.6666666666667000
       0.32875000               1.0532552075149886              0.9999999999999979              0.5999999999999895              0.8999999999999392              1.6666666666667000              1.6666666666667000
       0.33125000               1.0579798537787029              1.0000000000000011              0.5999999999999862              0.8999999999999343              1.6666666666667000              1.6666666666667000
       0.33375000               1.0630448035471818              0.9999999999999990              0.5999999999999889              0.8999999999999382              1.6666666666667000              1.6666666666667000
       0.33625000               1.0684665776337186              1.0000000000000016              0.5999999999999864              0.8999999999999345              1.6666666666667000              1.6666666666667000
       0.33875000               1.0742617341150897              0.9999999999999996              0.5999999999999877              0.8999999999999365              1.6666666666667000              1.6666666666667000
       0.34125000               1.0804467853138571              0.9999999999999976              0.5999999999999895              0.8999999999999392              1.6666666666667000              1.6666666666667000
       0.34375000               1.0870381079991986              0.9999999999999973              0.5999999999999902              0.8999999999999402              1.6666666666667000              1.6666666666667000
       0.34625000               1.0940518469332356              0.9999999999999943              0.5999999999999939              0.8999999999999458              1.6666666666667000              1.6666666666667000
       0.34875000               1.1015038119610474              0.9999999999999931              0.5999999999999948              0.8999999999999471              1.6666666666667000              1.6666666666667000
       0.35125000               1.1094093689176241              0.9999999999999940              0.5999999999999935              0.8999999999999452              1.6666666666667000              1.6666666666667000
       0.35375000               1.1177833247034348              0.9999999999999968              0.5999999999999905              0.8999999999999407              1.6666666666667000              1.6666666666667000
       0.35625000               1.1266398069614045              0.9999999999999959              0.5999999999999915              0.8999999999999423              1.6666666666667000              1.6666666666667000
       0.35875000               1.1359921388711196              0.9999999999999979              0.5999999999999897              0.8999999999999394              1.6666666666667000              1.6666666666667000
       0.36125000               1.1458527096599940              0.9999999999999959              0.5999999999999921              0.8999999999999431              1.6666666666667000              1.6666666666667000
       0.36375000               1.1562328415149994              0.9999999999999958              0.5999999999999927              0.8999999999999438              1.6666666666667000              1.6666666666667000
       0.36625000               1.1671426536624985              0.9999999999999957              0.5999999999999931              0.8999999999999445              1.6666666666667000              1.6666666666667000
       0.36875000               1.1785909244656694              0.9999999999999954              0.5999999999999929              0.8999999999999443              1.6666666666667000              1.6666666666667000
       0.37125000               1.1905849524683951              0.9999999999999940              0.5999999999999949              0.8999999999999473              1.6666666666667000              1.6666666666667000
       0.37375000               1.2031304173887465              0.9999999999999948              0.5999999999999953              0.8999999999999478              1.6666666666667000              1.6666666666667000
       0.37625000               1.2162312421341512              0.9999999999999946              0.5999999999999961              0.8999999999999491              1.6666666666667000              1.6666666666667000
       0.37875000               1.2298894569737542              0.9999999999999940              0.5999999999999966              0.8999999999999501              1.6666666666667000              1.6666666666667000
       0.38125000               1.2441050670607865              0.9999999999999961              0.5999999999999948              0.8999999999999471              1.6666666666667000              1.6666666666667000
       0.38375000               1.2588759245464884              0.9999999999999968              0.5999999999999945              0.8999999999999467              1.6666666666667000              1.6666666666667000
       0.38625000               1.2741976065643812              0.9999999999999990              0.5999999999999935              0.8999999999999452              1.6666666666667000              1.6666666666667000
       0.38875000               1.2900633003880135              0.9999999999999991              0.5999999999999936              0.8999999999999453              1.6666666666667000              1.6666666666667000
       0.39125000               1.3064636970784309              1.0000000000000004              0.5999999999999915              0.8999999999999423              1.6666666666667000              1.6666666666667000
       0.39375000               1.3233868949419787              1.0000000000000018              0.5999999999999898              0.8999999999999396              1.6666666666667000              1.6666666666667000
       0.39625000               1.3408183141131886              1.0000000000000022              0.5999999999999893              0.8999999999999388              1.6666666666667000              1.6666666666667000
       0.39875000               1.3587406235554058              1.0000000000000040              0.5999999999999871              0.8999999999999355              1.6666666666667000              1.6666666666667000
       0.40125000               1.3771336817274427              1.0000000000000056              0.5999999999999843              0.8999999999999314              1.6666666666667000              1.6666666666667000
       0.40375000               1.3959744921002406              1.0000000000000053              0.5999999999999838              0.8999999999999306              1.6666666666667000              1.6666666666667000
       0.40625000               1.4152371746343366              1.0000000000000044              0.5999999999999852              0.8999999999999327              1.6666666666667000              1.6666666666667000
       0.40875000               1.4348929542544380              1.0000000000000040              0.5999999999999853              0.8999999999999329              1.6666666666667000              1.6666666666667000
       0.41125000               1.4549101672752021              1.0000000000000051              0.5999999999999841              0.8999999999999312              1.6666666666667000              1.6666666666667000
       0.41375000               1.4752542866223528              1.0000000000000040              0.5999999999999850              0.8999999999999324              1.6666666666667000              1.6666666666667000
       0.41625000               1.4958879665436557              1.0000000000000033              0.5999999999999861              0.8999999999999341              1.6666666666667000              1.6666666666667000
       0.41875000               1.5167711073304131              1.0000000000000016              0.5999999999999869              0.8999999999999353              1.6666666666667000              1.6666666666667000
       0.42125000               1.5378609404095642              1.0000000000000018              0.5999999999999857              0.8999999999999334              1.6666666666667000              1.6666666666667000
       0.42375000               1.5591121340422029              1.0000000000000013              0.5999999999999855              0.8999999999999331              1.6666666666667000              1.6666666666667000
       0.42625000               1.5804769197497135              1.0000000000000013              0.5999999999999854              0.8999999999999331              1.6666666666667000              1.6666666666667000
       0.42875000               1.6019052394209679              1.0000000000000011              0.5999999999999849              0.8999999999999322              1.6666666666667000              1.6666666666667000
       0.43125000               1.6233449127936876              1.0000000000000009              0.5999999999999849              0.8999999999999324              1.6666666666667000              1.6666666666667000
       0.43375000               1.6447418246979340              1.0000000000000016              0.5999999999999854              0.8999999999999332              1.6666666666667000              1.6666666666667000
       0.43625000               1.6660401312165847              1.0000000000000002              0.5999999999999863              0.8999999999999344              1.6666666666667000              1.6666666666667000
       0.43875000               1.6871824838407199              0.9999999999999996              0.5999999999999867              0.8999999999999350              1.6666666666667000              1.6666666666667000
       0.44125000               1.7081102707166498              0.9999999999999992              0.5999999999999867              0.8999999999999350              1.6666666666667000              1.6666666666667000
       0.44375000               1.7287638740006515              0.9999999999999982              0.5999999999999875              0.8999999999999363              1.6666666666667000              1.6666666666667000
       0.44625000               1.7490829419887453              0.9999999999999976              0.5999999999999885              0.8999999999999377              1.6666666666667000              1.6666666666667000
       0.44875000               1.7690066741293049              0.9999999999999981              0.5999999999999877              0.8999999999999364              1.6666666666667000              1.6666666666667000
       0.45125000               1.7884741165769471              0.9999999999999977              0.5999999999999880              0.8999999999999370              1.6666666666667000              1.6666666666667000
       0.45375000               1.8074244659621186              0.9999999999999978              0.5999999999999869              0.8999999999999354              1.6666666666667000              1.6666666666667000
       0.45625000               1.8257973795692579              0.9999999999999984              0.5999999999999868              0.8999999999999351              1.6666666666667000              1.6666666666667000
       0.45875000               1.8435332906930426              1.0000000000000002              0.5999999999999848              0.8999999999999321              1.6666666666667000              1.6666666666667000
       0.46125000               1.8605737279030379              1.0000000000000002              0.5999999999999848              0.8999999999999322              1.6666666666667000              1.6666666666667000
       0.46375000               1.8768616359571799              0.9999999999999998              0.5999999999999851              0.8999999999999325              1.6666666666667000              1.6666666666667000
       0.46625000               1.8923416946155769              0.9999999999999999              0.5999999999999845              0.8999999999999319              1.6666666666667000              1.6666666666667000
       0.46875000               1.9069606307323699              1.0000000000000007              0.5999999999999831              0.8999999999999295              1.6666666666667000              1.6666666666667000
       0.47125000               1.9206675197608607              1.0000000000000009              0.5999999999999824              0.8999999999999286              1.6666666666667000              1.6666666666667000
       0.47375000               1.9334140751929481              1.0000000000000011              0.5999999999999822              0.8999999999999282              1.6666666666667000              1.6666666666667000
       0.47625000               1.9451549271058781              0.9999999999999994              0.5999999999999851              0.8999999999999325              1.6666666666667000              1.6666666666667000
       0.47875000               1.9558478918558604              0.9999999999999971              0.5999999999999890              0.8999999999999384              1.6666666666667000              1.6666666666667000
       0.48125000               1.9654542327011861              0.9999999999999963              0.5999999999999909              0.8999999999999412              1.6666666666667000              1.6666666666667000
       0.48375000               1.9739389063535886              0.9999999999999960              0.5999999999999915              0.8999999999999423              1.6666666666667000              1.6666666666667000
       0.48625000               1.9812707857844096              0.9999999999999974              0.5999999999999897              0.8999999999999394              1.6666666666667000              1.6666666666667000
       0.48875000               1.9874228484457825              0.9999999999999990              0.5999999999999869              0.8999999999999353              1.6666666666667000              1.6666666666667000
       0.49125000               1.9923723235578463              0.9999999999999986              0.5999999999999868              0.8999999999999351              1.6666666666667000              1.6666666666667000
       0.49375000               1.9961008017010662              0.9999999999999974              0.5999999999999870              0.8999999999999355              1.6666666666667000              1.6666666666667000
       0.49625000               1.9985943214503821              0.9999999999999960              0.5999999999999890              0.8999999999999384              1.6666666666667000              1.6666666666667000
       0.49875000               1.9998434570034573              0.9999999999999958              0.5999999999999887              0.8999999999999378              1.6666666666667000              1.6666666666667000
       0.50125000               1.9998434326630030              0.9999999999999966              0.5999999999999868              0.8999999999999351              1.6666666666667000              1.6666666666667000
       0.50375000               1.9985942518499431              0.9999999999999967              0.5999999999999864              0.8999999999999347              1.6666666666667000              1.6666666666667000
       0.50625000               1.9961006902007481              0.9999999999999959              0.5999999999999878              0.8999999999999365              1.6666666666667000              1.6666666666667000
       0.50875000               1.9923721599347628              0.9999999999999940              0.5999999999999905              0.8999999999999408              1.6666666666667000              1.6666666666667000
       0.51125000               1.9874226113340647              0.9999999999999944              0.5999999999999905              0.8999999999999407              1.6666666666667000              1.6666666666667000
       0.51375000               1.9812704578130120              0.9999999999999954              0.5999999999999900              0.8999999999999400              1.6666666666667000              1.6666666666667000
       0.51625000               1.9739384869411796              0.9999999999999970              0.5999999999999882              0.8999999999999373              1.6666666666667000              1.6666666666667000
       0.51875000               1.9654537390291211              0.9999999999999993              0.5999999999999844              0.8999999999999315              1.6666666666667000              1.6666666666667000
       0.52125000               1.9558473491178467              0.9999999999999993              0.5999999999999842              0.8999999999999314              1.6666666666667000              1.6666666666667000
       0.52375000               1.9451543560202187              0.9999999999999976              0.5999999999999871              0.8999999999999356              1.6666666666667000              1.6666666666667000
       0.52625000               1.9334134847848727              0.9999999999999982              0.5999999999999859              0.8999999999999337              1.6666666666667000              1.6666666666667000
       0.52875000               1.9206669084348715              0.9999999999999977              0.5999999999999871              0.8999999999999355              1.6666666666667000              1.6666666666667000
       0.53125000               1.9069599929925549              0.9999999999999972              0.5999999999999875              0.8999999999999362              1.6666666666667000              1.6666666666667000
       0.53375000               1.8923410280911825              0.9999999999999974              0.5999999999999872              0.8999999999999359              1.6666666666667000              1.6666666666667000
       0.53625000               1.8768609445870925              0.9999999999999983              0.5999999999999860              0.8999999999999341              1.6666666666667000              1.6666666666667000
       0.53875000               1.8605730205341839              0.9999999999999990              0.5999999999999844              0.8999999999999315              1.6666666666667000              1.6666666666667000
       0.54125000               1.8435325773019018              1.0000000000000002              0.5999999999999832              0.8999999999999296              1.6666666666667000              1.6666666666667000
       0.54375000               1.8257966681022311              1.0000000000000007              0.5999999999999831              0.8999999999999297              1.6666666666667000              1.6666666666667000
       0.54625000               1.8074237614932445              1.0000000000000004              0.5999999999999833              0.8999999999999299              1.6666666666667000              1.6666666666667000
       0.54875000               1.7884734224958627              0.9999999999999998              0.5999999999999841              0.8999999999999311              1.6666666666667000              1.6666666666667000
       0.55125000               1.7690059938702183              0.9999999999999991              0.5999999999999843              0.8999999999999314              1.6666666666667000              1.6666666666667000
       0.55375000               1.7490822799502435              0.9999999999999994              0.5999999999999840              0.8999999999999310              1.6666666666667000              1.6666666666667000
       0.55625000               1.7287632352961591              0.9999999999999999              0.5999999999999840              0.8999999999999309              1.6666666666667000              1.6666666666667000
       0.55875000               1.7081096603112926              1.0000000000000002              0.5999999999999834              0.8999999999999301              1.6666666666667000              1.6666666666667000
       0.56125000               1.6871819058671822              1.0000000000000002              0.5999999999999834              0.8999999999999302              1.6666666666667000              1.6666666666667000
       0.56375000               1.6660395888680244              0.9999999999999993              0.5999999999999849              0.8999999999999323              1.6666666666667000              1.6666666666667000
       0.56625000               1.6447413205497381              0.9999999999999992              0.5999999999999847              0.8999999999999319              1.6666666666667000              1.6666666666667000
       0.56875000               1.6233444491498292              0.9999999999999989              0.5999999999999851              0.8999999999999325              1.6666666666667000              1.6666666666667000
       0.57125000               1.6019048184082205              0.9999999999999988              0.5999999999999855              0.8999999999999332              1.6666666666667000              1.6666666666667000
       0.57375000               1.5804765431735543              0.9999999999999983              0.5999999999999870              0.8999999999999354              1.6666666666667000              1.6666666666667000
       0.57625000               1.5591118031990128              0.9999999999999976              0.5999999999999892              0.8999999999999386              1.6666666666667000              1.6666666666667000
       0.57875000               1.5378606560186927              0.9999999999999981              0.5999999999999893              0.8999999999999388              1.6666666666667000              1.6666666666667000
       0.58125000               1.5167708696015445              0.9999999999999981              0.5999999999999892              0.8999999999999388              1.6666666666667000              1.6666666666667000
       0.58375000               1.4958877752856590              0.9999999999999988              0.5999999999999880              0.8999999999999370              1.6666666666667000              1.6666666666667000
       0.58625000               1.4752541413032962              0.9999999999999992              0.5999999999999863              0.8999999999999344              1.6666666666667000              1.6666666666667000
       0.58875000               1.4549100670186184              0.9999999999999977              0.5999999999999881              0.8999999999999371              1.6666666666667000              1.6666666666667000
       0.59125000               1.4348928978177671              0.9999999999999971              0.5999999999999881              0.8999999999999372              1.6666666666667000              1.6666666666667000
       0.59375000               1.4152371604166030              1.0000000000000002              0.5999999999999840              0.8999999999999310              1.6666666666667000              1.6666666666667000
       0.59625000               1.3959745181866785              1.0000000000000020              0.5999999999999812              0.8999999999999267              1.6666666666667000              1.6666666666667000
       0.59875000               1.3771337459462905              1.0000000000000002              0.5999999999999827              0.8999999999999290              1.6666666666667000              1.6666666666667000
       0.60125000               1.3587407235219939              0.9999999999999979              0.5999999999999855              0.8999999999999333              1.6666666666667000              1.6666666666667000
       0.60375000               1.3408184472575049              0.9999999999999972              0.5999999999999870              0.8999999999999354              1.6666666666667000              1.6666666666667000
       0.60625000               1.3233870585324674              1.0000000000000002              0.5999999999999837              0.8999999999999304              1.6666666666667000              1.6666666666667000
       0.60875000               1.3064638882537025              1.0000000000000038              0.5999999999999799              0.8999999999999249              1.6666666666667000              1.6666666666667000
       0.61125000               1.2900635161966625              1.0000000000000038              0.5999999999999807              0.8999999999999259              1.6666666666667000              1.6666666666667000
       0.61375000               1.2741978440050419              0.9999999999999967              0.5999999999999892              0.8999999999999388              1.6666666666667000              1.6666666666667000
       0.61625000               1.2588761806019482              0.9999999999999917              0.5999999999999945              0.8999999999999467              1.6666666666667000              1.6666666666667000
       0.61875000               1.2441053387264611              0.9999999999999993              0.5999999999999845              0.8999999999999317              1.6666666666667000              1.6666666666667000
       0.62125000               1.2298897412843475              1.0000000000000051              0.5999999999999783              0.8999999999999224              1.6666666666667000              1.6666666666667000
       0.62375000               1.2162315361907026              1.0000000000000018              0.5999999999999820              0.8999999999999280              1.6666666666667000              1.6666666666667000
       0.62625000               1.2031307183850302              0.9999999999999981              0.5999999999999860              0.8999999999999340              1.6666666666667000              1.6666666666667000
       0.62875000               1.1905852577143030              0.9999999999999992              0.5999999999999857              0.8999999999999334              1.6666666666667000              1.6666666666667000
       0.63125000               1.1785912314065388              0.9999999999999972              0.5999999999999875              0.8999999999999363              1.6666666666667000              1.6666666666667000
       0.63375000               1.1671429598949505              0.9999999999999997              0.5999999999999849              0.8999999999999322              1.6666666666667000              1.6666666666667000
       0.63625000               1.1562331448005232              0.9999999999999973              0.5999999999999875              0.8999999999999363              1.6666666666667000              1.6666666666667000
       0.63875000               1.1458530079364446              0.9999999999999971              0.5999999999999878              0.8999999999999365              1.6666666666667000              1.6666666666667000
       0.64125000               1.1359924302616804              1.0000000000000027              0.5999999999999819              0.8999999999999279              1.6666666666667000              1.6666666666667000
       0.64375000               1.1266400897805180              1.0000000000000071              0.5999999999999773              0.8999999999999210              1.6666666666667000              1.6666666666667000
       0.64625000               1.1177835974598951              1.0000000000000020              0.5999999999999834              0.8999999999999300              1.6666666666667000              1.6666666666667000
       0.64875000               1.1094096303152436              0.9999999999999962              0.5999999999999895              0.8999999999999392              1.6666666666667000              1.6666666666667000
       0.65125000               1.1015040608973372              0.9999999999999980              0.5999999999999880              0.8999999999999370              1.6666666666667000              1.6666666666667000
       0.65375000               1.0940520824961517              0.9999999999999971              0.5999999999999883              0.8999999999999373              1.6666666666667000              1.6666666666667000
       0.65625000               1.0870383294618933              1.0000000000000018              0.5999999999999837              0.8999999999999304              1.6666666666667000              1.6666666666667000
       0.65875000               1.0804469921277300              0.9999999999999973              0.5999999999999888              0.8999999999999380              1.6666666666667000              1.6666666666667000
       0.66125000               1.0742619259013091              1.0000000000000011              0.5999999999999853              0.8999999999999329              1.6666666666667000              1.6666666666667000
       0.66375000               1.0684667541735908              1.0000000000000004              0.5999999999999860              0.8999999999999339              1.6666666666667000              1.6666666666667000
       0.66625000               1.0630449647715223              1.0000000000000020              0.5999999999999850              0.8999999999999323              1.6666666666667000              1.6666666666667000
       0.66875000               1.0579799997564490              0.9999999999999990              0.5999999999999891              0.8999999999999385              1.6666666666667000              1.6666666666667000
       0.67125000               1.0532553384411212              0.9999999999999969              0.5999999999999914              0.8999999999999422              1.6666666666667000              1.6666666666667000
       0.67375000               1.0488545735651602              1.0000000000000007              0.5999999999999875              0.8999999999999362              1.6666666666667000              1.6666666666667000
       0.67625000               1.0447614806310022              1.0000000000000007              0.5999999999999864              0.8999999999999345              1.6666666666667000              1.6666666666667000
       0.67875000               1.0409600804593262              1.0000000000000053              0.5999999999999812              0.8999999999999267              1.6666666666667000              1.6666666666667000
       0.68125000               1.0374346950751518              0.9999999999999956              0.5999999999999908              0.8999999999999411              1.6666666666667000              1.6666666666667000
       0.68375000               1.0341699970820619              1.0000000000000009              0.5999999999999859              0.8999999999999339              1.6666666666667000              1.6666666666667000
       0.68625000               1.0311510527236001              1.0000000000000036              0.5999999999999842              0.8999999999999312              1.6666666666667000              1.6666666666667000
       0.68875000               1.0283633588661083              0.9999999999999927              0.5999999999999954              0.8999999999999481              1.6666666666667000              1.6666666666667000
       0.69125000               1.0257928741682036              0.9999999999999863              0.6000000000000021              0.8999999999999582              1.6666666666667000              1.6666666666667000
       0.69375000               1.0234260447272729              0.9999999999999927              0.5999999999999961              0.8999999999999492              1.6666666666667000              1.6666666666667000
       0.69625000               1.0212498245134385              0.9999999999999932              0.5999999999999952              0.8999999999999477              1.6666666666667000              1.6666666666667000
       0.69875000               1.0192516909170932              0.9999999999999993              0.5999999999999888              0.8999999999999381              1.6666666666667000              1.6666666666667000
       0.70125000               1.0174196557472555              1.0000000000000004              0.5999999999999873              0.8999999999999360              1.6666666666667000              1.6666666666667000
       0.70375000               1.0157422720243927              1.0000000000000031              0.5999999999999845              0.8999999999999317              1.6666666666667000              1.6666666666667000
       0.70625000               1.0142086369146754              1.0000000000000016              0.5999999999999851              0.8999999999999325              1.6666666666667000              1.6666666666667000
       0.70875000               1.0128083911515768              1.0000000000000020              0.5999999999999839              0.8999999999999307              1.6666666666667000              1.6666666666667000
       0.71125000               1.0115317152870671              1.0000000000000138              0.5999999999999720              0.8999999999999130              1.6666666666667000              1.6666666666667000
       0.71375000               1.0103693231077775              1.0000000000000013              0.5999999999999847              0.8999999999999319              1.6666666666667000              1.6666666666667000
       0.71625000               1.0093124525420263              0.9999999999999901              0.5999999999999959              0.8999999999999487              1.6666666666667000              1.6666666666667000
       0.71875000               1.0083528543726163              1.0000000000000018              0.5999999999999837              0.8999999999999303              1.6666666666667000              1.6666666666667000
       0.72125000               1.0074827790565006              0.9999999999999962              0.5999999999999885              0.8999999999999377              1.6666666666667000              1.6666666666667000
       0.72375000               1.0066949619375802              0.9999999999999991              0.5999999999999855              0.8999999999999333              1.6666666666667000              1.6666666666667000
       0.72625000               1.0059826071234621              0.9999999999999998              0.5999999999999849              0.8999999999999324              1.6666666666667000              1.6666666666667000
       0.72875000               1.0053393702792750              0.9999999999999976              0.5999999999999864              0.8999999999999346              1.6666666666667000              1.6666666666667000
       0.73125000               1.0047593405746529              0.9999999999999989              0.5999999999999849              0.8999999999999324              1.6666666666667000              1.6666666666667000
       0.73375000               1.0042370220018026              0.9999999999999938              0.5999999999999902              0.8999999999999403              1.6666666666667000              1.6666666666667000
       0.73625000               1.0037673142644177              1.0000000000000011              0.5999999999999837              0.8999999999999305              1.6666666666667000              1.6666666666667000
       0.73875000               1.0033454934194432              0.9999999999999956              0.5999999999999900              0.8999999999999398              1.6666666666667000              1.6666666666667000
       0.74125000               1.0029671924354142              1.0000000000000007              0.5999999999999853              0.8999999999999329              1.6666666666667000              1.6666666666667000
       0.74375000               1.0026283818143500              0.9999999999999953              0.5999999999999900              0.8999999999999400              1.6666666666667000              1.6666666666667000
       0.74625000               1.0023253504065808              0.9999999999999998              0.5999999999999859              0.8999999999999339              1.6666666666667000              1.6666666666667000
       0.74875000               1.0020546865324671              0.9999999999999918              0.5999999999999938              0.8999999999999455              1.6666666666667000              1.6666666666667000
       0.75125000               1.0018132595088249              0.9999999999999976              0.5999999999999880              0.8999999999999369              1.6666666666667000              1.6666666666667000
       0.75375000               1.0015982016640235              1.0000000000000013              0.5999999999999845              0.8999999999999319              1.6666666666667000              1.6666666666667000
       0.75625000               1.0014068909112783              1.0000000000000004              0.5999999999999854              0.8999999999999331              1.6666666666667000              1.6666666666667000
       0.75875000               1.0012369339374789              0.9999999999999938              0.5999999999999918              0.8999999999999426              1.6666666666667000              1.6666666666667000
       0.76125000               1.0010861500528576              1.0000000000000009              0.5999999999999838              0.8999999999999306              1.6666666666667000              1.6666666666667000
       0.76375000               1.0009525557360357              0.9999999999999956              0.5999999999999889              0.8999999999999382              1.6666666666667000              1.6666666666667000
       0.76625000               1.0008343498989627              0.9999999999999900              0.5999999999999950              0.8999999999999474              1.6666666666667000              1.6666666666667000
       0.76875000               1.0007298998877368              0.9999999999999976              0.5999999999999873              0.8999999999999359              1.6666666666667000              1.6666666666667000
       0.77125000               1.0006377282270436              0.9999999999999993              0.5999999999999860              0.8999999999999339              1.6666666666667000              1.6666666666667000
       0.77375000               1.0005565001088688              0.9999999999999996              0.5999999999999869              0.8999999999999352              1.6666666666667000              1.6666666666667000
       0.77625000               1.0004850116202404              0.9999999999999938              0.5999999999999929              0.8999999999999443              1.6666666666667000              1.6666666666667000
       0.77875000               1.0004221786990981              0.9999999999999962              0.5999999999999901              0.8999999999999402              1.6666666666667000              1.6666666666667000
       0.78125000               1.0003670268030374              0.9999999999999976              0.5999999999999882              0.8999999999999373              1.6666666666667000              1.6666666666667000
       0.78375000               1.0003186812715577              1.0000000000000027              0.5999999999999827              0.8999999999999290              1.6666666666667000              1.6666666666667000
       0.78625000               1.0002763583595540              1.0000000000000038              0.5999999999999817              0.8999999999999275              1.6666666666667000              1.6666666666667000
       0.78875000               1.0002393569170007              1.0000000000000011              0.5999999999999839              0.8999999999999307              1.6666666666667000              1.6666666666667000
       0.79125000               1.0002070506879235              1.0000000000000000              0.5999999999999835              0.8999999999999303              1.6666666666667000              1.6666666666667000
       0.79375000               1.0001788812002084              0.9999999999999913              0.5999999999999921              0.8999999999999431              1.6666666666667000              1.6666666666667000
       0.79625000               1.0001543512167475              0.9999999999999907              0.5999999999999931              0.8999999999999446              1.6666666666667000              1.6666666666667000
       0.79875000               1.0001330187179391              0.9999999999999922              0.5999999999999919              0.8999999999999428              1.6666666666667000              1.6666666666667000
       0.80125000               1.0001144913851308              0.9999999999999940              0.5999999999999901              0.8999999999999402              1.6666666666667000              1.6666666666667000
       0.80375000               1.0000984215548130              1.0000000000000031              0.5999999999999807              0.8999999999999261              1.6666666666667000              1.6666666666667000
       0.80625000               1.0000845016136675              1.0000000000000075              0.5999999999999754              0.8999999999999181              1.6666666666667000              1.6666666666667000
       0.80875000               1.0000724598050830              1.0000000000000016              0.5999999999999812              0.8999999999999267              1.6666666666667000              1.6666666666667000
       0.81125000               1.0000620564185705              0.9999999999999998              0.5999999999999828              0.8999999999999291              1.6666666666667000              1.6666666666667000
       0.81375000               1.0000530803344927              0.9999999999999993              0.5999999999999838              0.8999999999999306              1.6666666666667000              1.6666666666667000
       0.81625000               1.0000453458973784              0.9999999999999929              0.5999999999999913              0.8999999999999420              1.6666666666667000              1.6666666666667000
       0.81875000               1.0000386900924092              1.0000000000000118              0.5999999999999724              0.8999999999999136              1.6666666666667000              1.6666666666667000
       0.82125000               1.0000329700009962              0.9999999999999942              0.5999999999999892              0.8999999999999387              1.6666666666667000              1.6666666666667000
       0.82375000               1.0000280605119691              0.9999999999999909              0.5999999999999915              0.8999999999999422              1.6666666666667000              1.6666666666667000
       0.82625000               1.0000238522673481              1.0000000000000042              0.5999999999999779              0.8999999999999219              1.6666666666667000              1.6666666666667000
       0.82875000               1.0000202498217952              0.9999999999999971              0.5999999999999864              0.8999999999999345              1.6666666666667000              1.6666666666667000
       0.83125000               1.0000171699967337              1.0000000000000022              0.5999999999999815              0.8999999999999273              1.6666666666667000              1.6666666666667000
       0.83375000               1.0000145404116101              1.0000000000000022              0.5999999999999812              0.8999999999999267              1.6666666666667000              1.6666666666667000
       0.83625000               1.0000122981753661              1.0000000000000018              0.5999999999999813              0.8999999999999269              1.6666666666667000              1.6666666666667000
       0.83875000               1.0000103887229974              1.0000000000000102              0.5999999999999723              0.8999999999999135              1.6666666666667000              1.6666666666667000
       0.84125000               1.0000087647830112              0.9999999999999996              0.5999999999999829              0.8999999999999292              1.6666666666667000              1.6666666666667000
       0.84375000               1.0000073854625320              1.0000000000000058              0.5999999999999767              0.8999999999999199              1.6666666666667000              1.6666666666667000
       0.84625000               1.0000062154384879              0.9999999999999987              0.5999999999999839              0.8999999999999306              1.6666666666667000              1.6666666666667000
       0.84875000               1.0000052242433786              1.0000000000000040              0.5999999999999782              0.8999999999999223              1.6666666666667000              1.6666666666667000
       0.85125000               1.0000043856361500              1.0000000000000047              0.5999999999999774              0.8999999999999210              1.6666666666667000              1.6666666666667000
       0.85375000               1.0000036770486631              0.9999999999999980              0.5999999999999838              0.8999999999999305              1.6666666666667000              1.6666666666667000
       0.85625000               1.0000030790996994              0.9999999999999971              0.5999999999999837              0.8999999999999305              1.6666666666667000              1.6666666666667000
       0.85875000               1.0000025751689865              0.9999999999999987              0.5999999999999817              0.8999999999999273              1.6666666666667000              1.6666666666667000
       0.86125000               1.0000021510243977              1.0000000000000073              0.5999999999999734              0.8999999999999151              1.6666666666667000              1.6666666666667000
       0.86375000               1.0000017944963384              1.0000000000000042              0.5999999999999766              0.8999999999999199              1.6666666666667000              1.6666666666667000
       0.86625000               1.0000014951937257              1.0000000000000033              0.5999999999999777              0.8999999999999215              1.6666666666667000              1.6666666666667000
       0.86875000               1.0000012442567965              1.0000000000000024              0.5999999999999789              0.8999999999999234              1.6666666666667000              1.6666666666667000
       0.87125000               1.0000010341422070              0.9999999999999991              0.5999999999999832              0.8999999999999297              1.6666666666667000              1.6666666666667000
       0.87375000               1.0000008584365576              1.0000000000000033              0.5999999999999798              0.8999999999999245              1.6666666666667000              1.6666666666667000
       0.87625000               1.0000007116949190              0.9999999999999993              0.5999999999999837              0.8999999999999304              1.6666666666667000              1.6666666666667000
       0.87875000               1.0000005893010930              1.0000000000000047              0.5999999999999780              0.8999999999999219              1.6666666666667000              1.6666666666667000
       0.88125000               1.0000004873470882              1.0000000000000064              0.5999999999999764              0.8999999999999196              1.6666666666667000              1.6666666666667000
       0.88375000               1.0000004025290974              0.9999999999999969              0.5999999999999857              0.8999999999999334              1.6666666666667000              1.6666666666667000
       0.88625000               1.0000003320579935              1.0000000000000053              0.5999999999999772              0.8999999999999206              1.6666666666667000              1.6666666666667000
       0.88875000               1.0000002735825515              1.0000000000000049              0.5999999999999786              0.8999999999999228              1.6666666666667000              1.6666666666667000
       0.89125000               1.0000002251234097              1.0000000000000031              0.5999999999999805              0.8999999999999257              1.6666666666667000              1.6666666666667000
       0.89375000               1.0000001850166156              1.0000000000000036              0.5999999999999809              0.8999999999999263              1.6666666666667000              1.6666666666667000
       0.89625000               1.0000001518653336              1.0000000000000069              0.5999999999999782              0.8999999999999222              1.6666666666667000              1.6666666666667000
       0.89875000               1.0000001244985917              1.0000000000000115              0.5999999999999738              0.8999999999999156              1.6666666666667000              1.6666666666667000
       0.90125000               1.0000001019361464              1.0000000000000029              0.5999999999999815              0.8999999999999274              1.6666666666667000              1.6666666666667000
       0.90375000               1.0000000833585074              0.9999999999999973              0.5999999999999862              0.8999999999999343              1.6666666666667000              1.6666666666667000
       0.90625000               1.0000000680815617              0.9999999999999998              0.5999999999999837              0.8999999999999304              1.6666666666667000              1.6666666666667000
       0.90875000               1.0000000555350164              1.0000000000000058              0.5999999999999780              0.8999999999999219              1.6666666666667000              1.6666666666667000
       0.91125000               1.0000000452441333              1.0000000000000004              0.5999999999999833              0.8999999999999300              1.6666666666667000              1.6666666666667000
       0.91375000               1.0000000368142175              1.0000000000000018              0.5999999999999818              0.8999999999999275              1.6666666666667000              1.6666666666667000
       0.91625000               1.0000000299176179              1.0000000000000029              0.5999999999999803              0.8999999999999254              1.6666666666667000              1.6666666666667000
       0.91875000               1.0000000242826859              0.9999999999999951              0.5999999999999883              0.8999999999999374              1.6666666666667000              1.6666666666667000
       0.92125000               1.0000000196844907              0.9999999999999998              0.5999999999999839              0.8999999999999307              1.6666666666667000              1.6666666666667000
       0.92375000               1.0000000159371114              0.9999999999999978              0.5999999999999870              0.8999999999999354              1.6666666666667000              1.6666666666667000
       0.92625000               1.0000000128870234              1.0000000000000042              0.5999999999999809              0.8999999999999262              1.6666666666667000              1.6666666666667000
       0.92875000               1.0000000104076900              0.9999999999999973              0.5999999999999882              0.8999999999999372              1.6666666666667000              1.6666666666667000
       0.93125000               1.0000000083948752              1.0000000000000038              0.5999999999999817              0.8999999999999274              1.6666666666667000              1.6666666666667000
       0.93375000               1.0000000067628867              1.0000000000000084              0.5999999999999778              0.8999999999999215              1.6666666666667000              1.6666666666667000
       0.93625000               1.0000000054413578              1.0000000000000044              0.5999999999999830              0.8999999999999294              1.6666666666667000              1.6666666666667000
       0.93875000               1.0000000043725858              1.0000000000000075              0.5999999999999798              0.8999999999999246              1.6666666666667000              1.6666666666667000
       0.94125000               1.0000000035093612              1.0000000000000104              0.5999999999999769              0.8999999999999202              1.6666666666667000              1.6666666666667000
       0.94375000               1.0000000028130749              1.0000000000000018              0.5999999999999857              0.8999999999999334              1.6666666666667000              1.6666666666667000
       0.94625000               1.0000000022521389              1.0000000000000053              0.5999999999999819              0.8999999999999277              1.6666666666667000              1.6666666666667000
       0.94875000               1.0000000018008057              1.0000000000000036              0.5999999999999838              0.8999999999999306              1.6666666666667000              1.6666666666667000
       0.95125000               1.0000000014380777              1.0000000000000013              0.5999999999999864              0.8999999999999346              1.6666666666667000              1.6666666666667000
       0.95375000               1.0000000011469194              1.0000000000000060              0.5999999999999821              0.8999999999999282              1.6666666666667000              1.6666666666667000
       0.95625000               1.0000000009135588              1.0000000000000102              0.5999999999999786              0.8999999999999228              1.6666666666667000              1.6666666666667000
       0.95875000               1.0000000007268430              1.0000000000000007              0.5999999999999885              0.8999999999999377              1.6666666666667000              1.6666666666667000
       0.96125000               1.0000000005776526              1.0000000000000024              0.5999999999999868              0.8999999999999351              1.6666666666667000              1.6666666666667000
       0.96375000               1.0000000004585643              1.0000000000000013              0.5999999999999883              0.8999999999999373              1.6666666666667000              1.6666666666667000
       0.96625000               1.0000000003635325              0.9999999999999920              0.5999999999999973              0.8999999999999510              1.6666666666667000              1.6666666666667000
       0.96875000               1.0000000002876874              1.0000000000000033              0.5999999999999858              0.8999999999999336              1.6666666666667000              1.6666666666667000
       0.97125000               1.0000000002272680              0.9999999999999998              0.5999999999999890              0.8999999999999384              1.6666666666667000              1.6666666666667000
       0.97375000               1.0000000001793004              0.9999999999999980              0.5999999999999901              0.8999999999999401              1.6666666666667000              1.6666666666667000
       0.97625000               1.0000000001414306              0.9999999999999938              0.5999999999999942              0.8999999999999463              1.6666666666667000              1.6666666666667000
       0.97875000               1.0000000001116507              1.0000000000000036              0.5999999999999849              0.8999999999999322              1.6666666666667000              1.6666666666667000
       0.98125000               1.0000000000882181              1.0000000000000020              0.5999999999999874              0.8999999999999361              1.6666666666667000              1.6666666666667000
       0.98375000               1.0000000000695637              1.0000000000000053              0.5999999999999835              0.8999999999999303              1.6666666666667000              1.6666666666667000
       0.98625000               1.0000000000544778              0.9999999999999993              0.5999999999999888              0.8999999999999382              1.6666666666667000              1.6666666666667000
       0.98875000               1.0000000000421696              1.0000000000000022              0.5999999999999851              0.8999999999999325              1.6666666666667000              1.6666666666667000
       0.99125000               1.0000000000322979              1.0000000000000056              0.5999999999999815              0.8999999999999272              1.6666666666667000              1.6666666666667000
       0.99375000               1.0000000000248204              1.0000000000000038              0.5999999999999840              0.8999999999999310              1.6666666666667000              1.6666666666667000
       0.99625000               1.0000000000198304              1.0000000000000047              0.5999999999999833              0.8999999999999300              1.6666666666667000              1.6666666666667000
       0.99875000               1.0000000000174443              0.9999999999999980              0.5999999999999902              0.8999999999999404              1.6666666666667000              1.6666666666667000
