       0.00250000               1.0000000000329889              1.0000000000007399              0.6000000000119494              0.9000000000178791              1.6666666666667000              1.6666666666667000
       0.00750000               1.0000000000415903              1.0000000000022173              0.6000000000119716              0.9000000000179125              1.6666666666667000              1.6666666666667000
       0.01250000               1.0000000000597833              1.0000000000036993              0.6000000000120087              0.9000000000179680              1.6666666666667000              1.6666666666667000
       0.01750000               1.0000000000905584              1.0000000000051785              0.6000000000120649              0.9000000000180522              1.6666666666667000              1.6666666666667000
       0.02250000               1.0000000001397698              1.0000000000066618              0.6000000000121313              0.9000000000181519              1.6666666666667000              1.6666666666667000
       0.02750000               1.0000000002175793              1.0000000000081313              0.6000000000122269              0.9000000000182953              1.6666666666667000              1.6666666666667000
       0.03250000               1.0000000003403742              1.0000000000096099              0.6000000000123262              0.9000000000184442              1.6666666666667000              1.6666666666667000
       0.03750000               1.0000000005338077              1.0000000000110856              0.6000000000124409              0.9000000000186164              1.6666666666667000              1.6666666666667000
       0.04250000               1.0000000008373473              1.0000000000125575              0.6000000000125717              0.9000000000188125              1.6666666666667000              1.6666666666667000
       0.04750000               1.0000000013113377              1.0000000000140217              0.6000000000127182              0.9000000000190322              1.6666666666667000              1.6666666666667000
       0.05250000               1.0000000020476543              1.0000000000154825              0.6000000000128713              0.9000000000192619              1.6666666666667000              1.6666666666667000
       0.05750000               1.0000000031855945              1.0000000000169369              0.6000000000130354              0.9000000000195081              1.6666666666667000              1.6666666666667000
       0.06250000               1.0000000049352704              1.0000000000183886              0.6000000000132043              0.9000000000197614              1.6666666666667000              1.6666666666667000
       0.06750000               1.0000000076119235              1.0000000000198419              0.6000000000133712              0.9000000000200117              1.6666666666667000              1.6666666666667000
       0.07250000               1.0000000116859773              1.0000000000212721              0.6000000000135584              0.9000000000202925              1.6666666666667000              1.6666666666667000
       0.07750000               1.0000000178555011              1.0000000000227001              0.6000000000137421              0.9000000000205681              1.6666666666667000              1.6666666666667000
       0.08250000               1.0000000271508533              1.0000000000241180              0.6000000000139267              0.9000000000208449              1.6666666666667000              1.6666666666667000
       0.08750000               1.0000000410845094              1.0000000000255329              0.6000000000141035              0.9000000000211102              1.6666666666667000              1.6666666666667000
       0.09250000               1.0000000618645639              1.0000000000269438              0.6000000000142699              0.9000000000213598              1.6666666666667000              1.6666666666667000
       0.09750000               1.0000000926970312              1.0000000000283353              0.6000000000144375              0.9000000000216112              1.6666666666667000              1.6666666666667000
       0.10250000               1.0000001382112258              1.0000000000297211              0.6000000000145876              0.9000000000218363              1.6666666666667000              1.6666666666667000
       0.10750000               1.0000002050549015              1.0000000000310911              0.6000000000147258              0.9000000000220436              1.6666666666667000              1.6666666666667000
       0.11250000               1.0000003027215152              1.0000000000324363              0.6000000000148606              0.9000000000222460              1.6666666666667000              1.6666666666667000
       0.11750000               1.0000004446931718              1.0000000000337674              0.6000000000149767              0.9000000000224199              1.6666666666667000              1.6666666666667000
       0.12250000               1.0000006500099314              1.0000000000350828              0.6000000000150691              0.9000000000225586              1.6666666666667000              1.6666666666667000
       0.12750000               1.0000009454108241              1.0000000000363760              0.6000000000151403              0.9000000000226654              1.6666666666667000              1.6666666666667000
       0.13250000               1.0000013682363591              1.0000000000376545              0.6000000000151794              0.9000000000227241              1.6666666666667000              1.6666666666667000
       0.13750000               1.0000019703381704              1.0000000000389058              0.6000000000151924              0.9000000000227434              1.6666666666667000              1.6666666666667000
       0.14250000               1.0000028233109959              1.0000000000401372              0.6000000000151654              0.9000000000227031              1.6666666666667000              1.6666666666667000
       0.14750000               1.0000040254485856              1.0000000000413192              0.6000000000151207              0.9000000000226359              1.6666666666667000              1.6666666666667000
       0.15250000               1.0000057109299216              1.0000000000424778              0.6000000000150236              0.9000000000224905              1.6666666666667000              1.6666666666667000
       0.15750000               1.0000080618698310              1.0000000000435900              0.6000000000148898              0.9000000000222896              1.6666666666667000              1.6666666666667000
       0.16250000               1.0000113240190642              1.0000000000446509              0.6000000000147129              0.9000000000220242              1.6666666666667000              1.6666666666667000
       0.16750000               1.0000158270781923              1.0000000000456710              0.6000000000144713              0.9000000000216619              1.6666666666667000              1.6666666666667000
       0.17250000               1.0000220107968760              1.0000000000466303              0.6000000000141698              0.9000000000212096              1.6666666666667000              1.6666666666667000
       0.17750000               1.0000304582670119              1.0000000000475238              0.6000000000137953              0.9000000000206478              1.6666666666667000              1.6666666666667000
       0.18250000               1.0000419380845342              1.0000000000483371              0.6000000000133451              0.9000000000199725              1.6666666666667000              1.6666666666667000
       0.18750000               1.0000574573468917              1.0000000000490599              0.6000000000128114              0.9000000000191719              1.6666666666667000              1.6666666666667000
       0.19250000               1.0000783277677430              1.0000000000496769              0.6000000000121837              0.9000000000182303              1.6666666666667000              1.6666666666667000
       0.19750000               1.0001062475181994              1.0000000000501805              0.6000000000114426              0.9000000000171189              1.6666666666667000              1.6666666666667000
       0.20250000               1.0001434017330024              1.0000000000505502              0.6000000000105767              0.9000000000158200              1.6666666666667000              1.6666666666667000
       0.20750000               1.0001925849329287              1.0000000000507663              0.6000000000095703              0.9000000000143104              1.6666666666667000              1.6666666666667000
       0.21250000               1.0002573488902438              1.0000000000507965              0.6000000000084162              0.9000000000125792              1.6666666666667000              1.6666666666667000
       0.21750000               1.0003421796756538              1.0000000000506397              0.6000000000070730              0.9000000000105646              1.6666666666667000              1.6666666666667000
       0.22250000               1.0004527077410612              1.0000000000502576              0.6000000000055336              0.9000000000082553              1.6666666666667000              1.6666666666667000
       0.22750000               1.0005959548709895              1.0000000000496208              0.6000000000037763              0.9000000000056194              1.6666666666667000              1.6666666666667000
       0.23250000               1.0007806216292396              1.0000000000486984              0.6000000000017802              0.9000000000026253              1.6666666666667000              1.6666666666667000
       0.23750000               1.0010174184828078              1.0000000000474609              0.5999999999995205              0.8999999999992356              1.6666666666667000              1.6666666666667000
       0.24250000               1.0013194430548826              1.0000000000458646              0.5999999999969843              0.8999999999954315              1.6666666666667000              1.6666666666667000
       0.24750000               1.0017026048988598              1.0000000000438865              0.5999999999941399              0.8999999999911646              1.6666666666667000              1.6666666666667000
       0.25250000               1.0021860977448511              1.0000000000414975              0.5999999999909623              0.8999999999863983              1.6666666666667000              1.6666666666667000
       0.25750000               1.0027929172694801              1.0000000000386542              0.5999999999874485              0.8999999999811276              1.6666666666667000              1.6666666666667000
       0.26250000               1.0035504199668539              1.0000000000353246              0.5999999999835882              0.8999999999753372              1.6666666666667000              1.6666666666667000
       0.26750000               1.0044909155435122              1.0000000000314968              0.5999999999793650              0.8999999999690025              1.6666666666667000              1.6666666666667000
       0.27250000               1.0056522813988442              1.0000000000271314              0.5999999999747955              0.8999999999621481              1.6666666666667000              1.6666666666667000
       0.27750000               1.0070785833380023              1.0000000000222182              0.5999999999698815              0.8999999999547773              1.6666666666667000              1.6666666666667000
       0.28250000               1.0088206820571650              1.0000000000167431              0.5999999999646453              0.8999999999469228              1.6666666666667000              1.6666666666667000
       0.28750000               1.0109368006171913              1.0000000000106937              0.5999999999591225              0.8999999999386387              1.6666666666667000              1.6666666666667000
       0.29250000               1.0134930244833182              1.0000000000040776              0.5999999999533510              0.8999999999299814              1.6666666666667000              1.6666666666667000
       0.29750000               1.0165637028779262              0.9999999999969065              0.5999999999473822              0.8999999999210282              1.6666666666667000              1.6666666666667000
       0.30250000               1.0202317179372258              0.9999999999891884              0.5999999999412914              0.8999999999118921              1.6666666666667000              1.6666666666667000
       0.30750000               1.0245885860167656              0.9999999999809527              0.5999999999351572              0.8999999999026905              1.6666666666667000              1.6666666666667000
       0.31250000               1.0297343530526277              0.9999999999722319              0.5999999999290667              0.8999999998935549              1.6666666666667000              1.6666666666667000
       0.31750000               1.0357772431409202              0.9999999999630761              0.5999999999231118              0.8999999998846226              1.6666666666667000              1.6666666666667000
       0.32250000               1.0428330170217199              0.9999999999535258              0.5999999999174083              0.8999999998760673              1.6666666666667000              1.6666666666667000
       0.32750000               1.0510239960809524              0.9999999999436427              0.5999999999120659              0.8999999998680537              1.6666666666667000              1.6666666666667000
       0.33250000               1.0604777092659305              0.9999999999334822              0.5999999999072140              0.8999999998607759              1.6666666666667000              1.6666666666667000
       0.33750000               1.0713251263069072              0.9999999999231103              0.5999999999029807              0.8999999998544260              1.6666666666667000              1.6666666666667000
       0.34250000               1.0836984516381301              0.9999999999126024              0.5999999998994868              0.8999999998491852              1.6666666666667000              1.6666666666667000
       0.34750000               1.0977284691897913              0.9999999999020335              0.5999999998968569              0.8999999998452403              1.6666666666667000              1.6666666666667000
       0.35250000               1.1135414473769778              0.9999999998914867              0.5999999998952085              0.8999999998427676              1.6666666666667000              1.6666666666667000
       0.35750000               1.1312556341021762              0.9999999998810495              0.5999999998946534              0.8999999998419349              1.6666666666667000              1.6666666666667000
       0.36250000               1.1509773920163175              0.9999999998708134              0.5999999998952907              0.8999999998428910              1.6666666666667000              1.6666666666667000
       0.36750000               1.1727970448976630              0.9999999998608740              0.5999999998972069              0.8999999998457653              1.6666666666667000              1.6666666666667000
       0.37250000               1.1967845276260254              0.9999999998513261              0.5999999999004753              0.8999999998506677              1.6666666666667000              1.6666666666667000
       0.37750000               1.2229849531714303              0.9999999998422748              0.5999999999051421              0.8999999998576681              1.6666666666667000              1.6666666666667000
       0.38250000               1.2514142253054783              0.9999999998338303              0.5999999999112261              0.8999999998667942              1.6666666666667000              1.6666666666667000
       0.38750000               1.2820548331337243              0.9999999998260979              0.5999999999187297              0.8999999998780495              1.6666666666667000              1.6666666666667000
       0.39250000               1.3148519714465514              0.9999999998191943              0.5999999999276177              0.8999999998913816              1.6666666666667000              1.6666666666667000
       0.39750000               1.3497101528922661              0.9999999998132392              0.5999999999378230              0.8999999999066896              1.6666666666667000              1.6666666666667000
       0.40250000               1.3864905091092981              0.9999999998083462              0.5999999999492563              0.8999999999238394              1.6666666666667000              1.6666666666667000
       0.40750000               1.4250089800406380              0.9999999998046348              0.5999999999617884              0.8999999999426376              1.6666666666667000              1.6666666666667000
       0.41250000               1.4650355249517328              0.9999999998022198              0.5999999999752610              0.8999999999628464              1.6666666666667000              1.6666666666667000
       0.41750000               1.5062943808490790              0.9999999998012108              0.5999999999894859              0.8999999999841838              1.6666666666667000              1.6666666666667000
       0.42250000               1.5484653464346128              0.9999999998017031              0.6000000000042616              0.9000000000063473              1.6666666666667000              1.6666666666667000
       0.42750000               1.5911861636297275              0.9999999998037785              0.6000000000193726              0.9000000000290138              1.6666666666667000              1.6666666666667000
       0.43250000               1.6340562383454615              0.9999999998075029              0.6000000000345926              0.9000000000518439              1.6666666666667000              1.6666666666667000
       0.43750000               1.6766419888027566              0.9999999998129220              0.6000000000496840              0.9000000000744810              1.6666666666667000              1.6666666666667000
       0.44250000               1.7184838945796654              0.9999999998200584              0.6000000000644133              0.9000000000965750              1.6666666666667000              1.6666666666667000
       0.44750000               1.7591049391786462              0.9999999998288992              0.6000000000785707              0.9000000001178111              1.6666666666667000              1.6666666666667000
       0.45250000               1.7980198587040905              0.9999999998394025              0.6000000000919637              0.9000000001379005              1.6666666666667000              1.6666666666667000
       0.45750000               1.8347446162705245              0.9999999998515033              0.6000000001044214              0.9000000001565871              1.6666666666667000              1.6666666666667000
       0.46250000               1.8688057758733803              0.9999999998651048              0.6000000001158036              0.9000000001736602              1.6666666666667000              1.6666666666667000
       0.46750000               1.8997497563317087              0.9999999998800905              0.6000000001259861              0.9000000001889340              1.6666666666667000              1.6666666666667000
       0.47250000               1.9271521153454494              0.9999999998963244              0.6000000001348627              0.9000000002022488              1.6666666666667000              1.6666666666667000
       0.47750000               1.9506269533101901              0.9999999999136464              0.6000000001423546              0.9000000002134868              1.6666666666667000              1.6666666666667000
       0.48250000               1.9698362606668169              0.9999999999318759              0.6000000001484069              0.9000000002225653              1.6666666666667000              1.6666666666667000
       0.48750000               1.9844986937108222              0.9999999999508202              0.6000000001529817              0.9000000002294275              1.6666666666667000              1.6666666666667000
       0.49250000               1.9943970550327703              0.9999999999702852              0.6000000001560446              0.9000000002340219              1.6666666666667000              1.6666666666667000
       0.49750000               1.9993838458499777              0.9999999999900596              0.6000000001575850              0.9000000002363324              1.6666666666667000              1.6666666666667000
       0.50250000               1.9993846415737078              1.0000000000099374              0.6000000001575914              0.9000000002363420              1.6666666666667000              1.6666666666667000
       0.50750000               1.9943994865804811              1.0000000000297149              0.6000000001560553              0.9000000002340378              1.6666666666667000              1.6666666666667000
       0.51250000               1.9845026992073003              1.0000000000491835              0.6000000001529863              0.9000000002294344              1.6666666666667000              1.6666666666667000
       0.51750000               1.9698412908991125              1.0000000000681304              0.6000000001484110              0.9000000002225715              1.6666666666667000              1.6666666666667000
       0.52250000               1.9506318211209979              1.0000000000863556              0.6000000001423583              0.9000000002134925              1.6666666666667000              1.6666666666667000
       0.52750000               1.9271553154667913              1.0000000001036748              0.6000000001348625              0.9000000002022488              1.6666666666667000              1.6666666666667000
       0.53250000               1.8997501126069669              1.0000000001199125              0.6000000001259821              0.9000000001889282              1.6666666666667000              1.6666666666667000
       0.53750000               1.8688030263455679              1.0000000001349030              0.6000000001158027              0.9000000001736590              1.6666666666667000              1.6666666666667000
       0.54250000               1.8347395989569293              1.0000000001485070              0.6000000001044200              0.9000000001565849              1.6666666666667000              1.6666666666667000
       0.54750000               1.7980142078541075              1.0000000001606053              0.6000000000919580              0.9000000001378918              1.6666666666667000              1.6666666666667000
       0.55250000               1.7591004498633169              1.0000000001711014              0.6000000000785667              0.9000000001178050              1.6666666666667000              1.6666666666667000
       0.55750000               1.7184818467664953              1.0000000001799356              0.6000000000644091              0.9000000000965686              1.6666666666667000              1.6666666666667000
       0.56250000               1.6766427197540279              1.0000000001870699              0.6000000000496796              0.9000000000744743              1.6666666666667000              1.6666666666667000
       0.56750000               1.6340591344354132              1.0000000001924914              0.6000000000345963              0.9000000000518494              1.6666666666667000              1.6666666666667000
       0.57250000               1.5911900489907165              1.0000000001962197              0.6000000000193815              0.9000000000290270              1.6666666666667000              1.6666666666667000
       0.57750000               1.5484690530847387              1.0000000001982934              0.6000000000042727              0.9000000000063639              1.6666666666667000              1.6666666666667000
       0.58250000               1.5062972015786364              1.0000000001987861              0.5999999999894911              0.8999999999841914              1.6666666666667000              1.6666666666667000
       0.58750000               1.4650373433387534              1.0000000001977776              0.5999999999752627              0.8999999999628489              1.6666666666667000              1.6666666666667000
       0.59250000               1.4250100857685100              1.0000000001953708              0.5999999999617873              0.8999999999426359              1.6666666666667000              1.6666666666667000
       0.59750000               1.3864912857174496              1.0000000001916611              0.5999999999492589              0.8999999999238433              1.6666666666667000              1.6666666666667000
       0.60250000               1.3497108470934083              1.0000000001867659              0.5999999999378300              0.8999999999067000              1.6666666666667000              1.6666666666667000
       0.60750000               1.3148526346397305              1.0000000001808069              0.5999999999276232              0.8999999998913898              1.6666666666667000              1.6666666666667000
       0.61250000               1.2820553882029624              1.0000000001739051              0.5999999999187320              0.8999999998780529              1.6666666666667000              1.6666666666667000
       0.61750000               1.2514145585200958              1.0000000001661720              0.5999999999112272              0.8999999998667957              1.6666666666667000              1.6666666666667000
       0.62250000               1.2229849675232569              1.0000000001577216              0.5999999999051410              0.8999999998576663              1.6666666666667000              1.6666666666667000
       0.62750000               1.1967841553385266              1.0000000001486735              0.5999999999004685              0.8999999998506576              1.6666666666667000              1.6666666666667000
       0.63250000               1.1727962466388038              1.0000000001391198              0.5999999998972022              0.8999999998457583              1.6666666666667000              1.6666666666667000
       0.63750000               1.1509761624527672              1.0000000001291793              0.5999999998952793              0.8999999998428739              1.6666666666667000              1.6666666666667000
       0.64250000               1.1312540137959288              1.0000000001189404              0.5999999998946427              0.8999999998419190              1.6666666666667000              1.6666666666667000
       0.64750000               1.1135395309642089              1.0000000001085103              0.5999999998951936              0.8999999998427454              1.6666666666667000              1.6666666666667000
       0.65250000               1.0977264016799990              1.0000000000979747              0.5999999998968366              0.8999999998452097              1.6666666666667000              1.6666666666667000
       0.65750000               1.0836964110335721              1.0000000000873983              0.5999999998994823              0.8999999998491783              1.6666666666667000              1.6666666666667000
       0.66250000               1.0713232959636629              1.0000000000768929              0.5999999999029796              0.8999999998544244              1.6666666666667000              1.6666666666667000
       0.66750000               1.0604762464465918              1.0000000000665203              0.5999999999072183              0.8999999998607824              1.6666666666667000              1.6666666666667000
       0.67250000               1.0510230044047468              1.0000000000563609              0.5999999999120659              0.8999999998680538              1.6666666666667000              1.6666666666667000
       0.67750000               1.0428325298274681              1.0000000000464728              0.5999999999174065              0.8999999998760646              1.6666666666667000              1.6666666666667000
       0.68250000               1.0357772219174022              1.0000000000369231              0.5999999999231111              0.8999999998846216              1.6666666666667000              1.6666666666667000
       0.68750000               1.0297347007970630              1.0000000000277756              0.5999999999290567              0.8999999998935398              1.6666666666667000              1.6666666666667000
       0.69250000               1.0245891712336261              1.0000000000190474              0.5999999999351642              0.8999999999027012              1.6666666666667000              1.6666666666667000
       0.69750000               1.0202324024871565              1.0000000000108240              0.5999999999412895              0.8999999999118892              1.6666666666667000              1.6666666666667000
       0.70250000               1.0165643667041389              1.0000000000031020              0.5999999999473828              0.8999999999210292              1.6666666666667000              1.6666666666667000
       0.70750000               1.0134935820939146              0.9999999999959258              0.5999999999533466              0.8999999999299749              1.6666666666667000              1.6666666666667000
       0.71250000               1.0109372071783147              0.9999999999893107              0.5999999999591156              0.8999999999386283              1.6666666666667000              1.6666666666667000
       0.71750000               1.0088209299715081              0.9999999999832618              0.5999999999646408              0.8999999999469163              1.6666666666667000              1.6666666666667000
       0.72250000               1.0070786923670081              0.9999999999777858              0.5999999999698741              0.8999999999547661              1.6666666666667000              1.6666666666667000
       0.72750000               1.0056522862700701              0.9999999999728597              0.5999999999748005              0.8999999999621556              1.6666666666667000              1.6666666666667000
       0.73250000               1.0044908545804840              0.9999999999685065              0.5999999999793634              0.8999999999689999              1.6666666666667000              1.6666666666667000
       0.73750000               1.0035503269959747              0.9999999999646649              0.5999999999835930              0.8999999999753444              1.6666666666667000              1.6666666666667000
       0.74250000               1.0027928175008258              0.9999999999613418              0.5999999999874555              0.8999999999811382              1.6666666666667000              1.6666666666667000
       0.74750000               1.0021860070514386              0.9999999999585064              0.5999999999909597              0.8999999999863944              1.6666666666667000              1.6666666666667000
       0.75250000               1.0017025312504166              0.9999999999561177              0.5999999999941272              0.8999999999911458              1.6666666666667000              1.6666666666667000
       0.75750000               1.0013193888139424              0.9999999999541419              0.5999999999969752              0.8999999999954176              1.6666666666667000              1.6666666666667000
       0.76250000               1.0010173826300333              0.9999999999525532              0.5999999999995151              0.8999999999992278              1.6666666666667000              1.6666666666667000
       0.76750000               1.0007806014639926              0.9999999999512907              0.6000000000017930              0.9000000000026445              1.6666666666667000              1.6666666666667000
       0.77250000               1.0005959471133681              0.9999999999503741              0.6000000000037792              0.9000000000056237              1.6666666666667000              1.6666666666667000
       0.77750000               1.0004527091586897              0.9999999999497436              0.6000000000055252              0.9000000000082429              1.6666666666667000              1.6666666666667000
       0.78250000               1.0003421873994882              0.9999999999493463              0.6000000000070745              0.9000000000105668              1.6666666666667000              1.6666666666667000
       0.78750000               1.0002573605467495              0.9999999999491831              0.6000000000084182              0.9000000000125822              1.6666666666667000              1.6666666666667000
       0.79250000               1.0001925986700511              0.9999999999492359              0.6000000000095689              0.9000000000143082              1.6666666666667000              1.6666666666667000
       0.79750000               1.0001434161841261              0.9999999999494497              0.6000000000105760              0.9000000000158189              1.6666666666667000              1.6666666666667000
       0.80250000               1.0001062617330019              0.9999999999498113              0.6000000000114484              0.9000000000171274              1.6666666666667000              1.6666666666667000
       0.80750000               1.0000783411311058              0.9999999999503176              0.6000000000121876              0.9000000000182362              1.6666666666667000              1.6666666666667000
       0.81250000               1.0000574695002689              0.9999999999509378              0.6000000000128208              0.9000000000191863              1.6666666666667000              1.6666666666667000
       0.81750000               1.0000419488572028              0.9999999999516724              0.6000000000133444              0.9000000000199716              1.6666666666667000              1.6666666666667000
       0.82250000               1.0000304676197138              0.9999999999524868              0.6000000000137896              0.9000000000206394              1.6666666666667000              1.6666666666667000
       0.82750000               1.0000220187773610              0.9999999999533696              0.6000000000141662              0.9000000000212043              1.6666666666667000              1.6666666666667000
       0.83250000               1.0000158337874263              0.9999999999543153              0.6000000000144790              0.9000000000216734              1.6666666666667000              1.6666666666667000
       0.83750000               1.0000113295865012              0.9999999999553405              0.6000000000147109              0.9000000000220213              1.6666666666667000              1.6666666666667000
       0.84250000               1.0000080664362037              0.9999999999564101              0.6000000000148964              0.9000000000222995              1.6666666666667000              1.6666666666667000
       0.84750000               1.0000057146356476              0.9999999999575231              0.6000000000150336              0.9000000000225054              1.6666666666667000              1.6666666666667000
       0.85250000               1.0000040284265079              0.9999999999586769              0.6000000000151264              0.9000000000226447              1.6666666666667000              1.6666666666667000
       0.85750000               1.0000028256821996              0.9999999999598789              0.6000000000151680              0.9000000000227070              1.6666666666667000              1.6666666666667000
       0.86250000               1.0000019722099573              0.9999999999610999              0.6000000000151868              0.9000000000227352              1.6666666666667000              1.6666666666667000
       0.86750000               1.0000013697017425              0.9999999999623495              0.6000000000151725              0.9000000000227136              1.6666666666667000              1.6666666666667000
       0.87250000               1.0000009465489468              0.9999999999636229              0.6000000000151294              0.9000000000226491              1.6666666666667000              1.6666666666667000
       0.87750000               1.0000006508871129              0.9999999999649167              0.6000000000150633              0.9000000000225498              1.6666666666667000              1.6666666666667000
       0.88250000               1.0000004453641997              0.9999999999662299              0.6000000000149743              0.9000000000224164              1.6666666666667000              1.6666666666667000
       0.88750000               1.0000003032310971              0.9999999999675682              0.6000000000148596              0.9000000000222443              1.6666666666667000              1.6666666666667000
       0.89250000               1.0000002054391322              0.9999999999689162              0.6000000000147345              0.9000000000220566              1.6666666666667000              1.6666666666667000
       0.89750000               1.0000001384989210              0.9999999999702807              0.6000000000145940              0.9000000000218459              1.6666666666667000              1.6666666666667000
       0.90250000               1.0000000929109720              0.9999999999716658              0.6000000000144337              0.9000000000216054              1.6666666666667000              1.6666666666667000
       0.90750000               1.0000000620225868              0.9999999999730622              0.6000000000142648              0.9000000000213521              1.6666666666667000              1.6666666666667000
       0.91250000               1.0000000412004291              0.9999999999744618              0.6000000000140964              0.9000000000210996              1.6666666666667000              1.6666666666667000
       0.91750000               1.0000000272353051              0.9999999999758702              0.6000000000139247              0.9000000000208419              1.6666666666667000              1.6666666666667000
       0.92250000               1.0000000179166160              0.9999999999772957              0.6000000000137437              0.9000000000205702              1.6666666666667000              1.6666666666667000
       0.92750000               1.0000000117299424              0.9999999999787321              0.6000000000135581              0.9000000000202921              1.6666666666667000              1.6666666666667000
       0.93250000               1.0000000076434143              0.9999999999801639              0.6000000000133853              0.9000000000200328              1.6666666666667000              1.6666666666667000
       0.93750000               1.0000000049576889              0.9999999999816112              0.6000000000132069              0.9000000000197652              1.6666666666667000              1.6666666666667000
       0.94250000               1.0000000032014136              0.9999999999830598              0.6000000000130390              0.9000000000195133              1.6666666666667000              1.6666666666667000
       0.94750000               1.0000000020586419              0.9999999999845222              0.6000000000128687              0.9000000000192580              1.6666666666667000              1.6666666666667000
       0.95250000               1.0000000013188575              0.9999999999859757              0.6000000000127214              0.9000000000190369              1.6666666666667000              1.6666666666667000
       0.95750000               1.0000000008424914              0.9999999999874432              0.6000000000125749              0.9000000000188173              1.6666666666667000              1.6666666666667000
       0.96250000               1.0000000005374421              0.9999999999889175              0.6000000000124364              0.9000000000186095              1.6666666666667000              1.6666666666667000
       0.96750000               1.0000000003430922              0.9999999999903799              0.6000000000123259              0.9000000000184438              1.6666666666667000              1.6666666666667000
       0.97250000               1.0000000002196081              0.9999999999918614              0.6000000000122147              0.9000000000182770              1.6666666666667000              1.6666666666667000
       0.97750000               1.0000000001411238              0.9999999999933404              0.6000000000121249              0.9000000000181424              1.6666666666667000              1.6666666666667000
       0.98250000               1.0000000000912006              0.9999999999948177              0.6000000000120553              0.9000000000180380              1.6666666666667000              1.6666666666667000
       0.98750000               1.0000000000598457              0.9999999999962998              0.6000000000119994              0.9000000000179541              1.6666666666667000              1.6666666666667000
       0.99250000               1.0000000000413938              0.9999999999977749              0.6000000000119700              0.9000000000179099              1.6666666666667000              1.6666666666667000
       0.99750000               1.0000000000328737              0.9999999999992595              0.6000000000119484              0.9000000000178776              1.6666666666667000              1.6666666666667000
