       0.01000000               0.9999999890601303              1.0000000000000016              0.5999999999999867              0.8999999999999350              1.6666666666667000              1.6666666666667000
       0.03000000               1.0000000632872181              1.0000000000000004              0.5999999999999880              0.8999999999999369              1.6666666666667000              1.6666666666667000
       0.05000000               1.0000002599750575              0.9999999999999998              0.5999999999999883              0.8999999999999375              1.6666666666667000              1.6666666666667000
       0.07000000               1.0000007557740873              0.9999999999999993              0.5999999999999889              0.8999999999999382              1.6666666666667000              1.6666666666667000
       0.09000000               1.0000020236401170              1.0000000000000007              0.5999999999999880              0.8999999999999370              1.6666666666667000              1.6666666666667000
       0.11000000               1.0000052848980807              1.0000000000000004              0.5999999999999873              0.8999999999999361              1.6666666666667000              1.6666666666667000
       0.13000000               1.0000136137071289              1.0000000000000009              0.5999999999999872              0.8999999999999359              1.6666666666667000              1.6666666666667000
       0.15000000               1.0000345836606410              1.0000000000000020              0.5999999999999865              0.8999999999999346              1.6666666666667000              1.6666666666667000
       0.17000000               1.0000864468258939              0.9999999999999998              0.5999999999999882              0.8999999999999372              1.6666666666667000              1.6666666666667000
       0.19000000               1.0002121854969201              1.0000000000000002              0.5999999999999880              0.8999999999999370              1.6666666666667000              1.6666666666667000
       0.21000000               1.0005104942326710              1.0000000000000004              0.5999999999999874              0.8999999999999362              1.6666666666667000              1.6666666666667000
       0.23000000               1.0012015729912993              1.0000000000000004              0.5999999999999872              0.8999999999999357              1.6666666666667000              1.6666666666667000
       0.25000000               1.0027603570247401              1.0000000000000009              0.5999999999999871              0.8999999999999356              1.6666666666667000              1.6666666666667000
       0.27000000               1.0061683175871510              1.0000000000000004              0.5999999999999872              0.8999999999999357              1.6666666666667000              1.6666666666667000
       0.29000000               1.0133197398593783              1.0000000000000007              0.5999999999999878              0.8999999999999366              1.6666666666667000              1.6666666666667000
       0.31000000               1.0275022789665151              0.9999999999999996              0.5999999999999881              0.8999999999999372              1.6666666666667000              1.6666666666667000
       0.33000000               1.0541406893309930              0.9999999999999991              0.5999999999999888              0.8999999999999380              1.6666666666667000              1.6666666666667000
       0.35000000               1.1023942852407556              0.9999999999999994              0.5999999999999887              0.8999999999999378              1.6666666666667000              1.6666666666667000
       0.37000000               1.1838290623083922              0.9999999999999997              0.5999999999999884              0.8999999999999377              1.6666666666667000              1.6666666666667000
       0.39000000               1.3033552232138144              1.0000000000000009              0.5999999999999873              0.8999999999999360              1.6666666666667000              1.6666666666667000
       0.41000000               1.4541966251628748              1.0000000000000002              0.5999999999999882              0.8999999999999372              1.6666666666667000              1.6666666666667000
       0.43000000               1.6203963741990144              1.0000000000000000              0.5999999999999884              0.8999999999999376              1.6666666666667000              1.6666666666667000
       0.45000000               1.7799876164079569              1.0000000000000002              0.5999999999999885              0.8999999999999378              1.6666666666667000              1.6666666666667000
       0.47000000               1.9081898094377956              1.0000000000000007              0.5999999999999882              0.8999999999999372              1.6666666666667000              1.6666666666667000
       0.49000000               1.9806666595905784              0.9999999999999999              0.5999999999999885              0.8999999999999377              1.6666666666667000              1.6666666666667000
       0.51000000               1.9775854208141399              1.0000000000000011              0.5999999999999880              0.8999999999999369              1.6666666666667000              1.6666666666667000
       0.53000000               1.9013206393347442              1.0000000000000002              0.5999999999999880              0.8999999999999370              1.6666666666667000              1.6666666666667000
       0.55000000               1.7730112426198370              1.0000000000000002              0.5999999999999878              0.8999999999999366              1.6666666666667000              1.6666666666667000
       0.57000000               1.6159567876284788              1.0000000000000002              0.5999999999999884              0.8999999999999375              1.6666666666667000              1.6666666666667000
       0.59000000               1.4535621792506612              0.9999999999999997              0.5999999999999884              0.8999999999999375              1.6666666666667000              1.6666666666667000
       0.61000000               1.3060343978242557              0.9999999999999991              0.5999999999999892              0.8999999999999387              1.6666666666667000              1.6666666666667000
       0.63000000               1.1876037007476650              0.9999999999999998              0.5999999999999882              0.8999999999999372              1.6666666666667000              1.6666666666667000
       0.65000000               1.1046648479048584              0.9999999999999986              0.5999999999999898              0.8999999999999395              1.6666666666667000              1.6666666666667000
       0.67000000               1.0543622939267412              1.0000000000000013              0.5999999999999869              0.8999999999999352              1.6666666666667000              1.6666666666667000
       0.69000000               1.0268646435723761              1.0000000000000013              0.5999999999999869              0.8999999999999353              1.6666666666667000              1.6666666666667000
       0.71000000               1.0126334098184182              0.9999999999999993              0.5999999999999884              0.8999999999999376              1.6666666666667000              1.6666666666667000
       0.73000000               1.0056474592520699              1.0000000000000013              0.5999999999999864              0.8999999999999346              1.6666666666667000              1.6666666666667000
       0.75000000               1.0024142431606706              0.9999999999999980              0.5999999999999903              0.8999999999999404              1.6666666666667000              1.6666666666667000
       0.77000000               1.0009940481387452              1.0000000000000007              0.5999999999999873              0.8999999999999359              1.6666666666667000              1.6666666666667000
       0.79000000               1.0003961643637087              1.0000000000000004              0.5999999999999871              0.8999999999999355              1.6666666666667000              1.6666666666667000
       0.81000000               1.0001532407480216              1.0000000000000000              0.5999999999999877              0.8999999999999364              1.6666666666667000              1.6666666666667000
       0.83000000               1.0000576062438782              0.9999999999999998              0.5999999999999878              0.8999999999999366              1.6666666666667000              1.6666666666667000
       0.85000000               1.0000210680837849              1.0000000000000002              0.5999999999999879              0.8999999999999367              1.6666666666667000              1.6666666666667000
       0.87000000               1.0000075220350140              0.9999999999999984              0.5999999999999893              0.8999999999999388              1.6666666666667000              1.6666666666667000
       0.89000000               1.0000026497648475              0.9999999999999987              0.5999999999999897              0.8999999999999395              1.6666666666667000              1.6666666666667000
       0.91000000               1.0000009395650229              1.0000000000000002              0.5999999999999881              0.8999999999999370              1.6666666666667000              1.6666666666667000
       0.93000000               1.0000003372709063              0.9999999999999991              0.5999999999999892              0.8999999999999386              1.6666666666667000              1.6666666666667000
       0.95000000               1.0000001098714277              0.9999999999999987              0.5999999999999895              0.8999999999999392              1.6666666666667000              1.6666666666667000
       0.97000000               1.0000000134937117              0.9999999999999998              0.5999999999999885              0.8999999999999378              1.6666666666667000              1.6666666666667000
       0.99000000               0.9999999772023551              0.9999999999999991              0.5999999999999890              0.8999999999999385              1.6666666666667000              1.6666666666667000
